(50000L, 784L)
compiled score function
Old best loss:
garray(128.7638702392578)
Compiled loss functions
[164527, 194788, 197207, 197230, 197254, 197270, 197275, 197279, 197282, 197295, 197382, 197398, 197414, 197415, 197426, 197427, 197450, 197514, 197515, 197534, 197535, 197547, 197550, 197566, 197567, 197582, 197594, 197595, 197598, 197606, 197646, 197650, 197671, 197722, 197723, 197734, 197766, 197774, 197798, 197830, 197831, 197846, 197863, 197866, 197875, 197926, 197938, 197946, 197978, 197991]

0 0.0 128.800643921 [[ 0.41801041  0.53779494]] [ 0.00427968]
1 0.0 128.787231445 [[ 0.4179549   0.53772997]] [ 0.00428724]
2 0.0 128.760253906 [[ 0.41786844  0.53766908]] [ 0.00429594]
3 0.0 128.803497314 [[ 0.41777824  0.53759537]] [ 0.00430991]
4 0.0 128.819076538 [[ 0.41768193  0.53784607]] [ 0.00430825]
5 0.0 128.791015625 [[ 0.4177694   0.53767696]] [ 0.00430964]
6 0.0 128.775695801 [[ 0.41832149  0.53734232]] [ 0.00427736]
7 0.0 128.812194824 [[ 0.41824715  0.53746744]] [ 0.0042751]
8 0.0 128.731201172 [[ 0.41815699  0.53758916]] [ 0.0042757]
9 0.0 128.726852417 [[ 0.41815113  0.53731106]] [ 0.00429981]
10 0.0 128.755203247 [[ 0.41814881  0.53738851]] [ 0.00429092]
11 0.0 128.787689209 [[ 0.41818837  0.53724884]] [ 0.00430305]
12 0.0 128.754852295 [[ 0.4182023   0.53706138]] [ 0.00430987]
13 0.0 128.774932861 [[ 0.41811153  0.5371735 ]] [ 0.00431137]
14 0.0 128.792816162 [[ 0.41831743  0.53748903]] [ 0.0042687]
15 0.0 128.826080322 [[ 0.41804696  0.53756461]] [ 0.00428582]
16 0.0 128.80632019 [[ 0.41801422  0.53761989]] [ 0.0042862]
17 0.0 128.776779175 [[ 0.41784849  0.53765847]] [ 0.00429285]
18 0.0 128.778213501 [[ 0.4177306   0.53787669]] [ 0.0042886]
19 0.0 128.74105835 [[ 0.41777547  0.53780206]] [ 0.00428626]
20 0.0 128.8230896 [[ 0.41787648  0.53784043]] [ 0.0042794]
21 0.0 128.780975342 [[ 0.41782007  0.53773523]] [ 0.00429506]
22 0.0 128.81048584 [[ 0.41783003  0.53785085]] [ 0.00428478]
23 0.0 128.764831543 [[ 0.41787125  0.53794572]] [ 0.00426666]
24 0.0 128.746963501 [[ 0.41776464  0.53790246]] [ 0.00427998]
25 0.0 128.824630737 [[ 0.41777654  0.53777353]] [ 0.00428701]
26 0.0 128.809661865 [[ 0.41775438  0.53793174]] [ 0.00428531]
27 0.0 128.758773804 [[ 0.41759289  0.538044  ]] [ 0.00428652]
28 0.0 128.823898315 [[ 0.41749844  0.53804958]] [ 0.0042964]
29 0.0 128.757873535 [[ 0.41735157  0.53794437]] [ 0.00431042]
30 0.0 128.815429688 [[ 0.41752444  0.53785518]] [ 0.00430156]
31 0.0 128.79119873 [[ 0.41741015  0.53791407]] [ 0.00430838]
32 0.0 128.779464722 [[ 0.41743173  0.53796714]] [ 0.00430445]
33 0.0 128.788619995 [[ 0.41716399  0.53816409]] [ 0.00431308]
34 0.0 128.860733032 [[ 0.41715793  0.53821333]] [ 0.00428632]
35 0.0 128.805175781 [[ 0.41732846  0.53827249]] [ 0.00426711]
36 0.0 128.773910522 [[ 0.41741886  0.53838229]] [ 0.00425012]
37 0.0 128.781799316 [[ 0.41730988  0.53849513]] [ 0.00425516]
38 0.0 128.784576416 [[ 0.41720301  0.53864934]] [ 0.0042602]
39 0.0 128.830841064 [[ 0.41713953  0.53858247]] [ 0.00427491]
40 0.0 128.810058594 [[ 0.41720736  0.53854847]] [ 0.00427034]
41 0.0 128.773269653 [[ 0.41730637  0.53854597]] [ 0.0042587]
42 0.0 128.816802979 [[ 0.41722109  0.53880588]] [ 0.00425262]
43 0.0 128.778396606 [[ 0.41700215  0.53887012]] [ 0.00426845]
44 0.0 128.862243652 [[ 0.4170022   0.53891341]] [ 0.00426551]
45 0.0 128.791351318 [[ 0.41694596  0.53883729]] [ 0.00427644]
46 0.0 128.869674683 [[ 0.417081   0.5388328]] [ 0.00426073]
47 0.0 128.815032959 [[ 0.41697573  0.53917601]] [ 0.00424689]
48 0.0 128.811508179 [[ 0.41680411  0.53936591]] [ 0.00424922]
49 0.0 128.797103882 [[ 0.41668348  0.53933936]] [ 0.00426331]
50 0.0 128.829574585 [[ 0.41668328  0.53925202]] [ 0.00427377]
51 0.0 128.845489502 [[ 0.41670022  0.53922467]] [ 0.00427151]
52 0.0 128.852172852 [[ 0.41677196  0.53917649]] [ 0.0042694]
53 0.0 128.787948608 [[ 0.41659177  0.53907267]] [ 0.00428496]
54 0.0 128.80267334 [[ 0.4166852   0.53895244]] [ 0.00428055]
55 0.0 128.821929932 [[ 0.41690319  0.53881979]] [ 0.00426792]
56 0.0 128.841720581 [[ 0.41696512  0.53850713]] [ 0.00428295]
57 0.0 128.866897583 [[ 0.41702746  0.5386305 ]] [ 0.00426985]
58 0.0 128.80859375 [[ 0.41680122  0.53874621]] [ 0.00428262]
59 0.0 128.800292969 [[ 0.41674436  0.53883639]] [ 0.00427924]
60 0.0 128.822860718 [[ 0.41662897  0.5388732 ]] [ 0.00429091]
61 0.0 128.804855347 [[ 0.41667628  0.53903173]] [ 0.00427107]
62 0.0 128.794189453 [[ 0.41665932  0.53918311]] [ 0.00426623]
63 0.0 128.8306427 [[ 0.41680532  0.5391263 ]] [ 0.00425228]
64 0.0 128.856536865 [[ 0.41674193  0.53889706]] [ 0.00427698]
65 0.0 128.820388794 [[ 0.41676329  0.53895623]] [ 0.00426616]
66 0.0 128.839889526 [[ 0.41675537  0.53889122]] [ 0.00427122]
67 0.0 128.937179565 [[ 0.41664467  0.53957122]] [ 0.00423364]
68 0.0 128.849212646 [[ 0.41658311  0.53996498]] [ 0.00421928]
69 0.0 128.882781982 [[ 0.41665912  0.53968897]] [ 0.00422449]
70 0.0 128.828292847 [[ 0.41680182  0.53995607]] [ 0.00419587]
71 0.0 128.781402588 [[ 0.41641422  0.53960779]] [ 0.00425632]
72 0.0 128.791732788 [[ 0.4163726   0.53967131]] [ 0.00425749]
73 0.0 128.811309814 [[ 0.41648536  0.53966884]] [ 0.00424651]
74 0.0 128.833786011 [[ 0.41592595  0.53976547]] [ 0.00429195]
75 0.0 128.7681427 [[ 0.41599676  0.53992591]] [ 0.00427599]
76 0.0 128.897445679 [[ 0.41588113  0.54046381]] [ 0.00424401]
77 0.0 128.849563599 [[ 0.41582142  0.54068478]] [ 0.00424062]
78 0.0 128.838394165 [[ 0.41581217  0.54043965]] [ 0.0042543]
79 0.0 128.796676636 [[ 0.41586308  0.54057174]] [ 0.00423392]
80 0.0 128.742874146 [[ 0.41576347  0.54029442]] [ 0.00426635]
81 0.0 128.807678223 [[ 0.4157883   0.54042348]] [ 0.00425605]
82 0.0 128.798553467 [[ 0.41579596  0.5403141 ]] [ 0.00425856]
83 0.0 128.791030884 [[ 0.41585522  0.54030988]] [ 0.00424997]
84 0.0 128.783111572 [[ 0.41590331  0.54013024]] [ 0.0042539]
85 0.0 128.797088623 [[ 0.41585983  0.54020774]] [ 0.00425249]
86 0.0 128.839172363 [[ 0.41568619  0.54036083]] [ 0.00425737]
87 0.0 128.83480835 [[ 0.41571257  0.54041495]] [ 0.00424813]
88 0.0 128.789031982 [[ 0.41560052  0.5406116 ]] [ 0.00424125]
89 0.0 128.757476807 [[ 0.41551672  0.54060573]] [ 0.00425039]
90 0.0 128.74647522 [[ 0.41551538  0.54039829]] [ 0.00426384]
91 0.0 128.754760742 [[ 0.41556237  0.5403742 ]] [ 0.00425981]
92 0.0 128.792709351 [[ 0.41569855  0.54046568]] [ 0.00424392]
93 0.0 128.816299438 [[ 0.41560626  0.54029517]] [ 0.00426567]
94 0.0 128.789901733 [[ 0.4157265   0.54018037]] [ 0.00426164]
95 0.0 128.746871948 [[ 0.41547123  0.54031487]] [ 0.0042768]
96 0.0 128.81489563 [[ 0.41557015  0.54022368]] [ 0.00427024]
97 0.0 128.788497925 [[ 0.41555147  0.54036785]] [ 0.0042582]
98 0.0 128.786117554 [[ 0.41559497  0.5402268 ]] [ 0.00426633]
99 0.0 128.761489868 [[ 0.41544859  0.54021852]] [ 0.00427704]
100 0.0 128.770172119 [[ 0.4155037   0.54022255]] [ 0.00427337]
101 0.0 128.763061523 [[ 0.41548559  0.54025179]] [ 0.00426919]
102 0.0 128.778549194 [[ 0.41544191  0.54006933]] [ 0.00428369]
103 0.0 128.782730103 [[ 0.41547338  0.54012284]] [ 0.00427914]
104 0.0 128.830368042 [[ 0.41533109  0.54029497]] [ 0.00427919]
105 0.0 128.805603027 [[ 0.41542299  0.5404115 ]] [ 0.00426215]
106 0.0 128.847839355 [[ 0.41549074  0.54049548]] [ 0.00425262]
107 0.0 128.769378662 [[ 0.41564486  0.54070808]] [ 0.00422267]
108 0.0 128.79460144 [[ 0.41544434  0.54039816]] [ 0.00426135]
109 0.0 128.816650391 [[ 0.41560054  0.54068929]] [ 0.00423058]
110 0.0 128.816162109 [[ 0.41538226  0.54028728]] [ 0.00426845]
111 0.0 128.761611938 [[ 0.41562152  0.54009377]] [ 0.00425985]
112 0.0 128.814697266 [[ 0.41567454  0.53986557]] [ 0.0042675]
113 0.0 128.806930542 [[ 0.41573111  0.53980601]] [ 0.00426039]
114 0.0 128.798950195 [[ 0.41575869  0.5398583 ]] [ 0.00425874]
115 0.0 128.817672729 [[ 0.41584377  0.53940581]] [ 0.00427438]
116 0.0 128.774017334 [[ 0.41593147  0.53926047]] [ 0.00427617]
117 0.0 128.786560059 [[ 0.41583693  0.53913173]] [ 0.0042897]
118 0.0 128.844161987 [[ 0.41586777  0.53947738]] [ 0.00426314]
119 0.0 128.797622681 [[ 0.41575487  0.53956054]] [ 0.00426825]
120 0.0 128.784973145 [[ 0.41573131  0.53954893]] [ 0.00427318]
121 0.0 128.797180176 [[ 0.41543876  0.53949192]] [ 0.0042983]
122 0.0 128.82144165 [[ 0.4154484  0.5398694]] [ 0.00427439]
123 0.0 128.801422119 [[ 0.4156819  0.539851 ]] [ 0.00425129]
124 0.0 128.792419434 [[ 0.41568244  0.53956215]] [ 0.00427438]
125 0.0 128.77180481 [[ 0.41559883  0.53953054]] [ 0.00428288]
126 0.0 128.785629272 [[ 0.41570214  0.53965269]] [ 0.0042623]
127 0.0 128.789199829 [[ 0.41560691  0.53957199]] [ 0.00427361]
128 0.0 128.823730469 [[ 0.41548294  0.54008301]] [ 0.00424805]
129 0.0 128.802139282 [[ 0.41554377  0.53994966]] [ 0.00424858]
130 0.0 128.751968384 [[ 0.41545746  0.53980682]] [ 0.00426451]
131 0.0 128.787384033 [[ 0.41536476  0.53987851]] [ 0.004266]
132 0.0 128.766067505 [[ 0.4152121   0.53972848]] [ 0.00428279]
133 0.0 128.779632568 [[ 0.41528831  0.53963217]] [ 0.00428326]
134 0.0 128.755996704 [[ 0.41539202  0.53978175]] [ 0.00426319]
135 0.0 128.801010132 [[ 0.41513274  0.53977969]] [ 0.00428713]
136 0.0 128.790481567 [[ 0.41520906  0.53987725]] [ 0.0042642]
137 0.0 128.75920105 [[ 0.41516224  0.53979005]] [ 0.00427972]
138 0.0 128.805603027 [[ 0.41535352  0.53977783]] [ 0.00425931]
139 0.0 128.763961792 [[ 0.41542641  0.53977673]] [ 0.0042526]
140 0.0 128.755523682 [[ 0.41526633  0.53971094]] [ 0.00426548]
141 0.0 128.798339844 [[ 0.41558365  0.53955649]] [ 0.00424582]
142 0.0 128.833206177 [[ 0.41562165  0.53938703]] [ 0.004254]
143 0.0 128.859237671 [[ 0.4154247   0.53934273]] [ 0.0042692]
144 0.0 128.782623291 [[ 0.41550563  0.53914641]] [ 0.00427189]
145 0.0 128.769210815 [[ 0.4155699   0.53925629]] [ 0.00426014]
146 0.0 128.780380249 [[ 0.41549978  0.53928995]] [ 0.00426513]
147 0.0 128.830703735 [[ 0.41537218  0.53926822]] [ 0.00427547]
148 0.0 128.755767822 [[ 0.41549344  0.53928622]] [ 0.00426156]
149 0.0 128.770233154 [[ 0.41560136  0.53920448]] [ 0.00426458]
150 0.0 128.736022949 [[ 0.41556628  0.53882351]] [ 0.0042856]
151 0.0 128.7396698 [[ 0.41580967  0.53892151]] [ 0.00425766]
152 0.0 128.755783081 [[ 0.41577641  0.53868697]] [ 0.00427487]
153 0.0 128.774932861 [[ 0.41565358  0.53876182]] [ 0.00428216]
154 0.0 128.747329712 [[ 0.41578201  0.53865769]] [ 0.00427411]
155 0.0 128.759231567 [[ 0.41580288  0.5387483 ]] [ 0.00426196]
156 0.0 128.772460938 [[ 0.41568183  0.53858603]] [ 0.00429101]
157 0.0 128.767181396 [[ 0.41575039  0.53902303]] [ 0.0042534]
158 0.0 128.714019775 [[ 0.41563421  0.53913998]] [ 0.00424544]
159 0.0 128.726531982 [[ 0.41558565  0.53906984]] [ 0.0042532]
160 0.0 128.717163086 [[ 0.41558707  0.53896012]] [ 0.00425965]
161 0.0 128.737213135 [[ 0.4155623   0.53886645]] [ 0.00427145]
162 0.0 128.732192993 [[ 0.41566723  0.53892652]] [ 0.00425736]
163 0.0 128.934585571 [[ 0.41530371  0.53916267]] [ 0.00426984]
164 0.0 128.801223755 [[ 0.41520354  0.53953781]] [ 0.00425153]
165 0.0 128.782623291 [[ 0.41530861  0.5395481 ]] [ 0.00424071]
166 0.0 128.794250488 [[ 0.41521611  0.53957087]] [ 0.00425152]
167 0.0 128.749130249 [[ 0.41484334  0.53960557]] [ 0.00428189]
168 0.0 128.762802124 [[ 0.41485531  0.53980218]] [ 0.00426632]
169 0.0 128.742172241 [[ 0.41486453  0.53966205]] [ 0.00427147]
170 0.0 128.765167236 [[ 0.41481367  0.5395929 ]] [ 0.00428077]
171 0.0 128.756790161 [[ 0.4148088  0.5394414]] [ 0.0042902]
172 0.0 128.785354614 [[ 0.41496803  0.53967434]] [ 0.00426289]
173 0.0 128.729110718 [[ 0.41498144  0.53970998]] [ 0.00425634]
174 0.0 128.741394043 [[ 0.41494525  0.53948098]] [ 0.00427432]
175 0.0 128.805740356 [[ 0.41503747  0.53925858]] [ 0.0042784]
176 0.0 128.766891479 [[ 0.41518639  0.53928355]] [ 0.00426252]
177 0.0 128.787536621 [[ 0.41528079  0.53925613]] [ 0.00425172]
178 0.0 128.768676758 [[ 0.41514578  0.53920015]] [ 0.00426672]
179 0.0 128.737670898 [[ 0.41518637  0.53919279]] [ 0.00426098]
180 0.0 128.770233154 [[ 0.4150483  0.5390736]] [ 0.00427981]
181 0.0 128.777511597 [[ 0.41501941  0.53882689]] [ 0.0042976]
182 0.0 128.740234375 [[ 0.41527507  0.53880518]] [ 0.00427162]
183 0.0 128.764984131 [[ 0.41515677  0.53878318]] [ 0.00428847]
184 0.0 128.792572021 [[ 0.41518355  0.53871314]] [ 0.00428432]
185 0.0 128.766860962 [[ 0.41526727  0.53869465]] [ 0.0042806]
186 0.0 128.76751709 [[ 0.41526732  0.53865708]] [ 0.00428226]
187 0.0 128.756637573 [[ 0.41538865  0.53869086]] [ 0.00427264]
188 0.0 128.779022217 [[ 0.41522658  0.53858382]] [ 0.00428354]
189 0.0 128.79095459 [[ 0.41521968  0.53861788]] [ 0.00428364]
190 0.0 128.800598145 [[ 0.41537322  0.5386279 ]] [ 0.00426863]
191 0.0 128.785171509 [[ 0.41558605  0.53855522]] [ 0.00425007]
192 0.0 128.798233032 [[ 0.41544877  0.53842468]] [ 0.00427008]
193 0.0 128.809631348 [[ 0.4154929   0.53841781]] [ 0.00425889]
194 0.0 128.761703491 [[ 0.41542376  0.53832475]] [ 0.00427289]
195 0.0 128.750839233 [[ 0.41557163  0.5381698 ]] [ 0.00427046]
196 0.0 128.761703491 [[ 0.41529856  0.53827508]] [ 0.00429096]
197 0.0 128.790435791 [[ 0.41544741  0.53835787]] [ 0.0042744]
198 0.0 128.722640991 [[ 0.41551145  0.53845764]] [ 0.00425672]
199 0.0 128.75567627 [[ 0.41556968  0.53856767]] [ 0.00424455]
200 0.0 128.705841064 [[ 0.41537676  0.53850938]] [ 0.00426235]
201 0.0 128.751663208 [[ 0.41540026  0.53839442]] [ 0.00426116]
202 0.0 128.806854248 [[ 0.41546902  0.53822475]] [ 0.00426714]
203 0.0 128.710144043 [[ 0.41553901  0.53819648]] [ 0.00426684]
204 0.0 128.741577148 [[ 0.41558226  0.53820136]] [ 0.00425679]
205 0.0 128.764541626 [[ 0.41561384  0.53821865]] [ 0.00425076]
206 0.0 128.776641846 [[ 0.41598185  0.53777308]] [ 0.00424238]
207 0.0 128.778366089 [[ 0.41605198  0.53767516]] [ 0.00423936]
208 0.0 128.762802124 [[ 0.41598964  0.53802691]] [ 0.0042249]
209 0.0 128.760879517 [[ 0.41575448  0.53802781]] [ 0.00424777]
210 0.0 128.754623413 [[ 0.41566067  0.53809419]] [ 0.00425121]
211 0.0 128.787841797 [[ 0.41559338  0.53793539]] [ 0.0042636]
212 0.0 128.800842285 [[ 0.41538172  0.53809176]] [ 0.00427505]
213 0.0 128.738983154 [[ 0.41581916  0.53809814]] [ 0.00422928]
214 0.0 128.774505615 [[ 0.41564085  0.53834997]] [ 0.00422799]
215 0.0 128.760482788 [[ 0.41569451  0.53851779]] [ 0.00420863]
216 0.0 128.733551025 [[ 0.41551972  0.53834988]] [ 0.00423906]
217 0.0 128.7265625 [[ 0.41534943  0.5383099 ]] [ 0.00425537]
218 0.0 128.768722534 [[ 0.41527658  0.53850376]] [ 0.00424489]
219 0.0 128.795028687 [[ 0.41525287  0.53864324]] [ 0.00424202]
220 0.0 128.776855469 [[ 0.41501589  0.5387203 ]] [ 0.00425737]
221 0.0 128.762390137 [[ 0.41497379  0.5387116 ]] [ 0.00425724]
222 0.0 128.783172607 [[ 0.41512745  0.53887712]] [ 0.0042293]
223 0.0 128.721862793 [[ 0.41494587  0.53857233]] [ 0.00427003]
224 0.0 128.727737427 [[ 0.41491693  0.53843947]] [ 0.0042778]
225 0.0 128.708297729 [[ 0.41490343  0.53850046]] [ 0.00426911]
226 0.0 128.776611328 [[ 0.41498992  0.53849985]] [ 0.00426424]
227 0.0 128.74659729 [[ 0.41518632  0.53844673]] [ 0.00425236]
228 0.0 128.737365723 [[ 0.41532534  0.53838797]] [ 0.00424325]
229 0.0 128.780014038 [[ 0.41567486  0.53841319]] [ 0.00420828]
230 0.0 128.797195435 [[ 0.41538454  0.53835414]] [ 0.00423586]
231 0.0 128.795501709 [[ 0.41539447  0.5381432 ]] [ 0.00425068]
232 0.0 128.809616089 [[ 0.41545248  0.53794966]] [ 0.00424937]
233 0.0 128.784744263 [[ 0.41548146  0.53805561]] [ 0.00423987]
234 0.0 128.778411865 [[ 0.4154453   0.53783427]] [ 0.00426046]
235 0.0 128.730361938 [[ 0.41536463  0.5377827 ]] [ 0.00426636]
236 0.0 128.812255859 [[ 0.41505013  0.53845366]] [ 0.00424633]
237 0.0 128.737319946 [[ 0.41489468  0.53853403]] [ 0.00425558]
238 0.0 128.764480591 [[ 0.41493536  0.53837285]] [ 0.00425816]
239 0.0 128.719161987 [[ 0.4150511   0.53805115]] [ 0.00426874]
240 0.0 128.82182312 [[ 0.41524537  0.53806087]] [ 0.00424814]
241 0.0 128.804260254 [[ 0.41518817  0.53811145]] [ 0.00424663]
242 0.0 128.775695801 [[ 0.41504555  0.5380685 ]] [ 0.00426276]
243 0.0 128.805267334 [[ 0.41488832  0.53814067]] [ 0.00427317]
244 0.0 128.804321289 [[ 0.41501834  0.53803736]] [ 0.00426446]
245 0.0 128.806930542 [[ 0.4152025   0.53783687]] [ 0.00425993]
246 0.0 128.796569824 [[ 0.41522042  0.5374825 ]] [ 0.00427954]
247 0.0 128.813934326 [[ 0.41522116  0.53756474]] [ 0.00427649]
248 0.0 128.785232544 [[ 0.41525945  0.53745892]] [ 0.00427993]
249 0.0 128.764953613 [[ 0.41533247  0.537365  ]] [ 0.00427307]
250 0.0 128.782684326 [[ 0.4153601   0.53737663]] [ 0.00426711]
251 0.0 128.806716919 [[ 0.41535716  0.53725403]] [ 0.00427188]
252 0.0 128.820922852 [[ 0.41550902  0.53732045]] [ 0.0042558]
253 0.0 128.717895508 [[ 0.41557178  0.53716056]] [ 0.00426037]
254 0.0 128.803771973 [[ 0.41567645  0.53728166]] [ 0.00424237]
255 0.0 128.724197388 [[ 0.41551122  0.53708536]] [ 0.00426487]
256 0.0 128.747756958 [[ 0.41543141  0.53717795]] [ 0.00426486]
257 0.0 128.799911499 [[ 0.41544894  0.5370804 ]] [ 0.00426944]
258 0.0 128.823989868 [[ 0.41551697  0.53720078]] [ 0.00425538]
259 0.0 128.761520386 [[ 0.41555216  0.53707857]] [ 0.00425459]
260 0.0 128.761856079 [[ 0.41545746  0.53715083]] [ 0.0042591]
261 0.0 128.771392822 [[ 0.41546491  0.53723626]] [ 0.00425431]
262 0.0 128.74659729 [[ 0.41545107  0.53735171]] [ 0.00424405]
263 0.0 128.767150879 [[ 0.41531747  0.53720644]] [ 0.00426701]
264 0.0 128.804260254 [[ 0.41539219  0.53720324]] [ 0.00425878]
265 0.0 128.782897949 [[ 0.41541635  0.53733659]] [ 0.00424046]
266 0.0 128.737350464 [[ 0.41541608  0.53721387]] [ 0.00425513]
267 0.0 128.726150513 [[ 0.4155034   0.53698709]] [ 0.00425642]
268 0.0 128.742935181 [[ 0.41542051  0.53677172]] [ 0.0042797]
269 0.0 128.781234741 [[ 0.41547487  0.5367875 ]] [ 0.00427809]
270 0.0 128.780578613 [[ 0.41563126  0.53665464]] [ 0.00427037]
271 0.0 128.782852173 [[ 0.41565509  0.5365891 ]] [ 0.00426812]
272 0.0 128.768600464 [[ 0.41567888  0.53662937]] [ 0.0042638]
273 0.0 128.75050354 [[ 0.41547722  0.53678427]] [ 0.00427347]
274 0.0 128.800918579 [[ 0.41552173  0.53676977]] [ 0.00426916]
275 0.0 128.746551514 [[ 0.41541309  0.53688004]] [ 0.00426987]
276 0.0 128.770812988 [[ 0.4153454   0.53705908]] [ 0.00426579]
277 0.0 128.821304321 [[ 0.4153249   0.53690967]] [ 0.00426579]
278 0.0 128.789260864 [[ 0.41525965  0.53682365]] [ 0.00427483]
279 0.0 128.763763428 [[ 0.41533198  0.53707988]] [ 0.0042485]
280 0.0 128.752761841 [[ 0.41546608  0.53721371]] [ 0.00422485]
281 0.0 128.778503418 [[ 0.41531262  0.53711753]] [ 0.00424736]
282 0.0 128.755462646 [[ 0.41555212  0.53639324]] [ 0.00427413]
283 0.0 128.710266113 [[ 0.41575886  0.53634049]] [ 0.00425498]
284 0.0 128.796508789 [[ 0.41579306  0.53626556]] [ 0.00425956]
285 0.0 128.747192383 [[ 0.41562549  0.53599537]] [ 0.00428794]
286 0.0 128.724136353 [[ 0.41571508  0.53620934]] [ 0.00426342]
287 0.0 128.801620483 [[ 0.41618631  0.53625316]] [ 0.00421816]
288 0.0 128.741256714 [[ 0.41608147  0.53600531]] [ 0.00423726]
289 0.0 128.735855103 [[ 0.41604263  0.53573816]] [ 0.00425878]
290 0.0 128.764480591 [[ 0.41614121  0.53579427]] [ 0.00424547]
291 0.0 128.718536377 [[ 0.41627046  0.53578849]] [ 0.00423392]
292 0.0 128.743362427 [[ 0.41603365  0.53584205]] [ 0.00424676]
293 0.0 128.795715332 [[ 0.41591962  0.53595154]] [ 0.00425373]
294 0.0 128.733856201 [[ 0.41582288  0.53562855]] [ 0.0042804]
295 0.0 128.778289795 [[ 0.41582622  0.5355571 ]] [ 0.00428204]
296 0.0 128.731201172 [[ 0.41585854  0.5356357 ]] [ 0.00427313]
297 0.0 128.744628906 [[ 0.41598029  0.53547089]] [ 0.00427014]
298 0.0 128.767028809 [[ 0.41605004  0.53568222]] [ 0.0042504]
299 0.0 128.737426758 [[ 0.41600105  0.53573149]] [ 0.00425333]
300 0.0 128.738983154 [[ 0.41593708  0.53550086]] [ 0.00426496]
301 0.0 128.764572144 [[ 0.41595934  0.5357609 ]] [ 0.00424631]
302 0.0 128.790344238 [[ 0.41577068  0.53582362]] [ 0.00425858]
303 0.0 128.777923584 [[ 0.41577814  0.53587025]] [ 0.00424997]
304 0.0 128.787582397 [[ 0.41567925  0.53599646]] [ 0.00424905]
305 0.0 128.742599487 [[ 0.41550152  0.53608289]] [ 0.00425323]
306 0.0 128.7940979 [[ 0.41548794  0.53619119]] [ 0.00425438]
307 0.0 128.73991394 [[ 0.41549404  0.53577191]] [ 0.00427652]
308 0.0 128.807022095 [[ 0.41562103  0.53594854]] [ 0.00425742]
309 0.0 128.799163818 [[ 0.41567766  0.53569675]] [ 0.00426506]
310 0.0 128.762405396 [[ 0.41556306  0.53568602]] [ 0.00427104]
311 0.0 128.761077881 [[ 0.41560936  0.5356765 ]] [ 0.00426451]
312 0.0 128.707061768 [[ 0.41558902  0.53544386]] [ 0.00427912]
313 0.0 128.769241333 [[ 0.41562165  0.53546067]] [ 0.0042718]
314 0.0 128.78163147 [[ 0.41568638  0.5357852 ]] [ 0.00424878]
315 0.0 128.762969971 [[ 0.41552864  0.53592832]] [ 0.00424761]
316 0.0 128.785522461 [[ 0.41550845  0.53598898]] [ 0.00424893]
317 0.0 128.889678955 [[ 0.41563081  0.53599033]] [ 0.00423091]
318 0.0 128.743164062 [[ 0.41553995  0.53613526]] [ 0.00423332]
319 0.0 128.736831665 [[ 0.41547695  0.53607816]] [ 0.00424638]
320 0.0 128.764801025 [[ 0.41552668  0.53616137]] [ 0.00423906]
321 0.0 128.752761841 [[ 0.41543094  0.53600457]] [ 0.00425057]
322 0.0 128.768920898 [[ 0.41544518  0.5358714 ]] [ 0.00425769]
323 0.0 128.803909302 [[ 0.4154589   0.53605748]] [ 0.00424178]
324 0.0 128.763153076 [[ 0.41537228  0.53586469]] [ 0.00425247]
325 0.0 128.779174805 [[ 0.41526143  0.53599013]] [ 0.00425692]
326 0.0 128.735794067 [[ 0.4153677   0.53590992]] [ 0.00425374]
327 0.0 128.787139893 [[ 0.41514529  0.53610954]] [ 0.0042551]
328 0.0 128.774551392 [[ 0.41514363  0.53641821]] [ 0.00423727]
329 0.0 128.765319824 [[ 0.4150296   0.53641175]] [ 0.00424179]
330 0.0 128.791732788 [[ 0.41489717  0.53638215]] [ 0.00425688]
331 0.0 128.784301758 [[ 0.41486077  0.53634103]] [ 0.00426173]
332 0.0 128.824493408 [[ 0.4147863   0.53631287]] [ 0.00427063]
333 0.0 128.765792847 [[ 0.41492094  0.536211  ]] [ 0.00426314]
334 0.0 128.785934448 [[ 0.41503957  0.53622816]] [ 0.00424604]
335 0.0 128.77507019 [[ 0.41483305  0.53616105]] [ 0.00426642]
336 0.0 128.739334106 [[ 0.4148537   0.53606911]] [ 0.00426894]
337 0.0 128.777313232 [[ 0.41487514  0.53622327]] [ 0.0042547]
338 0.0 128.760864258 [[ 0.41489426  0.53636421]] [ 0.00424662]
339 0.0 128.774230957 [[ 0.414902    0.53616134]] [ 0.00425503]
340 0.0 128.732223511 [[ 0.41502334  0.53609918]] [ 0.00425028]
341 0.0 128.805603027 [[ 0.41483476  0.53619282]] [ 0.00425885]
342 0.0 128.821121216 [[ 0.41464565  0.53616913]] [ 0.00427414]
343 0.0 128.751052856 [[ 0.41454557  0.53634372]] [ 0.00427486]
344 0.0 128.75479126 [[ 0.41463782  0.53627413]] [ 0.00426542]
345 0.0 128.789932251 [[ 0.41450156  0.53652795]] [ 0.00426306]
346 0.0 128.795944214 [[ 0.41433221  0.53672956]] [ 0.00426248]
347 0.0 128.793136597 [[ 0.41439979  0.53676277]] [ 0.0042511]
348 0.0 128.787139893 [[ 0.41440922  0.53663733]] [ 0.0042584]
349 0.0 128.771652222 [[ 0.41444324  0.53644897]] [ 0.00426835]
350 0.0 128.796218872 [[ 0.4143452   0.53638269]] [ 0.00427349]
351 0.0 128.782943726 [[ 0.41422453  0.53656054]] [ 0.00427007]
352 0.0 128.809082031 [[ 0.41409036  0.53681981]] [ 0.00426321]
353 0.0 128.714782715 [[ 0.41394997  0.53692001]] [ 0.00426954]
354 0.0 128.760604858 [[ 0.41397027  0.53671561]] [ 0.00428319]
355 0.0 128.740219116 [[ 0.41408478  0.53688816]] [ 0.0042601]
356 0.0 128.769744873 [[ 0.41415659  0.5368009 ]] [ 0.00425422]
357 0.0 128.705780029 [[ 0.4140582   0.53694874]] [ 0.00425059]
358 0.0 128.737075806 [[ 0.41379668  0.53699976]] [ 0.00427277]
359 0.0 128.789794922 [[ 0.41382119  0.53715643]] [ 0.00425737]
360 0.0 128.799713135 [[ 0.41384847  0.53688372]] [ 0.00427163]
361 0.0 128.787887573 [[ 0.41398661  0.53708882]] [ 0.00424698]
362 0.0 128.773773193 [[ 0.41412383  0.53711155]] [ 0.00422981]
363 0.0 128.704803467 [[ 0.41398204  0.53703929]] [ 0.00424657]
364 0.0 128.752929688 [[ 0.41376955  0.53696817]] [ 0.00426574]
365 0.0 128.762710571 [[ 0.41353064  0.53760595]] [ 0.00424799]
366 0.0 128.761749268 [[ 0.41352016  0.53762335]] [ 0.0042432]
367 0.0 128.776260376 [[ 0.41341446  0.53747183]] [ 0.00426583]
368 0.0 128.776123047 [[ 0.4135915   0.53750213]] [ 0.00424484]
369 0.0 128.744155884 [[ 0.41362867  0.5374502 ]] [ 0.00424183]
370 0.0 128.746612549 [[ 0.41356675  0.53723927]] [ 0.00425774]
371 0.0 128.7368927 [[ 0.41354215  0.53732615]] [ 0.00425809]
372 0.0 128.704879761 [[ 0.41366437  0.53727331]] [ 0.0042468]
373 0.0 128.781677246 [[ 0.41359115  0.53730328]] [ 0.00425141]
374 0.0 128.776870728 [[ 0.41358718  0.53720632]] [ 0.0042628]
375 0.0 128.76260376 [[ 0.41366124  0.53712022]] [ 0.00426388]
376 0.0 128.756973267 [[ 0.41380743  0.53682433]] [ 0.00426525]
377 0.0 128.863296509 [[ 0.41359867  0.53684253]] [ 0.00427458]
378 0.0 128.772659302 [[ 0.41386665  0.53694644]] [ 0.00424746]
379 0.0 128.807342529 [[ 0.41385259  0.53677198]] [ 0.00426198]
380 0.0 128.773040771 [[ 0.41387001  0.53677691]] [ 0.00425095]
381 0.0 128.797943115 [[ 0.41381515  0.53692663]] [ 0.00425098]
382 0.0 128.813796997 [[ 0.413813    0.53700156]] [ 0.00423948]
383 0.0 128.797683716 [[ 0.41380097  0.53662128]] [ 0.00426847]
384 0.0 128.730789185 [[ 0.41394982  0.53683629]] [ 0.00423149]
385 0.0 128.792800903 [[ 0.41400107  0.53673061]] [ 0.00423716]
386 0.0 128.753250122 [[ 0.41413812  0.5365829 ]] [ 0.00423046]
387 0.0 128.783721924 [[ 0.41403421  0.53632006]] [ 0.00425412]
388 0.0 128.772140503 [[ 0.41420166  0.53635628]] [ 0.0042341]
389 0.0 128.744934082 [[ 0.41401674  0.53631993]] [ 0.00425847]
390 0.0 128.729400635 [[ 0.41392036  0.536345  ]] [ 0.00426082]
391 0.0 128.712493896 [[ 0.41383469  0.5363817 ]] [ 0.00426401]
392 0.0 128.705093384 [[ 0.41379135  0.53667393]] [ 0.00424223]
393 0.0 128.809951782 [[ 0.41390203  0.53689591]] [ 0.00421869]
394 0.0 128.695007324 [[ 0.41363111  0.53683108]] [ 0.00423908]
395 0.0 128.813522339 [[ 0.41346912  0.5368656 ]] [ 0.0042511]
396 0.0 128.700134277 [[ 0.41333571  0.53671747]] [ 0.00426688]
397 0.0 128.759780884 [[ 0.41344891  0.53672527]] [ 0.00425382]
398 0.0 128.755630493 [[ 0.41350039  0.53690276]] [ 0.00423528]
399 0.0 128.717376709 [[ 0.41353421  0.5368425 ]] [ 0.00423393]
400 0.0 128.829879761 [[ 0.41332906  0.53706666]] [ 0.0042454]
401 0.0 128.772628784 [[ 0.41330075  0.53692362]] [ 0.00425213]
402 0.0 128.735092163 [[ 0.41333682  0.5369675 ]] [ 0.00424457]
403 0.0 128.836303711 [[ 0.41322107  0.53675985]] [ 0.00426216]
404 0.0 128.765075684 [[ 0.41329346  0.53669821]] [ 0.0042573]
405 0.0 128.737457275 [[ 0.41322826  0.53666558]] [ 0.00426581]
406 0.0 128.69342041 [[ 0.41328223  0.5367716 ]] [ 0.00425347]
407 0.0 128.732498169 [[ 0.41326538  0.53664191]] [ 0.00426184]
408 0.0 128.768569946 [[ 0.41335932  0.53656473]] [ 0.00425863]
409 0.0 128.741622925 [[ 0.41326075  0.53697646]] [ 0.00423867]
410 0.0 128.742492676 [[ 0.41315371  0.53697848]] [ 0.00424518]
411 0.0 128.777709961 [[ 0.41317147  0.53665067]] [ 0.00426708]
412 0.0 128.726242065 [[ 0.41333111  0.53668125]] [ 0.00424568]
413 0.0 128.769073486 [[ 0.41331093  0.53667482]] [ 0.00424751]
414 0.0 128.82723999 [[ 0.41313054  0.53672444]] [ 0.00426885]
415 0.0 128.789123535 [[ 0.41336291  0.53669472]] [ 0.00424063]
416 0.0 128.749832153 [[ 0.41321962  0.53692001]] [ 0.00423414]
417 0.0 128.75227356 [[ 0.41311902  0.53674146]] [ 0.00425814]
418 0.0 128.71005249 [[ 0.41299143  0.53656937]] [ 0.00427649]
419 0.0 128.749252319 [[ 0.41310311  0.53650771]] [ 0.00426769]
420 0.0 128.74887085 [[ 0.41332941  0.53648683]] [ 0.00424954]
421 0.0 128.754135132 [[ 0.41339009  0.5362305 ]] [ 0.00425381]
422 0.0 128.750457764 [[ 0.41342917  0.53620349]] [ 0.00425417]
423 0.0 128.723129272 [[ 0.41365498  0.53609468]] [ 0.00423581]
424 0.0 128.720550537 [[ 0.41361267  0.53582062]] [ 0.00425391]
425 0.0 128.765457153 [[ 0.41353862  0.53614795]] [ 0.00423856]
426 0.0 128.735229492 [[ 0.4134292   0.53608043]] [ 0.00425208]
427 0.0 128.736114502 [[ 0.41355198  0.535941  ]] [ 0.00424382]
428 0.0 128.791854858 [[ 0.41364181  0.53576351]] [ 0.00424395]
429 0.0 128.737594604 [[ 0.41367559  0.53554395]] [ 0.00425358]
430 0.0 128.708084106 [[ 0.41363476  0.53536286]] [ 0.0042655]
431 0.0 128.723999023 [[ 0.41363299  0.53576409]] [ 0.00424278]
432 0.0 128.78704834 [[ 0.41365062  0.53592001]] [ 0.00423301]
433 0.0 128.758499146 [[ 0.41354395  0.53589494]] [ 0.00423433]
434 0.0 128.779281616 [[ 0.41340487  0.53609567]] [ 0.00423815]
435 0.0 128.709564209 [[ 0.41341687  0.53567829]] [ 0.00425891]
436 0.0 128.775177002 [[ 0.41350606  0.53571974]] [ 0.00424572]
437 0.0 128.8228302 [[ 0.4136431  0.535831 ]] [ 0.00422339]
438 0.0 128.741897583 [[ 0.41362978  0.53585287]] [ 0.00422163]
439 0.0 128.752716064 [[ 0.41355728  0.53547743]] [ 0.00424171]
440 0.0 128.835876465 [[ 0.41377697  0.53548653]] [ 0.00422871]
441 0.0 128.78527832 [[ 0.41361913  0.53584173]] [ 0.00421287]
442 0.0 128.789489746 [[ 0.41362956  0.53579296]] [ 0.00421986]
443 0.0 128.817321777 [[ 0.41351752  0.53563889]] [ 0.00423944]
444 0.0 128.777679443 [[ 0.41349401  0.53547108]] [ 0.00424543]
445 0.0 128.73374939 [[ 0.41351558  0.53585786]] [ 0.00421924]
446 0.0 128.776870728 [[ 0.41342663  0.53569068]] [ 0.0042365]
447 0.0 128.732559204 [[ 0.4132725   0.53567711]] [ 0.0042553]
448 0.0 128.728271484 [[ 0.41310338  0.53621624]] [ 0.00423475]
449 0.0 128.712249756 [[ 0.4130261   0.53625735]] [ 0.00423617]
450 0.0 128.703430176 [[ 0.41293792  0.5359342 ]] [ 0.00426]
451 0.0 128.730102539 [[ 0.41294851  0.53603608]] [ 0.00425703]
452 0.0 128.744338989 [[ 0.41289923  0.53606547]] [ 0.00425921]
453 0.0 128.75328064 [[ 0.41296465  0.53601483]] [ 0.00425628]
454 0.0 128.738723755 [[ 0.41305874  0.53600691]] [ 0.00424336]
455 0.0 128.732910156 [[ 0.41278877  0.5358973 ]] [ 0.00427143]
456 0.0 128.780502319 [[ 0.41288511  0.53596557]] [ 0.00425452]
457 0.0 128.746414185 [[ 0.41279123  0.53616543]] [ 0.0042539]
458 0.0 128.737609863 [[ 0.41264115  0.53613187]] [ 0.00426917]
459 0.0 128.698638916 [[ 0.41250631  0.53611209]] [ 0.00428323]
460 0.0 128.782150269 [[ 0.41278737  0.5361057 ]] [ 0.00425406]
461 0.0 128.901184082 [[ 0.41273036  0.53607257]] [ 0.0042537]
462 0.0 128.782943726 [[ 0.41286178  0.53663657]] [ 0.004207]
463 0.0 128.785354614 [[ 0.41260713  0.53660074]] [ 0.00423459]
464 0.0 128.830734253 [[ 0.4124756   0.53674824]] [ 0.0042364]
465 0.0 128.72492981 [[ 0.41229951  0.53694919]] [ 0.00423158]
466 0.0 128.805557251 [[ 0.41255726  0.53677998]] [ 0.00422573]
467 0.0 128.813369751 [[ 0.41253685  0.5366492 ]] [ 0.00423124]
468 0.0 128.745117188 [[ 0.4123802   0.53656735]] [ 0.00425221]
469 0.0 128.76852417 [[ 0.41230108  0.53652635]] [ 0.00425315]
470 0.0 128.728805542 [[ 0.41232981  0.53654058]] [ 0.00425178]
471 0.0 128.746917725 [[ 0.41258143  0.53666699]] [ 0.00422599]
472 0.0 128.759414673 [[ 0.41238819  0.53641965]] [ 0.00425043]
473 0.0 128.779022217 [[ 0.41244596  0.53615728]] [ 0.00426235]
474 0.0 128.789138794 [[ 0.41241675  0.53619493]] [ 0.00425741]
475 0.0 128.700759888 [[ 0.41244274  0.53635088]] [ 0.00424772]
476 0.0 128.720870972 [[ 0.41250865  0.5363716 ]] [ 0.00424144]
477 0.0 128.813949585 [[ 0.41257091  0.53626511]] [ 0.00424007]
478 0.0 128.740142822 [[ 0.4121715  0.5366761]] [ 0.00425125]
479 0.0 128.713500977 [[ 0.41224783  0.53690781]] [ 0.00422539]
480 0.0 128.750213623 [[ 0.41230858  0.53707447]] [ 0.00421286]
481 0.0 128.805969238 [[ 0.41222346  0.53682068]] [ 0.0042407]
482 0.0 128.754714966 [[ 0.4121928   0.53677851]] [ 0.00423926]
483 0.0 128.780395508 [[ 0.41213339  0.53706244]] [ 0.00422791]
484 0.0 128.784683228 [[ 0.41225906  0.53689975]] [ 0.00422406]
485 0.0 128.771728516 [[ 0.41229644  0.53664328]] [ 0.00423389]
486 0.0 128.782516479 [[ 0.41220422  0.53649741]] [ 0.00424807]
487 0.0 128.781768799 [[ 0.41216371  0.53673007]] [ 0.00423137]
488 0.0 128.821533203 [[ 0.41224056  0.53664223]] [ 0.00423647]
489 0.0 128.75617981 [[ 0.41214393  0.53647781]] [ 0.00424726]
490 0.0 128.757156372 [[ 0.412116    0.53624181]] [ 0.00426315]
491 0.0 128.761047363 [[ 0.41209068  0.53654586]] [ 0.00425057]
492 0.0 128.761291504 [[ 0.41169909  0.53747711]] [ 0.0042212]
493 0.0 128.772521973 [[ 0.41163794  0.53745065]] [ 0.00423081]
494 0.0 128.780639648 [[ 0.41157156  0.53758848]] [ 0.00422914]
495 0.0 128.774963379 [[ 0.41158765  0.53743153]] [ 0.00424499]
496 0.0 128.760421753 [[ 0.41160951  0.53733278]] [ 0.00425275]
497 0.0 128.765365601 [[ 0.4116575   0.53741977]] [ 0.00423313]
498 0.0 128.760101318 [[ 0.41156817  0.53734162]] [ 0.00424198]
499 0.0 128.807983398 [[ 0.41159135  0.53738012]] [ 0.00423903]
creating pickled numpy output
wrote pickled numpy output
Final validation loss
garray(128.71990966796875)
Final test loss
garray(129.62477111816406)
Final estimated test NLL
127.144453894
Theano: Initializing cuBLAS
