(50000L, 784L)
compiled score function
Old best loss:
garray(129.1515350341797)
Compiled loss functions
0 0.0 129.164993286 [[ 0.42379629  0.56577349]] [ 0.00147836]
1 0.0 129.18737793 [[ 0.42370034  0.56565264]] [ 0.00148475]
2 0.0 129.189346313 [[ 0.42364309  0.56572408]] [ 0.00148282]
3 0.0 129.147079468 [[ 0.42355154  0.56571329]] [ 0.00148682]
4 0.0 129.173339844 [[ 0.42358176  0.56568534]] [ 0.00148483]
5 0.0 129.210617065 [[ 0.42361377  0.56597103]] [ 0.00147359]
6 0.0 129.139465332 [[ 0.42339552  0.56571808]] [ 0.00148744]
7 0.0 129.20085144 [[ 0.42325594  0.56570416]] [ 0.00149206]
8 0.0 129.210098267 [[ 0.42355328  0.56563194]] [ 0.00147929]
9 0.0 129.184875488 [[ 0.42345009  0.56549993]] [ 0.0014866]
10 0.0 129.174591064 [[ 0.42340741  0.5653048 ]] [ 0.00149306]
11 0.0 129.179550171 [[ 0.42336761  0.5654609 ]] [ 0.00148879]
12 0.0 129.222015381 [[ 0.42350468  0.56548277]] [ 0.00148244]
13 0.0 129.1980896 [[ 0.42362468  0.56550933]] [ 0.00147361]
14 0.0 129.211090088 [[ 0.42360913  0.56522451]] [ 0.0014822]
15 0.0 129.245101929 [[ 0.42353548  0.56550205]] [ 0.00147495]
16 0.0 129.20249939 [[ 0.42335992  0.56540155]] [ 0.00148459]
17 0.0 129.203536987 [[ 0.42354505  0.56520814]] [ 0.00147999]
18 0.0 129.208374023 [[ 0.4236468   0.56481455]] [ 0.00148609]
19 0.0 129.182357788 [[ 0.42386192  0.56478146]] [ 0.00147595]
20 0.0 129.202529907 [[ 0.42375062  0.56453439]] [ 0.00148852]
21 0.0 129.252700806 [[ 0.42377085  0.56453392]] [ 0.00148571]
22 0.0 129.236114502 [[ 0.4238458   0.56431756]] [ 0.00148787]
23 0.0 129.206573486 [[ 0.42404583  0.56428541]] [ 0.00147694]
24 0.0 129.180633545 [[ 0.42397004  0.56436849]] [ 0.00147477]
25 0.0 129.225448608 [[ 0.42403484  0.56425016]] [ 0.0014745]
26 0.0 129.197189331 [[ 0.42400069  0.56431803]] [ 0.00147324]
27 0.0 129.203674316 [[ 0.4237113   0.56443634]] [ 0.00147984]
28 0.0 129.180969238 [[ 0.42368844  0.56456104]] [ 0.00147693]
29 0.0 129.210418701 [[ 0.42382703  0.56441323]] [ 0.001473]
30 0.0 129.191802979 [[ 0.42360468  0.56448271]] [ 0.00147986]
31 0.0 129.173675537 [[ 0.42363897  0.56438649]] [ 0.00147861]
32 0.0 129.216674805 [[ 0.42381589  0.5641975 ]] [ 0.00147333]
33 0.0 129.202972412 [[ 0.42377967  0.56423644]] [ 0.0014745]
34 0.0 129.20010376 [[ 0.42376381  0.56436674]] [ 0.00146783]
35 0.0 129.210403442 [[ 0.42377621  0.5639694 ]] [ 0.00147671]
36 0.0 129.178451538 [[ 0.42413286  0.56372786]] [ 0.0014682]
37 0.0 129.198684692 [[ 0.42402013  0.56350389]] [ 0.00147849]
38 0.0 129.161941528 [[ 0.42393956  0.56344287]] [ 0.00148073]
39 0.0 129.156036377 [[ 0.42376696  0.56338856]] [ 0.0014897]
40 0.0 129.180130005 [[ 0.42396054  0.56327578]] [ 0.00148255]
41 0.0 129.211654663 [[ 0.4241206   0.56309441]] [ 0.00147782]
42 0.0 129.182998657 [[ 0.42400701  0.56296611]] [ 0.00148363]
43 0.0 129.124847412 [[ 0.42405524  0.56271594]] [ 0.00148704]
44 0.0 129.173217773 [[ 0.4240972   0.56270471]] [ 0.00148503]
45 0.0 129.169113159 [[ 0.42426007  0.56272946]] [ 0.00147558]
46 0.0 129.20375061 [[ 0.4241653   0.56276783]] [ 0.00147678]
47 0.0 129.207946777 [[ 0.42413031  0.56262016]] [ 0.00148214]
48 0.0 129.230636597 [[ 0.42421921  0.56234316]] [ 0.00148419]
49 0.0 129.211914062 [[ 0.42427969  0.562344  ]] [ 0.00147959]
50 0.0 129.166015625 [[ 0.42425982  0.562072  ]] [ 0.0014856]
51 0.0 129.233673096 [[ 0.42424894  0.56241557]] [ 0.00147406]
52 0.0 129.180419922 [[ 0.42425134  0.56188452]] [ 0.0014901]
53 0.0 129.168136597 [[ 0.42437616  0.56179802]] [ 0.00148538]
54 0.0 129.203735352 [[ 0.42453777  0.56166935]] [ 0.00148031]
55 0.0 129.225723267 [[ 0.42465517  0.56172064]] [ 0.00147157]
56 0.0 129.188720703 [[ 0.42455766  0.56143893]] [ 0.00148292]
57 0.0 129.211181641 [[ 0.42481482  0.56123253]] [ 0.00147559]
58 0.0 129.211807251 [[ 0.42473562  0.5613797 ]] [ 0.00147428]
59 0.0 129.182220459 [[ 0.42455811  0.56158064]] [ 0.00147519]
60 0.0 129.188873291 [[ 0.42460807  0.56152143]] [ 0.00147331]
61 0.0 129.179733276 [[ 0.42446376  0.56138914]] [ 0.00148227]
62 0.0 129.19392395 [[ 0.4244223  0.5615222]] [ 0.00147797]
63 0.0 129.197143555 [[ 0.42436933  0.56133504]] [ 0.00148448]
64 0.0 129.25 [[ 0.42474757  0.56126471]] [ 0.00146903]
65 0.0 129.184020996 [[ 0.42473585  0.56102593]] [ 0.00147542]
66 0.0 129.193817139 [[ 0.42462941  0.56084917]] [ 0.00148252]
67 0.0 129.213180542 [[ 0.42452906  0.56082727]] [ 0.00148654]
68 0.0 129.21307373 [[ 0.42446083  0.56082072]] [ 0.00148823]
69 0.0 129.210617065 [[ 0.42446768  0.56072686]] [ 0.00148869]
70 0.0 129.210754395 [[ 0.42451264  0.56111874]] [ 0.00147442]
71 0.0 129.209609985 [[ 0.42438428  0.56101757]] [ 0.00148346]
72 0.0 129.190612793 [[ 0.4244965   0.56106743]] [ 0.00147456]
73 0.0 129.261703491 [[ 0.42461612  0.56106402]] [ 0.00146987]
74 0.0 129.218200684 [[ 0.42452507  0.56124059]] [ 0.00146484]
75 0.0 129.21635437 [[ 0.42416386  0.56139667]] [ 0.00147489]
76 0.0 129.200057983 [[ 0.42406567  0.56134166]] [ 0.00148134]
77 0.0 129.191146851 [[ 0.42404401  0.56156153]] [ 0.0014726]
78 0.0 129.203857422 [[ 0.42388014  0.56199508]] [ 0.00146487]
79 0.0 129.183776855 [[ 0.42374741  0.56162914]] [ 0.00148108]
80 0.0 129.177947998 [[ 0.42372463  0.56172295]] [ 0.00147741]
81 0.0 129.194198608 [[ 0.4237783   0.56182568]] [ 0.00146996]
82 0.0 129.173858643 [[ 0.42380627  0.56164568]] [ 0.00147242]
83 0.0 129.188903809 [[ 0.42387064  0.56162496]] [ 0.00146993]
84 0.0 129.154922485 [[ 0.42375502  0.56147327]] [ 0.00147636]
85 0.0 129.125350952 [[ 0.42357908  0.56143438]] [ 0.00148303]
86 0.0 129.169799805 [[ 0.42358272  0.56127327]] [ 0.00148545]
87 0.0 129.22026062 [[ 0.42357509  0.56133989]] [ 0.00148291]
88 0.0 129.197631836 [[ 0.42346488  0.5612983 ]] [ 0.00148856]
89 0.0 129.183181763 [[ 0.42348113  0.56170243]] [ 0.00147325]
90 0.0 129.149414062 [[ 0.42342124  0.56131469]] [ 0.00148678]
91 0.0 129.209976196 [[ 0.42348076  0.56139871]] [ 0.00147911]
92 0.0 129.165100098 [[ 0.42362062  0.56153301]] [ 0.00146866]
93 0.0 129.154052734 [[ 0.42356164  0.56145416]] [ 0.00147226]
94 0.0 129.201629639 [[ 0.42324509  0.5616579 ]] [ 0.0014779]
95 0.0 129.18421936 [[ 0.42329656  0.56163102]] [ 0.00147526]
96 0.0 129.178359985 [[ 0.42344191  0.5615227 ]] [ 0.00147037]
97 0.0 129.180343628 [[ 0.42315844  0.56153408]] [ 0.00148085]
98 0.0 129.224960327 [[ 0.42288648  0.56189926]] [ 0.00148211]
99 0.0 129.193695068 [[ 0.42280127  0.56209036]] [ 0.00147949]
100 0.0 129.164703369 [[ 0.42262939  0.56235664]] [ 0.00147679]
101 0.0 129.145812988 [[ 0.42250297  0.56239727]] [ 0.00147865]
102 0.0 129.190933228 [[ 0.4227421   0.56220679]] [ 0.00147421]
103 0.0 129.170318604 [[ 0.42275231  0.56189149]] [ 0.00147923]
104 0.0 129.193115234 [[ 0.42270502  0.56164608]] [ 0.00148705]
105 0.0 129.180831909 [[ 0.42278804  0.56171321]] [ 0.00148035]
106 0.0 129.151443481 [[ 0.42294003  0.56159399]] [ 0.00147591]
107 0.0 129.176300049 [[ 0.42299282  0.56153682]] [ 0.00147341]
108 0.0 129.149810791 [[ 0.42282141  0.56171307]] [ 0.00147354]
109 0.0 129.179672241 [[ 0.4226473   0.56167953]] [ 0.00148075]
110 0.0 129.181121826 [[ 0.42268393  0.56169228]] [ 0.00147852]
111 0.0 129.168960571 [[ 0.42274195  0.56160625]] [ 0.00147648]
112 0.0 129.166549683 [[ 0.42282872  0.56179641]] [ 0.00146663]
113 0.0 129.172271729 [[ 0.4227764   0.56141541]] [ 0.00147986]
114 0.0 129.176452637 [[ 0.42263856  0.56143398]] [ 0.00148243]
115 0.0 129.14755249 [[ 0.42264899  0.56169352]] [ 0.00147229]
116 0.0 129.170013428 [[ 0.42252068  0.56156049]] [ 0.00148087]
117 0.0 129.197280884 [[ 0.4226445   0.56123357]] [ 0.00148289]
118 0.0 129.148635864 [[ 0.42278484  0.56122818]] [ 0.00147735]
119 0.0 129.132553101 [[ 0.42266045  0.5611684 ]] [ 0.00148165]
120 0.0 129.1615448 [[ 0.4224751   0.56106931]] [ 0.00149323]
121 0.0 129.139694214 [[ 0.42260394  0.56143592]] [ 0.00147474]
122 0.0 129.139663696 [[ 0.42247746  0.56141092]] [ 0.00147928]
123 0.0 129.119049072 [[ 0.42245354  0.56136967]] [ 0.00147996]
124 0.0 129.18132019 [[ 0.42241983  0.5612809 ]] [ 0.00148296]
125 0.0 129.147979736 [[ 0.42242292  0.56143609]] [ 0.00147586]
126 0.0 129.141357422 [[ 0.42254614  0.56132988]] [ 0.00147208]
127 0.0 129.166442871 [[ 0.42261561  0.56141711]] [ 0.00146629]
128 0.0 129.155029297 [[ 0.42272159  0.56100136]] [ 0.00147119]
129 0.0 129.162643433 [[ 0.42254994  0.56065063]] [ 0.00148772]
130 0.0 129.167648315 [[ 0.42273172  0.56066814]] [ 0.00147773]
131 0.0 129.163497925 [[ 0.42267919  0.56063275]] [ 0.00147947]
132 0.0 129.157623291 [[ 0.42298324  0.56050428]] [ 0.00146863]
133 0.0 129.157821655 [[ 0.42269219  0.56033837]] [ 0.00148399]
134 0.0 129.181533813 [[ 0.42284671  0.56034909]] [ 0.00147643]
135 0.0 129.180603027 [[ 0.42276718  0.56031402]] [ 0.00147836]
136 0.0 129.220825195 [[ 0.42275042  0.56041085]] [ 0.00147581]
137 0.0 129.166595459 [[ 0.422493    0.56054444]] [ 0.0014808]
138 0.0 129.180419922 [[ 0.42246636  0.56088661]] [ 0.00147041]
139 0.0 129.192962646 [[ 0.4224302   0.56076222]] [ 0.00147549]
140 0.0 129.150161743 [[ 0.42243979  0.56052794]] [ 0.00148122]
141 0.0 129.118637085 [[ 0.42231928  0.56057859]] [ 0.00148064]
142 0.0 129.143890381 [[ 0.42226048  0.56089684]] [ 0.00147437]
143 0.0 129.180999756 [[ 0.42197393  0.56163654]] [ 0.00146279]
144 0.0 129.180770874 [[ 0.42185865  0.56138238]] [ 0.00147396]
145 0.0 129.187942505 [[ 0.42173021  0.56144007]] [ 0.00147624]
146 0.0 129.22833252 [[ 0.42159341  0.56139607]] [ 0.00148161]
147 0.0 129.191650391 [[ 0.42154009  0.56163801]] [ 0.00147587]
148 0.0 129.194473267 [[ 0.42142538  0.5619147 ]] [ 0.00147023]
149 0.0 129.166412354 [[ 0.42149059  0.56172439]] [ 0.00146996]
150 0.0 129.172653198 [[ 0.42148225  0.56153642]] [ 0.00147601]
151 0.0 129.17880249 [[ 0.42159677  0.56141333]] [ 0.00147127]
152 0.0 129.142410278 [[ 0.42137507  0.56144552]] [ 0.00147769]
153 0.0 129.174255371 [[ 0.42148893  0.56161411]] [ 0.00146847]
154 0.0 129.190216064 [[ 0.4216298   0.56164789]] [ 0.00145949]
155 0.0 129.148422241 [[ 0.42141272  0.56136555]] [ 0.0014743]
156 0.0 129.169311523 [[ 0.42151325  0.56134015]] [ 0.00147045]
157 0.0 129.186843872 [[ 0.42149584  0.56109425]] [ 0.00147706]
158 0.0 129.191711426 [[ 0.421441    0.56145051]] [ 0.00146687]
159 0.0 129.176895142 [[ 0.42133225  0.56135698]] [ 0.0014735]
160 0.0 129.163192749 [[ 0.42141043  0.56127849]] [ 0.00147214]
161 0.0 129.15524292 [[ 0.42155345  0.56096815]] [ 0.00147429]
162 0.0 129.174957275 [[ 0.42145437  0.56090449]] [ 0.00147771]
163 0.0 129.208496094 [[ 0.4213449   0.56103449]] [ 0.00147688]
164 0.0 129.19821167 [[ 0.4215832   0.56118707]] [ 0.00146099]
165 0.0 129.2237854 [[ 0.4212649   0.56112726]] [ 0.00147592]
166 0.0 129.147064209 [[ 0.4212817   0.56122821]] [ 0.0014707]
167 0.0 129.215713501 [[ 0.42133298  0.5611384 ]] [ 0.00146971]
168 0.0 129.181533813 [[ 0.42142578  0.56088236]] [ 0.00147274]
169 0.0 129.136123657 [[ 0.42129046  0.56085672]] [ 0.00147503]
170 0.0 129.16809082 [[ 0.42135169  0.56070163]] [ 0.00147589]
171 0.0 129.160858154 [[ 0.4211716   0.56097337]] [ 0.00147405]
172 0.0 129.185211182 [[ 0.42106796  0.56084194]] [ 0.00148219]
173 0.0 129.216751099 [[ 0.42114705  0.56117372]] [ 0.00146557]
174 0.0 129.202163696 [[ 0.42092014  0.56119383]] [ 0.00147378]
175 0.0 129.142730713 [[ 0.42068006  0.56115566]] [ 0.00148505]
176 0.0 129.110748291 [[ 0.42071386  0.56108148]] [ 0.00148372]
177 0.0 129.197052002 [[ 0.4208051   0.56102225]] [ 0.00148105]
178 0.0 129.206314087 [[ 0.4207989   0.56078148]] [ 0.00148654]
179 0.0 129.232330322 [[ 0.42092034  0.5610574 ]] [ 0.00147363]
180 0.0 129.167358398 [[ 0.4207836   0.56109205]] [ 0.00147458]
181 0.0 129.173599243 [[ 0.42063716  0.56097163]] [ 0.00148381]
182 0.0 129.146850586 [[ 0.42080419  0.56078355]] [ 0.00147975]
183 0.0 129.208190918 [[ 0.42114462  0.56059964]] [ 0.00146933]
184 0.0 129.209533691 [[ 0.42122385  0.56041198]] [ 0.00146958]
185 0.0 129.183670044 [[ 0.42107956  0.56017347]] [ 0.0014809]
186 0.0 129.230010986 [[ 0.42104781  0.56042407]] [ 0.00147276]
187 0.0 129.183792114 [[ 0.42106849  0.560234  ]] [ 0.00147645]
188 0.0 129.21144104 [[ 0.42096028  0.56018772]] [ 0.00148192]
189 0.0 129.16557312 [[ 0.42107095  0.56011788]] [ 0.00147742]
190 0.0 129.201263428 [[ 0.42111404  0.55992034]] [ 0.00148034]
191 0.0 129.188552856 [[ 0.42122297  0.560112  ]] [ 0.00146781]
192 0.0 129.244216919 [[ 0.42100532  0.56014996]] [ 0.00147544]
193 0.0 129.228134155 [[ 0.42090692  0.56011764]] [ 0.0014786]
194 0.0 129.206420898 [[ 0.42092174  0.5601931 ]] [ 0.00147463]
195 0.0 129.22706604 [[ 0.42092922  0.56031769]] [ 0.00146971]
196 0.0 129.220016479 [[ 0.42068793  0.56033683]] [ 0.00147778]
197 0.0 129.184402466 [[ 0.4208504   0.56012909]] [ 0.00147485]
198 0.0 129.173217773 [[ 0.42078079  0.56016983]] [ 0.00147694]
199 0.0 129.152816772 [[ 0.42106854  0.55974822]] [ 0.00147598]
200 0.0 129.180953979 [[ 0.42115142  0.55967369]] [ 0.00147352]
201 0.0 129.18637085 [[ 0.42107604  0.55970044]] [ 0.0014736]
202 0.0 129.203582764 [[ 0.42110134  0.55978679]] [ 0.00146916]
203 0.0 129.167541504 [[ 0.42113684  0.55972797]] [ 0.00146696]
204 0.0 129.185836792 [[ 0.42112418  0.55970959]] [ 0.00146771]
205 0.0 129.221603394 [[ 0.42091575  0.55965391]] [ 0.00147532]
206 0.0 129.138412476 [[ 0.42098061  0.55969314]] [ 0.00147024]
207 0.0 129.175231934 [[ 0.42090017  0.55981659]] [ 0.00146839]
208 0.0 129.191421509 [[ 0.42094651  0.55972797]] [ 0.00146852]
209 0.0 129.194900513 [[ 0.42102608  0.55974849]] [ 0.00146298]
210 0.0 129.2215271 [[ 0.42102078  0.55944813]] [ 0.00147084]
211 0.0 129.21762085 [[ 0.4210458   0.55926072]] [ 0.00147389]
212 0.0 129.206939697 [[ 0.4209934  0.5591353]] [ 0.00147942]
213 0.0 129.144470215 [[ 0.42119754  0.55924892]] [ 0.00146555]
214 0.0 129.201293945 [[ 0.42126585  0.55925489]] [ 0.00146198]
215 0.0 129.187957764 [[ 0.4211353   0.55897715]] [ 0.00147428]
216 0.0 129.160903931 [[ 0.42111211  0.55899314]] [ 0.00147163]
217 0.0 129.177032471 [[ 0.42104435  0.55897735]] [ 0.00147493]
218 0.0 129.211929321 [[ 0.42096931  0.55878637]] [ 0.00148254]
219 0.0 129.190231323 [[ 0.42098783  0.55907325]] [ 0.00147145]
220 0.0 129.196838379 [[ 0.42093093  0.55920912]] [ 0.00146832]
221 0.0 129.212188721 [[ 0.42098138  0.559109  ]] [ 0.00146779]
222 0.0 129.210754395 [[ 0.4209503   0.55908421]] [ 0.00146795]
223 0.0 129.189361572 [[ 0.42079732  0.5590281 ]] [ 0.00147426]
224 0.0 129.179733276 [[ 0.42070862  0.55899921]] [ 0.00147862]
225 0.0 129.172180176 [[ 0.42052377  0.55928602]] [ 0.00147649]
226 0.0 129.167449951 [[ 0.42065837  0.5593686 ]] [ 0.00146744]
227 0.0 129.152770996 [[ 0.42043292  0.55947561]] [ 0.00147294]
228 0.0 129.198806763 [[ 0.42052309  0.55975783]] [ 0.00145788]
229 0.0 129.171676636 [[ 0.42032721  0.5595984 ]] [ 0.00146967]
230 0.0 129.175292969 [[ 0.42047565  0.55937711]] [ 0.00146803]
231 0.0 129.223800659 [[ 0.42052234  0.55918163]] [ 0.00147156]
232 0.0 129.224761963 [[ 0.42048079  0.55891795]] [ 0.00147896]
233 0.0 129.177124023 [[ 0.42048485  0.5587193 ]] [ 0.00148426]
234 0.0 129.16557312 [[ 0.42055525  0.55877352]] [ 0.00147743]
235 0.0 129.138275146 [[ 0.42056473  0.55890356]] [ 0.00147172]
236 0.0 129.189697266 [[ 0.42039912  0.55887481]] [ 0.0014782]
237 0.0 129.166366577 [[ 0.42051693  0.55892671]] [ 0.0014708]
238 0.0 129.188262939 [[ 0.42060456  0.55916669]] [ 0.00146102]
239 0.0 129.155960083 [[ 0.42060587  0.55904662]] [ 0.00146172]
240 0.0 129.203887939 [[ 0.42071466  0.55869436]] [ 0.00146618]
241 0.0 129.1824646 [[ 0.4204767   0.55885685]] [ 0.00147068]
242 0.0 129.154525757 [[ 0.42040237  0.55887584]] [ 0.00147205]
243 0.0 129.147857666 [[ 0.42055172  0.55830927]] [ 0.00147977]
244 0.0 129.20173645 [[ 0.42049207  0.55851256]] [ 0.00147684]
245 0.0 129.206451416 [[ 0.42067915  0.55852874]] [ 0.00146645]
246 0.0 129.199020386 [[ 0.42068848  0.55827136]] [ 0.00147399]
247 0.0 129.216140747 [[ 0.42071255  0.55844382]] [ 0.00146703]
248 0.0 129.174530029 [[ 0.42080106  0.55823253]] [ 0.00146707]
249 0.0 129.165283203 [[ 0.42071496  0.55836651]] [ 0.001466]
250 0.0 129.198379517 [[ 0.42061627  0.55856806]] [ 0.00146183]
251 0.0 129.190719604 [[ 0.42043177  0.55858088]] [ 0.00146867]
252 0.0 129.227050781 [[ 0.42047297  0.55861377]] [ 0.0014655]
253 0.0 129.150314331 [[ 0.42042452  0.55867581]] [ 0.00146445]
254 0.0 129.179595947 [[ 0.42047051  0.55849872]] [ 0.00146703]
255 0.0 129.155151367 [[ 0.42033455  0.55828697]] [ 0.00147859]
256 0.0 129.168533325 [[ 0.42056962  0.55835542]] [ 0.00146288]
257 0.0 129.222702026 [[ 0.42058431  0.55821809]] [ 0.00146385]
258 0.0 129.155380249 [[ 0.42032901  0.55820818]] [ 0.00147459]
259 0.0 129.175003052 [[ 0.42047597  0.55844639]] [ 0.00146067]
260 0.0 129.184158325 [[ 0.42049916  0.55844762]] [ 0.00145711]
261 0.0 129.211151123 [[ 0.42058198  0.55833639]] [ 0.00145651]
262 0.0 129.18107605 [[ 0.42048635  0.55802817]] [ 0.00146804]
263 0.0 129.219650269 [[ 0.42021977  0.55800402]] [ 0.00147876]
264 0.0 129.192169189 [[ 0.42034695  0.55805285]] [ 0.00146964]
265 0.0 129.207992554 [[ 0.42036577  0.55820502]] [ 0.0014633]
266 0.0 129.203323364 [[ 0.42016737  0.55823323]] [ 0.00146894]
267 0.0 129.163070679 [[ 0.42019292  0.55823589]] [ 0.00146857]
268 0.0 129.141708374 [[ 0.42019134  0.55815195]] [ 0.00146747]
269 0.0 129.169723511 [[ 0.42019081  0.55844399]] [ 0.00145713]
270 0.0 129.132995605 [[ 0.41987711  0.5584861 ]] [ 0.00146596]
271 0.0 129.191574097 [[ 0.41979556  0.55843187]] [ 0.00147204]
272 0.0 129.155792236 [[ 0.41962424  0.55860685]] [ 0.00147154]
273 0.0 129.148651123 [[ 0.4194235   0.55865669]] [ 0.00147892]
274 0.0 129.143127441 [[ 0.41948675  0.55860438]] [ 0.00147554]
275 0.0 129.173095703 [[ 0.4194865   0.55880969]] [ 0.00146716]
276 0.0 129.168823242 [[ 0.41962917  0.55877678]] [ 0.00146203]
277 0.0 129.112869263 [[ 0.41940567  0.55889913]] [ 0.00146627]
278 0.0 129.119613647 [[ 0.41917443  0.55887101]] [ 0.00147584]
279 0.0 129.151931763 [[ 0.41914117  0.559112  ]] [ 0.00146946]
280 0.0 129.129653931 [[ 0.41914644  0.5591166 ]] [ 0.00146858]
281 0.0 129.150390625 [[ 0.4191021   0.55903826]] [ 0.00147237]
282 0.0 129.157073975 [[ 0.41913078  0.55898175]] [ 0.00146859]
283 0.0 129.122039795 [[ 0.41901788  0.55883524]] [ 0.00147688]
284 0.0 129.166534424 [[ 0.41912134  0.55890795]] [ 0.00146945]
285 0.0 129.176254272 [[ 0.41926408  0.55900687]] [ 0.00145821]
286 0.0 129.146347046 [[ 0.41907008  0.55873588]] [ 0.00147322]
287 0.0 129.159637451 [[ 0.41901475  0.55866968]] [ 0.00147705]
288 0.0 129.13117981 [[ 0.419145    0.55826075]] [ 0.0014815]
289 0.0 129.148880005 [[ 0.41934113  0.55824601]] [ 0.00147165]
290 0.0 129.14781189 [[ 0.4195648   0.55816339]] [ 0.00146267]
291 0.0 129.142105103 [[ 0.41948883  0.5583092 ]] [ 0.00145935]
292 0.0 129.190490723 [[ 0.41941625  0.55821004]] [ 0.00146459]
293 0.0 129.174331665 [[ 0.41940947  0.55800858]] [ 0.00147019]
294 0.0 129.180786133 [[ 0.41926491  0.55818289]] [ 0.00146919]
295 0.0 129.221740723 [[ 0.41920398  0.55855967]] [ 0.0014586]
296 0.0 129.188201904 [[ 0.41918794  0.558464  ]] [ 0.00146121]
297 0.0 129.180664062 [[ 0.41897177  0.55833642]] [ 0.00147111]
298 0.0 129.206756592 [[ 0.41873645  0.55863372]] [ 0.00147202]
299 0.0 129.198440552 [[ 0.41855249  0.55877991]] [ 0.00147588]
300 0.0 129.168060303 [[ 0.41864484  0.55877215]] [ 0.00146928]
301 0.0 129.156036377 [[ 0.41853186  0.55874907]] [ 0.00147327]
302 0.0 129.190719604 [[ 0.41860339  0.55862666]] [ 0.00147246]
303 0.0 129.172103882 [[ 0.41878619  0.55862799]] [ 0.00146319]
304 0.0 129.186386108 [[ 0.41847748  0.55869845]] [ 0.0014723]
305 0.0 129.150283813 [[ 0.41829072  0.55881732]] [ 0.00147534]
306 0.0 129.120483398 [[ 0.41814961  0.55902376]] [ 0.00147466]
307 0.0 129.219955444 [[ 0.41829469  0.55870491]] [ 0.00147712]
308 0.0 129.162246704 [[ 0.41838897  0.55887824]] [ 0.00146459]
309 0.0 129.179199219 [[ 0.41845905  0.55841101]] [ 0.00147351]
310 0.0 129.181930542 [[ 0.41854169  0.55836414]] [ 0.00146854]
311 0.0 129.206756592 [[ 0.41850028  0.55813688]] [ 0.00147682]
312 0.0 129.200714111 [[ 0.41843361  0.55852708]] [ 0.00146716]
313 0.0 129.178619385 [[ 0.41846364  0.55840049]] [ 0.00146704]
314 0.0 129.15802002 [[ 0.41827474  0.55847734]] [ 0.00147243]
315 0.0 129.168914795 [[ 0.41833733  0.55846935]] [ 0.00147011]
316 0.0 129.144256592 [[ 0.41826689  0.55856167]] [ 0.00146958]
317 0.0 129.166824341 [[ 0.41815564  0.55835928]] [ 0.00147702]
318 0.0 129.156280518 [[ 0.41831065  0.55870401]] [ 0.00146016]
319 0.0 129.166351318 [[ 0.41825864  0.55865899]] [ 0.0014625]
320 0.0 129.15397644 [[ 0.41786812  0.55869143]] [ 0.00147631]
321 0.0 129.185836792 [[ 0.41797954  0.55863891]] [ 0.00147004]
322 0.0 129.207382202 [[ 0.41814791  0.55866665]] [ 0.00146088]
323 0.0 129.177337646 [[ 0.41805934  0.55838824]] [ 0.00147173]
324 0.0 129.169143677 [[ 0.4181213   0.55854765]] [ 0.00146112]
325 0.0 129.159362793 [[ 0.41807083  0.55804806]] [ 0.00147652]
326 0.0 129.165054321 [[ 0.41820726  0.55802225]] [ 0.00146955]
327 0.0 129.148223877 [[ 0.4181373  0.5577804]] [ 0.00147785]
328 0.0 129.145401001 [[ 0.41815773  0.55782412]] [ 0.00147664]
329 0.0 129.243652344 [[ 0.41824615  0.55792048]] [ 0.00146608]
330 0.0 129.179794312 [[ 0.41808322  0.55805541]] [ 0.00146816]
331 0.0 129.218154907 [[ 0.41815803  0.55775925]] [ 0.00147285]
332 0.0 129.203033447 [[ 0.41834967  0.55768838]] [ 0.00146607]
333 0.0 129.198791504 [[ 0.41852261  0.55729917]] [ 0.00146728]
334 0.0 129.17276001 [[ 0.41845027  0.55719912]] [ 0.00147299]
335 0.0 129.164428711 [[ 0.41831015  0.55734896]] [ 0.00147266]
336 0.0 129.161392212 [[ 0.41836979  0.5574602 ]] [ 0.00146489]
337 0.0 129.193695068 [[ 0.41830471  0.55763437]] [ 0.00146169]
338 0.0 129.190460205 [[ 0.41830873  0.55741444]] [ 0.0014642]
339 0.0 129.186584473 [[ 0.41815387  0.55745136]] [ 0.00146682]
340 0.0 129.143539429 [[ 0.41796509  0.55741647]] [ 0.00147364]
341 0.0 129.192062378 [[ 0.41810956  0.55747787]] [ 0.00146596]
342 0.0 129.226226807 [[ 0.41811985  0.55736002]] [ 0.00146784]
343 0.0 129.185653687 [[ 0.41829945  0.55711584]] [ 0.00146522]
344 0.0 129.238098145 [[ 0.4182913   0.55732744]] [ 0.00145852]
345 0.0 129.262741089 [[ 0.41824862  0.55672357]] [ 0.00147636]
346 0.0 129.273849487 [[ 0.41850814  0.5565249 ]] [ 0.00146763]
347 0.0 129.215560913 [[ 0.41868836  0.55609888]] [ 0.00147086]
348 0.0 129.212265015 [[ 0.41865971  0.55628032]] [ 0.00146518]
349 0.0 129.194763184 [[ 0.41854389  0.55639552]] [ 0.00146628]
350 0.0 129.171646118 [[ 0.41856612  0.55639605]] [ 0.00146399]
351 0.0 129.215011597 [[ 0.41842471  0.55653681]] [ 0.00146312]
352 0.0 129.212600708 [[ 0.41834164  0.55657868]] [ 0.00146555]
353 0.0 129.194656372 [[ 0.41830262  0.55654769]] [ 0.00146789]
354 0.0 129.195449829 [[ 0.41838253  0.55627647]] [ 0.00146813]
355 0.0 129.186141968 [[ 0.41846491  0.55616753]] [ 0.00146669]
356 0.0 129.213058472 [[ 0.41834179  0.55630296]] [ 0.00146804]
357 0.0 129.202163696 [[ 0.41816551  0.55628052]] [ 0.00147381]
358 0.0 129.189849854 [[ 0.41840421  0.55608774]] [ 0.00146947]
359 0.0 129.209106445 [[ 0.41827285  0.55612629]] [ 0.0014718]
360 0.0 129.182312012 [[ 0.41833949  0.55625406]] [ 0.00146287]
361 0.0 129.214004517 [[ 0.41830519  0.55593367]] [ 0.00147196]
362 0.0 129.187850952 [[ 0.41847893  0.55613259]] [ 0.0014577]
363 0.0 129.184539795 [[ 0.41819093  0.55609325]] [ 0.00146946]
364 0.0 129.158279419 [[ 0.4180206   0.55619355]] [ 0.00147167]
365 0.0 129.177810669 [[ 0.41791096  0.55630038]] [ 0.00147236]
366 0.0 129.173278809 [[ 0.4177119   0.55657145]] [ 0.00147129]
367 0.0 129.232879639 [[ 0.41787168  0.5564924 ]] [ 0.00146562]
368 0.0 129.18649292 [[ 0.41783524  0.55645936]] [ 0.00146773]
369 0.0 129.142028809 [[ 0.41790476  0.55638872]] [ 0.00146484]
370 0.0 129.179321289 [[ 0.41777271  0.55642095]] [ 0.0014678]
371 0.0 129.10848999 [[ 0.41764596  0.55630618]] [ 0.00147578]
372 0.0 129.195465088 [[ 0.41780849  0.5564994 ]] [ 0.00146032]
373 0.0 129.217590332 [[ 0.41762462  0.55626729]] [ 0.00147268]
374 0.0 129.233154297 [[ 0.41785367  0.5564126 ]] [ 0.00145865]
375 0.0 129.240020752 [[ 0.41767155  0.55647449]] [ 0.00146108]
376 0.0 129.254623413 [[ 0.41768551  0.55642165]] [ 0.00146027]
377 0.0 129.163742065 [[ 0.41744459  0.5564061 ]] [ 0.00146839]
378 0.0 129.20072937 [[ 0.4175903   0.55635599]] [ 0.00146152]
379 0.0 129.185012817 [[ 0.41751011  0.55640938]] [ 0.00146399]
380 0.0 129.221115112 [[ 0.41759012  0.55617688]] [ 0.00146616]
381 0.0 129.20300293 [[ 0.41760463  0.5560898 ]] [ 0.00146813]
382 0.0 129.184555054 [[ 0.41762256  0.55637986]] [ 0.00145776]
383 0.0 129.180923462 [[ 0.41761847  0.55603746]] [ 0.00146296]
384 0.0 129.200012207 [[ 0.41754378  0.55629657]] [ 0.00145823]
385 0.0 129.186462402 [[ 0.41729669  0.55623785]] [ 0.00146645]
386 0.0 129.193862915 [[ 0.41731187  0.55615543]] [ 0.00146757]
387 0.0 129.192840576 [[ 0.41747445  0.55615351]] [ 0.00145791]
388 0.0 129.201675415 [[ 0.41751598  0.55587251]] [ 0.00146369]
389 0.0 129.173233032 [[ 0.41731224  0.55581777]] [ 0.00147238]
390 0.0 129.188613892 [[ 0.41742546  0.55574778]] [ 0.00146763]
391 0.0 129.183731079 [[ 0.41759286  0.55555578]] [ 0.00146418]
392 0.0 129.204269409 [[ 0.41784059  0.55563135]] [ 0.00145049]
393 0.0 129.233215332 [[ 0.41758176  0.5553812 ]] [ 0.00146712]
394 0.0 129.1849823 [[ 0.41761389  0.55543033]] [ 0.0014628]
395 0.0 129.199020386 [[ 0.4174952   0.55553651]] [ 0.00146428]
396 0.0 129.169692993 [[ 0.41762368  0.55537743]] [ 0.00145954]
397 0.0 129.210617065 [[ 0.41755466  0.55525658]] [ 0.00146635]
398 0.0 129.212417603 [[ 0.41746912  0.55541248]] [ 0.00146506]
399 0.0 129.210952759 [[ 0.41756747  0.55559747]] [ 0.00145498]
400 0.0 129.178512573 [[ 0.41745673  0.55581973]] [ 0.0014508]
401 0.0 129.225280762 [[ 0.41740963  0.55565152]] [ 0.00145676]
402 0.0 129.206634521 [[ 0.41732542  0.55555058]] [ 0.00146283]
403 0.0 129.170516968 [[ 0.41720758  0.55533079]] [ 0.00147157]
404 0.0 129.247421265 [[ 0.41750252  0.55527793]] [ 0.00146073]
405 0.0 129.164794922 [[ 0.41745342  0.55519959]] [ 0.00146211]
406 0.0 129.122375488 [[ 0.4173059   0.55561052]] [ 0.00145434]
407 0.0 129.161590576 [[ 0.41730933  0.55557191]] [ 0.00145472]
408 0.0 129.133453369 [[ 0.41718202  0.55547112]] [ 0.00146013]
409 0.0 129.139419556 [[ 0.41719423  0.55508021]] [ 0.00147]
410 0.0 129.121185303 [[ 0.41723857  0.55513838]] [ 0.00146457]
411 0.0 129.136627197 [[ 0.41728476  0.55508156]] [ 0.00146401]
412 0.0 129.182815552 [[ 0.41715032  0.55521157]] [ 0.00146457]
413 0.0 129.186294556 [[ 0.41713458  0.55543284]] [ 0.00145582]
414 0.0 129.193862915 [[ 0.41688903  0.55537091]] [ 0.00146795]
415 0.0 129.159454346 [[ 0.41701675  0.5553572 ]] [ 0.00146036]
416 0.0 129.213043213 [[ 0.41706753  0.55529881]] [ 0.00145793]
417 0.0 129.205352783 [[ 0.41686855  0.5553474 ]] [ 0.00146469]
418 0.0 129.156433105 [[ 0.41679151  0.55528571]] [ 0.00146772]
419 0.0 129.170410156 [[ 0.41685812  0.55494729]] [ 0.0014728]
420 0.0 129.170074463 [[ 0.41700626  0.55498652]] [ 0.00146334]
421 0.0 129.188583374 [[ 0.41699301  0.55469027]] [ 0.00147133]
422 0.0 129.14666748 [[ 0.41698515  0.55497643]] [ 0.00146021]
423 0.0 129.186096191 [[ 0.41696972  0.55496426]] [ 0.00145868]
424 0.0 129.200714111 [[ 0.41724643  0.55484489]] [ 0.00145035]
425 0.0 129.142440796 [[ 0.41709995  0.55474429]] [ 0.00145861]
426 0.0 129.162689209 [[ 0.4171123   0.55466597]] [ 0.0014608]
427 0.0 129.120101929 [[ 0.41695498  0.5545626 ]] [ 0.00146813]
428 0.0 129.155258179 [[ 0.41694643  0.55443581]] [ 0.00147287]
429 0.0 129.173431396 [[ 0.4169434   0.55454151]] [ 0.0014678]
430 0.0 129.161270142 [[ 0.41671783  0.55464987]] [ 0.00147146]
431 0.0 129.165374756 [[ 0.41669794  0.55466884]] [ 0.00147035]
432 0.0 129.127243042 [[ 0.41702599  0.55437171]] [ 0.00146402]
433 0.0 129.149108887 [[ 0.41714502  0.55427814]] [ 0.00145934]
434 0.0 129.175354004 [[ 0.41719779  0.55437802]] [ 0.00145212]
435 0.0 129.200683594 [[ 0.41700559  0.55436384]] [ 0.00145854]
436 0.0 129.19039917 [[ 0.41699651  0.55420447]] [ 0.00146338]
437 0.0 129.177490234 [[ 0.41681889  0.55436956]] [ 0.00146418]
438 0.0 129.179397583 [[ 0.41677159  0.5544033 ]] [ 0.00146273]
439 0.0 129.163421631 [[ 0.41665957  0.55471612]] [ 0.00145784]
440 0.0 129.192092896 [[ 0.41647988  0.55463215]] [ 0.00146728]
441 0.0 129.149383545 [[ 0.41634081  0.55474509]] [ 0.00146827]
442 0.0 129.186416626 [[ 0.41633781  0.55473246]] [ 0.00146562]
443 0.0 129.139053345 [[ 0.4162493   0.55492284]] [ 0.00146416]
444 0.0 129.132614136 [[ 0.41620668  0.55509404]] [ 0.00145896]
445 0.0 129.154937744 [[ 0.41628503  0.55522848]] [ 0.00145053]
446 0.0 129.159500122 [[ 0.41615486  0.55523427]] [ 0.00145368]
447 0.0 129.163879395 [[ 0.41596685  0.55513983]] [ 0.00146738]
448 0.0 129.14151001 [[ 0.41609783  0.55506519]] [ 0.00146038]
449 0.0 129.139297485 [[ 0.41603715  0.55480411]] [ 0.00146983]
450 0.0 129.147903442 [[ 0.41601555  0.55472594]] [ 0.00147124]
451 0.0 129.143081665 [[ 0.41600261  0.55458531]] [ 0.00147427]
452 0.0 129.160873413 [[ 0.41625101  0.55477062]] [ 0.00145395]
453 0.0 129.176971436 [[ 0.41631183  0.55465698]] [ 0.00145501]
454 0.0 129.146987915 [[ 0.41627242  0.55447352]] [ 0.00146094]
455 0.0 129.171661377 [[ 0.41610131  0.55448916]] [ 0.0014671]
456 0.0 129.155212402 [[ 0.41630192  0.55440075]] [ 0.0014565]
457 0.0 129.163299561 [[ 0.41625205  0.55434782]] [ 0.00146076]
458 0.0 129.192901611 [[ 0.41623588  0.55439147]] [ 0.00145773]
459 0.0 129.144714355 [[ 0.4160157   0.55419796]] [ 0.00147272]
460 0.0 129.148803711 [[ 0.41631289  0.55404068]] [ 0.00146128]
461 0.0 129.137619019 [[ 0.41626108  0.55386971]] [ 0.00146569]
462 0.0 129.113983154 [[ 0.41637786  0.55372563]] [ 0.00146347]
463 0.0 129.149551392 [[ 0.41650895  0.55371639]] [ 0.00145676]
464 0.0 129.125167847 [[ 0.41642685  0.55356871]] [ 0.00146432]
465 0.0 129.185150146 [[ 0.41643095  0.55345242]] [ 0.00146619]
466 0.0 129.152252197 [[ 0.41635495  0.55322501]] [ 0.00147466]
467 0.0 129.157577515 [[ 0.4164308   0.55352051]] [ 0.00146006]
468 0.0 129.120239258 [[ 0.41640767  0.55362748]] [ 0.00145752]
469 0.0 129.194412231 [[ 0.41645905  0.55358475]] [ 0.00145607]
470 0.0 129.197189331 [[ 0.41634533  0.55336293]] [ 0.0014658]
471 0.0 129.12701416 [[ 0.41626029  0.55366385]] [ 0.00145929]
472 0.0 129.152206421 [[ 0.41619988  0.55369091]] [ 0.00145824]
473 0.0 129.148269653 [[ 0.41615322  0.55369873]] [ 0.00145821]
474 0.0 129.169921875 [[ 0.41626329  0.55390982]] [ 0.00144545]
475 0.0 129.173553467 [[ 0.41603303  0.55349953]] [ 0.00146703]
476 0.0 129.180831909 [[ 0.41608261  0.55374022]] [ 0.00145498]
477 0.0 129.164993286 [[ 0.41600868  0.55379458]] [ 0.00145507]
478 0.0 129.199661255 [[ 0.41600997  0.55351998]] [ 0.00146018]
479 0.0 129.178283691 [[ 0.41599708  0.55344156]] [ 0.00146185]
480 0.0 129.184127808 [[ 0.41598904  0.55351074]] [ 0.0014586]
481 0.0 129.192932129 [[ 0.41590631  0.55345083]] [ 0.0014633]
482 0.0 129.165420532 [[ 0.41597109  0.55351833]] [ 0.00145697]
483 0.0 129.173843384 [[ 0.4158319   0.55362817]] [ 0.00145825]
484 0.0 129.204971313 [[ 0.41575604  0.55383287]] [ 0.00145422]
485 0.0 129.201339722 [[ 0.41594211  0.55362537]] [ 0.00145026]
486 0.0 129.174514771 [[ 0.41593001  0.55352595]] [ 0.00145185]
487 0.0 129.135375977 [[ 0.41573448  0.55359019]] [ 0.00145726]
488 0.0 129.167480469 [[ 0.41570928  0.55335504]] [ 0.00146578]
489 0.0 129.158706665 [[ 0.41577294  0.5536947 ]] [ 0.00145229]
490 0.0 129.160293579 [[ 0.41549911  0.5535631 ]] [ 0.00146699]
491 0.0 129.180358887 [[ 0.41538469  0.55364642]] [ 0.00146682]
492 0.0 129.110458374 [[ 0.41549827  0.55363263]] [ 0.00146147]
493 0.0 129.149795532 [[ 0.41538516  0.55357195]] [ 0.0014653]
494 0.0 129.143096924 [[ 0.41521572  0.55372157]] [ 0.0014668]
495 0.0 129.15953064 [[ 0.41538491  0.55371315]] [ 0.00146016]
496 0.0 129.14289856 [[ 0.41541551  0.55367649]] [ 0.00145727]
497 0.0 129.111633301 [[ 0.41528215  0.55377794]] [ 0.00146082]
498 0.0 129.149765015 [[ 0.41527814  0.55358551]] [ 0.00146478]
499 0.0 129.139297485 [[ 0.41524465  0.55328945]] [ 0.00147302]
500 0.0 129.099304199 [[ 0.41548651  0.5532783 ]] [ 0.00145982]
501 0.0 129.136032104 [[ 0.41544226  0.55313246]] [ 0.0014648]
502 0.0 129.148101807 [[ 0.41542514  0.5532049 ]] [ 0.00146077]
503 0.0 129.155059814 [[ 0.41543676  0.55346868]] [ 0.00145173]
504 0.0 129.104324341 [[ 0.41536721  0.55322026]] [ 0.0014585]
505 0.0 129.128417969 [[ 0.41541224  0.55288696]] [ 0.00146601]
506 0.0 129.143280029 [[ 0.41546031  0.55331933]] [ 0.00144826]
507 0.0 129.142852783 [[ 0.41523604  0.55314053]] [ 0.00146205]
508 0.0 129.157791138 [[ 0.41506723  0.55308779]] [ 0.00147052]
509 0.0 129.154342651 [[ 0.41531185  0.55298711]] [ 0.00146091]
510 0.0 129.129821777 [[ 0.41522381  0.55300498]] [ 0.00146204]
511 0.0 129.181381226 [[ 0.41547581  0.55278171]] [ 0.00145647]
512 0.0 129.110977173 [[ 0.41551288  0.55280794]] [ 0.00145298]
513 0.0 129.155975342 [[ 0.41521718  0.55301869]] [ 0.00145834]
514 0.0 129.142410278 [[ 0.41507918  0.55297611]] [ 0.00146425]
515 0.0 129.167327881 [[ 0.4150017   0.55302568]] [ 0.00146599]
516 0.0 129.152053833 [[ 0.41515932  0.55280965]] [ 0.00146256]
517 0.0 129.152297974 [[ 0.41539826  0.55271513]] [ 0.0014536]
518 0.0 129.144470215 [[ 0.41521943  0.55271252]] [ 0.00146062]
519 0.0 129.133956909 [[ 0.41528111  0.5527423 ]] [ 0.00145537]
520 0.0 129.170135498 [[ 0.41530854  0.55257664]] [ 0.0014582]
521 0.0 129.146850586 [[ 0.41535347  0.55245552]] [ 0.00145715]
522 0.0 129.178283691 [[ 0.41533599  0.55241294]] [ 0.00145869]
523 0.0 129.211853027 [[ 0.4153454   0.55245104]] [ 0.00145555]
524 0.0 129.219039917 [[ 0.4150844   0.55235345]] [ 0.00146712]
525 0.0 129.191390991 [[ 0.41503457  0.55274929]] [ 0.00145744]
526 0.0 129.2056427 [[ 0.41518139  0.55215358]] [ 0.00146605]
527 0.0 129.217300415 [[ 0.4151658   0.55217023]] [ 0.00146493]
528 0.0 129.191009521 [[ 0.41532888  0.5521029 ]] [ 0.00145966]
529 0.0 129.140960693 [[ 0.41511364  0.55180338]] [ 0.0014755]
530 0.0 129.168823242 [[ 0.41510285  0.55192078]] [ 0.00147013]
531 0.0 129.197097778 [[ 0.41539135  0.5519595 ]] [ 0.00145512]
532 0.0 129.175262451 [[ 0.41543654  0.551731  ]] [ 0.00145959]
533 0.0 129.174026489 [[ 0.41535461  0.55186581]] [ 0.00145733]
534 0.0 129.230102539 [[ 0.41519292  0.55178273]] [ 0.00146609]
535 0.0 129.16960144 [[ 0.41542423  0.55175806]] [ 0.00145508]
536 0.0 129.161071777 [[ 0.41522109  0.55151745]] [ 0.00147023]
537 0.0 129.211303711 [[ 0.41537862  0.55164626]] [ 0.00145888]
538 0.0 129.145126343 [[ 0.41526665  0.55175882]] [ 0.00145819]
539 0.0 129.147872925 [[ 0.41524755  0.55167085]] [ 0.00146184]
540 0.0 129.200790405 [[ 0.41528178  0.55190838]] [ 0.00145079]
541 0.0 129.176879883 [[ 0.41527806  0.55147583]] [ 0.00146172]
542 0.0 129.195281982 [[ 0.41530376  0.55175991]] [ 0.00145214]
543 0.0 129.224899292 [[ 0.41516461  0.55167056]] [ 0.00146099]
544 0.0 129.187240601 [[ 0.41519874  0.55178865]] [ 0.00145409]
545 0.0 129.16317749 [[ 0.41486161  0.55209938]] [ 0.00145882]
546 0.0 129.203735352 [[ 0.41485291  0.55209052]] [ 0.00145641]
547 0.0 129.188079834 [[ 0.41497058  0.55181549]] [ 0.00145819]
548 0.0 129.21913147 [[ 0.41500751  0.55153661]] [ 0.00146225]
549 0.0 129.230712891 [[ 0.41507685  0.55138975]] [ 0.00146286]
550 0.0 129.197921753 [[ 0.41521829  0.55131203]] [ 0.00145643]
551 0.0 129.186813354 [[ 0.41541933  0.55111273]] [ 0.00145088]
552 0.0 129.226776123 [[ 0.41516313  0.55094513]] [ 0.0014653]
553 0.0 129.143981934 [[ 0.41516966  0.55094204]] [ 0.00146187]
554 0.0 129.304458618 [[ 0.41504778  0.55122722]] [ 0.00145859]
555 0.0 129.20741272 [[ 0.41520859  0.55097869]] [ 0.00145577]
556 0.0 129.133102417 [[ 0.41490571  0.55113444]] [ 0.00146219]
557 0.0 129.180130005 [[ 0.41515115  0.55102513]] [ 0.0014539]
558 0.0 129.1431427 [[ 0.41519914  0.55085361]] [ 0.00145376]
559 0.0 129.184051514 [[ 0.41497961  0.55097843]] [ 0.00146013]
560 0.0 129.173171997 [[ 0.41487037  0.5508614 ]] [ 0.0014666]
561 0.0 129.186203003 [[ 0.41477532  0.5511491 ]] [ 0.00145957]
562 0.0 129.198822021 [[ 0.41464605  0.55140769]] [ 0.00145626]
563 0.0 129.159591675 [[ 0.41448894  0.55165856]] [ 0.00145536]
564 0.0 129.199020386 [[ 0.41455923  0.5519172 ]] [ 0.00144282]
565 0.0 129.19682312 [[ 0.41436847  0.55168305]] [ 0.00145673]
566 0.0 129.202362061 [[ 0.41425472  0.55140651]] [ 0.00146967]
567 0.0 129.18989563 [[ 0.41443261  0.55123964]] [ 0.00146373]
568 0.0 129.184371948 [[ 0.41440035  0.55167072]] [ 0.00144981]
569 0.0 129.149353027 [[ 0.41433456  0.55156561]] [ 0.00145633]
570 0.0 129.215621948 [[ 0.41432414  0.55139103]] [ 0.00145994]
571 0.0 129.212875366 [[ 0.41442483  0.55153714]] [ 0.00144966]
572 0.0 129.192733765 [[ 0.41447046  0.55137506]] [ 0.00145072]
573 0.0 129.170700073 [[ 0.4142746   0.55148379]] [ 0.00145439]
574 0.0 129.206970215 [[ 0.41417981  0.55152182]] [ 0.00145694]
575 0.0 129.211349487 [[ 0.41416036  0.55139139]] [ 0.00146066]
576 0.0 129.202896118 [[ 0.41432725  0.55138308]] [ 0.00145111]
577 0.0 129.176864624 [[ 0.41431315  0.55100296]] [ 0.00146238]
578 0.0 129.209823608 [[ 0.41440045  0.55090333]] [ 0.00146244]
579 0.0 129.195724487 [[ 0.41437269  0.55081904]] [ 0.00146403]
580 0.0 129.146850586 [[ 0.41453865  0.55042009]] [ 0.00146764]
581 0.0 129.152038574 [[ 0.41464204  0.55068429]] [ 0.00145425]
582 0.0 129.215148926 [[ 0.41472292  0.55017946]] [ 0.00146594]
583 0.0 129.213241577 [[ 0.41472203  0.55038902]] [ 0.00145708]
584 0.0 129.188613892 [[ 0.4147001  0.5505365]] [ 0.00145367]
585 0.0 129.21395874 [[ 0.41475555  0.55027251]] [ 0.00145751]
586 0.0 129.218734741 [[ 0.41479797  0.5500825 ]] [ 0.00145972]
587 0.0 129.238372803 [[ 0.41463774  0.55001097]] [ 0.00146715]
588 0.0 129.224914551 [[ 0.414683    0.55029245]] [ 0.00145568]
589 0.0 129.202011108 [[ 0.41448019  0.55046113]] [ 0.00145644]
590 0.0 129.217849731 [[ 0.41457512  0.55047567]] [ 0.00145192]
591 0.0 129.212463379 [[ 0.41450964  0.55025607]] [ 0.00145899]
592 0.0 129.181716919 [[ 0.41450537  0.55023295]] [ 0.00145834]
593 0.0 129.249771118 [[ 0.41457364  0.55017274]] [ 0.00145656]
594 0.0 129.213272095 [[ 0.41425736  0.55012211]] [ 0.00146981]
595 0.0 129.244735718 [[ 0.41446656  0.55028399]] [ 0.00145467]
596 0.0 129.191543579 [[ 0.41436508  0.55023935]] [ 0.00145894]
597 0.0 129.158157349 [[ 0.41437728  0.55029468]] [ 0.00145285]
598 0.0 129.169631958 [[ 0.41420593  0.55003644]] [ 0.00146839]
599 0.0 129.152603149 [[ 0.41414708  0.5499299 ]] [ 0.00147124]
600 0.0 129.200042725 [[ 0.41425566  0.55003644]] [ 0.00146279]
601 0.0 129.215194702 [[ 0.41411092  0.55008277]] [ 0.00146502]
602 0.0 129.209365845 [[ 0.41434342  0.54999097]] [ 0.0014576]
603 0.0 129.178543091 [[ 0.41442977  0.54997795]] [ 0.0014526]
604 0.0 129.237030029 [[ 0.41425798  0.54993393]] [ 0.00146116]
605 0.0 129.238372803 [[ 0.41401173  0.55045532]] [ 0.00145359]
606 0.0 129.196411133 [[ 0.41399238  0.55026585]] [ 0.00145737]
607 0.0 129.206436157 [[ 0.41408029  0.55007496]] [ 0.00145915]
608 0.0 129.213684082 [[ 0.41406948  0.55018199]] [ 0.00145489]
609 0.0 129.241760254 [[ 0.41427741  0.55011703]] [ 0.00144724]
610 0.0 129.204116821 [[ 0.4141633   0.54988693]] [ 0.00145667]
611 0.0 129.157318115 [[ 0.41408885  0.54987159]] [ 0.00145915]
612 0.0 129.139129639 [[ 0.41405936  0.54957021]] [ 0.00146773]
613 0.0 129.137359619 [[ 0.41395063  0.54951298]] [ 0.00147307]
614 0.0 129.132598877 [[ 0.41409446  0.54995068]] [ 0.00145239]
615 0.0 129.186752319 [[ 0.41392352  0.54979854]] [ 0.00146405]
616 0.0 129.141479492 [[ 0.41395976  0.54998412]] [ 0.00145377]
617 0.0 129.139068604 [[ 0.41366652  0.55003844]] [ 0.00146528]
618 0.0 129.174438477 [[ 0.41388807  0.55003978]] [ 0.00145128]
619 0.0 129.16104126 [[ 0.41373465  0.55013965]] [ 0.00145407]
620 0.0 129.146881104 [[ 0.41364352  0.54996946]] [ 0.00146179]
621 0.0 129.190216064 [[ 0.41385405  0.55027057]] [ 0.00144244]
622 0.0 129.194335938 [[ 0.41355846  0.55039584]] [ 0.00145104]
623 0.0 129.162750244 [[ 0.41342769  0.55041297]] [ 0.00145449]
624 0.0 129.184936523 [[ 0.41350998  0.55014782]] [ 0.00145855]
625 0.0 129.153396606 [[ 0.41352398  0.55002749]] [ 0.00145858]
626 0.0 129.197463989 [[ 0.41345041  0.5499753 ]] [ 0.00146328]
627 0.0 129.168991089 [[ 0.41348923  0.55023046]] [ 0.00145247]
628 0.0 129.19342041 [[ 0.4134274   0.54992724]] [ 0.00146118]
629 0.0 129.160308838 [[ 0.41348999  0.54982171]] [ 0.00146088]
630 0.0 129.129592896 [[ 0.41350956  0.54964012]] [ 0.0014649]
631 0.0 129.150436401 [[ 0.41378994  0.54913822]] [ 0.00146644]
632 0.0 129.146331787 [[ 0.41370925  0.54930933]] [ 0.00146361]
633 0.0 129.194763184 [[ 0.41400186  0.54934495]] [ 0.00144765]
634 0.0 129.190994263 [[ 0.41369811  0.54904815]] [ 0.0014693]
635 0.0 129.220779419 [[ 0.4137861   0.54901339]] [ 0.00146435]
636 0.0 129.189941406 [[ 0.41357676  0.54928533]] [ 0.00146142]
637 0.0 129.200653076 [[ 0.41370402  0.54937134]] [ 0.00145158]
638 0.0 129.144958496 [[ 0.41369229  0.54909433]] [ 0.00145834]
639 0.0 129.156692505 [[ 0.41363952  0.54883724]] [ 0.00146863]
640 0.0 129.228591919 [[ 0.41398187  0.54862588]] [ 0.00145844]
641 0.0 129.160491943 [[ 0.41403907  0.54855673]] [ 0.00145662]
642 0.0 129.172332764 [[ 0.41402713  0.54828718]] [ 0.00146364]
643 0.0 129.204040527 [[ 0.41405085  0.54851445]] [ 0.00145584]
644 0.0 129.230895996 [[ 0.41419001  0.54844243]] [ 0.00144863]
645 0.0 129.192703247 [[ 0.41416527  0.54838843]] [ 0.00145231]
646 0.0 129.184356689 [[ 0.41419695  0.54819738]] [ 0.001454]
647 0.0 129.180664062 [[ 0.41391982  0.54828309]] [ 0.00146096]
648 0.0 129.187683105 [[ 0.41389382  0.54841141]] [ 0.00145733]
649 0.0 129.180969238 [[ 0.4137021   0.54863272]] [ 0.00145863]
650 0.0 129.203018188 [[ 0.41353431  0.54858275]] [ 0.00146578]
651 0.0 129.211181641 [[ 0.41334042  0.54901313]] [ 0.00145887]
652 0.0 129.176254272 [[ 0.41356014  0.54880825]] [ 0.00145331]
653 0.0 129.228683472 [[ 0.41327324  0.5489756 ]] [ 0.0014595]
654 0.0 129.185302734 [[ 0.41347407  0.5489865 ]] [ 0.00144846]
655 0.0 129.204620361 [[ 0.41344339  0.54887905]] [ 0.00145163]
656 0.0 129.221343994 [[ 0.41332645  0.54874892]] [ 0.00145793]
657 0.0 129.251449585 [[ 0.41323435  0.54878689]] [ 0.00146112]
658 0.0 129.195602417 [[ 0.41320831  0.54901424]] [ 0.00145361]
659 0.0 129.183990479 [[ 0.41305323  0.54935248]] [ 0.00144809]
660 0.0 129.199493408 [[ 0.41290428  0.54917782]] [ 0.00145878]
661 0.0 129.194381714 [[ 0.41299343  0.54893751]] [ 0.00146008]
662 0.0 129.195617676 [[ 0.41309031  0.54890777]] [ 0.00145488]
663 0.0 129.192428589 [[ 0.41307765  0.54892639]] [ 0.00145359]
664 0.0 129.13079834 [[ 0.41310899  0.54879265]] [ 0.00145415]
665 0.0 129.197921753 [[ 0.41327356  0.54872023]] [ 0.00144821]
666 0.0 129.154571533 [[ 0.41311862  0.54844377]] [ 0.00146248]
667 0.0 129.195800781 [[ 0.41301364  0.54873067]] [ 0.00145593]
668 0.0 129.18611145 [[ 0.41294277  0.54884679]] [ 0.00145413]
669 0.0 129.139755249 [[ 0.4130002   0.54874673]] [ 0.00145188]
670 0.0 129.187362671 [[ 0.4128558   0.54875827]] [ 0.00145768]
671 0.0 129.206802368 [[ 0.41299678  0.54853874]] [ 0.00145571]
672 0.0 129.146911621 [[ 0.41311461  0.54829567]] [ 0.00145555]
673 0.0 129.18788147 [[ 0.41316428  0.54843161]] [ 0.00144761]
674 0.0 129.131851196 [[ 0.41306896  0.54796788]] [ 0.00146466]
675 0.0 129.165023804 [[ 0.4131729   0.54808342]] [ 0.00145382]
676 0.0 129.121994019 [[ 0.41315475  0.54801162]] [ 0.00145643]
677 0.0 129.136993408 [[ 0.41330189  0.54755291]] [ 0.001462]
678 0.0 129.133102417 [[ 0.41365735  0.54735096]] [ 0.00145052]
679 0.0 129.185317993 [[ 0.41352085  0.5472289 ]] [ 0.00145937]
680 0.0 129.213241577 [[ 0.41320476  0.54757612]] [ 0.00146097]
681 0.0 129.155471802 [[ 0.41312271  0.54754711]] [ 0.0014636]
682 0.0 129.166641235 [[ 0.41338233  0.54774658]] [ 0.00144409]
683 0.0 129.211685181 [[ 0.41339361  0.54754126]] [ 0.00144796]
684 0.0 129.261322021 [[ 0.41336873  0.54765844]] [ 0.00144452]
685 0.0 129.209854126 [[ 0.41319708  0.54768491]] [ 0.00145007]
686 0.0 129.209442139 [[ 0.41315891  0.5473891 ]] [ 0.00145845]
687 0.0 129.205963135 [[ 0.41309562  0.54741827]] [ 0.00145968]
688 0.0 129.180282593 [[ 0.41321132  0.54756166]] [ 0.00144945]
689 0.0 129.221359253 [[ 0.41323772  0.54757929]] [ 0.00144635]
690 0.0 129.212554932 [[ 0.41314234  0.54749985]] [ 0.00145187]
691 0.0 129.191055298 [[ 0.41314706  0.54728092]] [ 0.00145759]
692 0.0 129.207519531 [[ 0.41312064  0.54722756]] [ 0.00145609]
693 0.0 129.262176514 [[ 0.41321311  0.5469036 ]] [ 0.00146068]
694 0.0 129.180252075 [[ 0.41320895  0.5470791 ]] [ 0.00145569]
695 0.0 129.181838989 [[ 0.41308001  0.54714556]] [ 0.00145826]
696 0.0 129.208312988 [[ 0.41317169  0.54711423]] [ 0.00145391]
697 0.0 129.265533447 [[ 0.41320698  0.54707852]] [ 0.00145129]
698 0.0 129.215789795 [[ 0.41318514  0.5471789 ]] [ 0.00144865]
699 0.0 129.220184326 [[ 0.4131808   0.54694217]] [ 0.00145514]
700 0.0 129.165054321 [[ 0.41328718  0.54679271]] [ 0.00145393]
701 0.0 129.177719116 [[ 0.41330994  0.5465254 ]] [ 0.00145781]
702 0.0 129.197875977 [[ 0.41343435  0.54666797]] [ 0.00144778]
703 0.0 129.187316895 [[ 0.41341143  0.54647367]] [ 0.00145146]
704 0.0 129.170455933 [[ 0.41327366  0.54663636]] [ 0.00145174]
705 0.0 129.165710449 [[ 0.41316499  0.54685141]] [ 0.00144977]
706 0.0 129.211410522 [[ 0.41303447  0.54694539]] [ 0.00145007]
707 0.0 129.24609375 [[ 0.41287246  0.54694761]] [ 0.00145616]
708 0.0 129.199172974 [[ 0.41289313  0.54709172]] [ 0.00144938]
709 0.0 129.210540771 [[ 0.41256474  0.54704829]] [ 0.00146446]
710 0.0 129.240615845 [[ 0.41246845  0.5473187 ]] [ 0.00145884]
711 0.0 129.222549438 [[ 0.41248603  0.54723323]] [ 0.00145805]
712 0.0 129.186401367 [[ 0.41240456  0.54742039]] [ 0.00145528]
713 0.0 129.170974731 [[ 0.41240009  0.54740118]] [ 0.00145235]
714 0.0 129.235549927 [[ 0.41230032  0.54751104]] [ 0.00145246]
715 0.0 129.187652588 [[ 0.41235916  0.5474694 ]] [ 0.00144953]
716 0.0 129.186691284 [[ 0.41231681  0.54761206]] [ 0.00144593]
717 0.0 129.180252075 [[ 0.41216764  0.54740702]] [ 0.00145736]
718 0.0 129.220199585 [[ 0.4120487   0.54763634]] [ 0.00145597]
719 0.0 129.183929443 [[ 0.41222746  0.54755223]] [ 0.00144993]
720 0.0 129.223495483 [[ 0.41210952  0.54743671]] [ 0.00145621]
721 0.0 129.209213257 [[ 0.41218611  0.54717247]] [ 0.00145939]
722 0.0 129.188720703 [[ 0.41210566  0.54715359]] [ 0.00146149]
723 0.0 129.182952881 [[ 0.412171    0.54736447]] [ 0.00145174]
724 0.0 129.199249268 [[ 0.41193697  0.54721686]] [ 0.00146391]
725 0.0 129.213012695 [[ 0.41183256  0.54736675]] [ 0.00146267]
726 0.0 129.152877808 [[ 0.41187078  0.54743645]] [ 0.0014573]
727 0.0 129.214859009 [[ 0.41190228  0.54762368]] [ 0.00144934]
728 0.0 129.181930542 [[ 0.41198195  0.54777349]] [ 0.00144015]
729 0.0 129.250946045 [[ 0.41173499  0.5477523 ]] [ 0.00145019]
730 0.0 129.138458252 [[ 0.41163534  0.54758301]] [ 0.00145911]
731 0.0 129.219192505 [[ 0.41171566  0.547851  ]] [ 0.00144677]
732 0.0 129.171524048 [[ 0.41169328  0.54763095]] [ 0.00145156]
733 0.0 129.144241333 [[ 0.41171016  0.5472179 ]] [ 0.00146096]
734 0.0 129.203735352 [[ 0.41179888  0.5473816 ]] [ 0.00145063]
735 0.0 129.169372559 [[ 0.41157364  0.54746934]] [ 0.00145645]
736 0.0 129.118759155 [[ 0.41164813  0.54743012]] [ 0.00145502]
737 0.0 129.185455322 [[ 0.41191256  0.5474276 ]] [ 0.0014421]
738 0.0 129.185287476 [[ 0.41180632  0.5470002 ]] [ 0.00145925]
739 0.0 129.117279053 [[ 0.41189143  0.54719305]] [ 0.00144797]
740 0.0 129.154724121 [[ 0.41166201  0.54695628]] [ 0.00146431]
741 0.0 129.155212402 [[ 0.41171075  0.54680868]] [ 0.00146378]
742 0.0 129.196594238 [[ 0.41179328  0.54646543]] [ 0.00146856]
743 0.0 129.172531128 [[ 0.41204546  0.54645517]] [ 0.00145741]
744 0.0 129.160980225 [[ 0.4120282   0.54659802]] [ 0.00145192]
745 0.0 129.139709473 [[ 0.41183948  0.54652781]] [ 0.00146089]
746 0.0 129.173233032 [[ 0.41186521  0.54655267]] [ 0.00145775]
747 0.0 129.164260864 [[ 0.41187318  0.5466478 ]] [ 0.00145205]
748 0.0 129.159072876 [[ 0.41184181  0.54645205]] [ 0.00145799]
749 0.0 129.146194458 [[ 0.41169588  0.5465599 ]] [ 0.00145988]
750 0.0 129.127761841 [[ 0.41191202  0.54679757]] [ 0.00144331]
751 0.0 129.178436279 [[ 0.41192322  0.54640026]] [ 0.0014516]
752 0.0 129.13168335 [[ 0.41192224  0.54626548]] [ 0.00145606]
753 0.0 129.189712524 [[ 0.4119214   0.54623448]] [ 0.00145645]
754 0.0 129.135757446 [[ 0.41176339  0.54620303]] [ 0.00146056]
755 0.0 129.183670044 [[ 0.41186538  0.54627189]] [ 0.00145333]
756 0.0 129.130508423 [[ 0.41186994  0.54604122]] [ 0.00145859]
757 0.0 129.132263184 [[ 0.41197898  0.54588684]] [ 0.00145591]
758 0.0 129.125762939 [[ 0.4119737   0.54568495]] [ 0.00146061]
759 0.0 129.129196167 [[ 0.41205494  0.54580007]] [ 0.00145158]
760 0.0 129.175827026 [[ 0.41214371  0.54554195]] [ 0.00145535]
761 0.0 129.158737183 [[ 0.41207086  0.54567265]] [ 0.00145007]
762 0.0 129.187194824 [[ 0.41204789  0.545784  ]] [ 0.00144585]
763 0.0 129.180053711 [[ 0.41192133  0.54544272]] [ 0.00145904]
764 0.0 129.159835815 [[ 0.41211239  0.54537201]] [ 0.0014529]
765 0.0 129.15788269 [[ 0.41211949  0.54540124]] [ 0.00145142]
766 0.0 129.177307129 [[ 0.41211561  0.54518549]] [ 0.0014558]
767 0.0 129.16545105 [[ 0.41174935  0.54575117]] [ 0.00145321]
768 0.0 129.195373535 [[ 0.41145733  0.54591446]] [ 0.00145906]
769 0.0 129.174423218 [[ 0.41147967  0.54594827]] [ 0.00145544]
770 0.0 129.175811768 [[ 0.41175625  0.54573091]] [ 0.00144875]
771 0.0 129.224975586 [[ 0.41176808  0.54570469]] [ 0.0014495]
772 0.0 129.203598022 [[ 0.41163929  0.54577196]] [ 0.00145163]
773 0.0 129.211914062 [[ 0.41150194  0.54597723]] [ 0.00144914]
774 0.0 129.193283081 [[ 0.41122564  0.54625457]] [ 0.00145107]
775 0.0 129.162963867 [[ 0.4111464   0.54616634]] [ 0.00145775]
776 0.0 129.152801514 [[ 0.41128037  0.54619955]] [ 0.00144782]
777 0.0 129.212402344 [[ 0.41104106  0.54622829]] [ 0.00145687]
778 0.0 129.200881958 [[ 0.41114804  0.54638401]] [ 0.00144686]
779 0.0 129.175964355 [[ 0.41119573  0.54619574]] [ 0.00144821]
780 0.0 129.110626221 [[ 0.41110045  0.5462031 ]] [ 0.00145174]
781 0.0 129.171585083 [[ 0.41111753  0.54637147]] [ 0.00144377]
782 0.0 129.191635132 [[ 0.41105811  0.54647664]] [ 0.00144166]
783 0.0 129.175842285 [[ 0.41085343  0.54646647]] [ 0.00144922]
784 0.0 129.168869019 [[ 0.41082246  0.54635574]] [ 0.0014499]
785 0.0 129.160003662 [[ 0.41088686  0.54638495]] [ 0.001446]
786 0.0 129.185577393 [[ 0.41069279  0.54646511]] [ 0.00145181]
787 0.0 129.167282104 [[ 0.41087467  0.54616719]] [ 0.00145142]
788 0.0 129.145233154 [[ 0.4108239   0.54624728]] [ 0.00145012]
789 0.0 129.174041748 [[ 0.41070388  0.54599738]] [ 0.00146021]
790 0.0 129.171310425 [[ 0.41087231  0.54603975]] [ 0.00145254]
791 0.0 129.143890381 [[ 0.41076198  0.54617747]] [ 0.00145271]
792 0.0 129.193634033 [[ 0.41097465  0.54606667]] [ 0.0014445]
793 0.0 129.219238281 [[ 0.41084378  0.54613655]] [ 0.00144685]
794 0.0 129.162414551 [[ 0.4105689   0.54614476]] [ 0.00145793]
795 0.0 129.256896973 [[ 0.41048306  0.54626115]] [ 0.00145696]
796 0.0 129.216552734 [[ 0.41073603  0.54622803]] [ 0.00144592]
797 0.0 129.188171387 [[ 0.41065943  0.54619978]] [ 0.00144786]
798 0.0 129.170394897 [[ 0.41072227  0.5461388 ]] [ 0.0014459]
799 0.0 129.184249878 [[ 0.4106187   0.54615827]] [ 0.0014475]
800 0.0 129.175765991 [[ 0.41056445  0.54607184]] [ 0.00145093]
801 0.0 129.161361694 [[ 0.41061224  0.5460821 ]] [ 0.00144635]
802 0.0 129.214553833 [[ 0.41050139  0.54596555]] [ 0.00145409]
803 0.0 129.216201782 [[ 0.4105721   0.54596243]] [ 0.00145015]
804 0.0 129.181762695 [[ 0.41071199  0.54591941]] [ 0.00144519]
805 0.0 129.149612427 [[ 0.41027263  0.5462115 ]] [ 0.00145494]
806 0.0 129.128433228 [[ 0.41013517  0.54615462]] [ 0.00145889]
807 0.0 129.14263916 [[ 0.41021296  0.54609645]] [ 0.00145658]
808 0.0 129.148742676 [[ 0.41029283  0.54619831]] [ 0.00144721]
809 0.0 129.149337769 [[ 0.41019064  0.54624236]] [ 0.00144892]
810 0.0 129.147201538 [[ 0.410044    0.54629911]] [ 0.00145144]
811 0.0 129.155700684 [[ 0.41011207  0.54605612]] [ 0.00145613]
812 0.0 129.198242188 [[ 0.40984051  0.54648384]] [ 0.00145307]
813 0.0 129.164123535 [[ 0.40997203  0.54659248]] [ 0.00144187]
814 0.0 129.170455933 [[ 0.40969762  0.54669378]] [ 0.00145019]
815 0.0 129.186157227 [[ 0.40980325  0.54644481]] [ 0.00145149]
816 0.0 129.179992676 [[ 0.40980533  0.54669423]] [ 0.00144316]
817 0.0 129.221160889 [[ 0.40986525  0.5465787 ]] [ 0.00144334]
818 0.0 129.167251587 [[ 0.40981141  0.54631224]] [ 0.00145039]
819 0.0 129.171813965 [[ 0.40994502  0.54627616]] [ 0.00144502]
820 0.0 129.181472778 [[ 0.40981877  0.54621413]] [ 0.00145105]
821 0.0 129.163391113 [[ 0.40977504  0.54634962]] [ 0.00144769]
822 0.0 129.166229248 [[ 0.40991426  0.5462323 ]] [ 0.00144118]
823 0.0 129.212738037 [[ 0.40980062  0.54593662]] [ 0.00145329]
824 0.0 129.162490845 [[ 0.40963013  0.54618252]] [ 0.00145201]
825 0.0 129.18989563 [[ 0.40967965  0.54623803]] [ 0.00144685]
826 0.0 129.183105469 [[ 0.40966835  0.54610023]] [ 0.00144954]
827 0.0 129.181213379 [[ 0.40946289  0.54621137]] [ 0.00145361]
828 0.0 129.165603638 [[ 0.40955741  0.54618666]] [ 0.00144864]
829 0.0 129.182128906 [[ 0.40931161  0.54646498]] [ 0.00145094]
830 0.0 129.18737793 [[ 0.40932793  0.54636492]] [ 0.00145175]
831 0.0 129.181137085 [[ 0.40932368  0.54626795]] [ 0.00145305]
832 0.0 129.177749634 [[ 0.40950617  0.54592058]] [ 0.00145378]
833 0.0 129.181793213 [[ 0.4096505   0.54606657]] [ 0.00144064]
834 0.0 129.16960144 [[ 0.40937853  0.54603087]] [ 0.00145284]
835 0.0 129.209274292 [[ 0.40917162  0.54620967]] [ 0.00145551]
836 0.0 129.159790039 [[ 0.40931436  0.5462001 ]] [ 0.00144765]
837 0.0 129.182815552 [[ 0.40913438  0.54636694]] [ 0.00145082]
838 0.0 129.146377563 [[ 0.40911006  0.5465112 ]] [ 0.0014452]
839 0.0 129.132339478 [[ 0.40901773  0.5462941 ]] [ 0.00145524]
840 0.0 129.157501221 [[ 0.40906393  0.54611615]] [ 0.00145485]
841 0.0 129.17414856 [[ 0.40916106  0.54615264]] [ 0.00144991]
842 0.0 129.158203125 [[ 0.40899457  0.54635981]] [ 0.0014491]
843 0.0 129.150375366 [[ 0.40905191  0.54632305]] [ 0.00144625]
844 0.0 129.117874146 [[ 0.409063    0.54630911]] [ 0.0014439]
845 0.0 129.148071289 [[ 0.40904964  0.5461792 ]] [ 0.00144763]
846 0.0 129.194122314 [[ 0.40888164  0.54616735]] [ 0.0014526]
847 0.0 129.138641357 [[ 0.40893351  0.54622087]] [ 0.00145009]
848 0.0 129.206893921 [[ 0.40903299  0.54611185]] [ 0.00144651]
849 0.0 129.227493286 [[ 0.40906703  0.54609216]] [ 0.00144555]
850 0.0 129.188598633 [[ 0.40902946  0.54604877]] [ 0.00144595]
851 0.0 129.208282471 [[ 0.40901402  0.54596555]] [ 0.00144737]
852 0.0 129.144515991 [[ 0.40895542  0.54584083]] [ 0.0014511]
853 0.0 129.184906006 [[ 0.40898838  0.54573872]] [ 0.0014498]
854 0.0 129.182403564 [[ 0.40916686  0.54533818]] [ 0.00145282]
855 0.0 129.217208862 [[ 0.40906325  0.54555984]] [ 0.0014474]
856 0.0 129.18951416 [[ 0.40902648  0.54550001]] [ 0.00145127]
857 0.0 129.188583374 [[ 0.40881248  0.5457152 ]] [ 0.00145279]
858 0.0 129.18019104 [[ 0.40870392  0.54572701]] [ 0.00145569]
859 0.0 129.204177856 [[ 0.40887633  0.54570108]] [ 0.00144812]
860 0.0 129.176010132 [[ 0.40858793  0.54607097]] [ 0.00144992]
861 0.0 129.2318573 [[ 0.40846951  0.54601876]] [ 0.00145588]
862 0.0 129.183914185 [[ 0.40852096  0.54601154]] [ 0.00145351]
863 0.0 129.232116699 [[ 0.40862648  0.54602433]] [ 0.00144689]
864 0.0 129.171737671 [[ 0.40887818  0.54555353]] [ 0.00144467]
865 0.0 129.175064087 [[ 0.40878695  0.54559893]] [ 0.00144662]
866 0.0 129.158660889 [[ 0.40872867  0.5458124 ]] [ 0.00144066]
867 0.0 129.205734253 [[ 0.40863671  0.54555714]] [ 0.00145062]
868 0.0 129.174240112 [[ 0.40887314  0.54540517]] [ 0.00144475]
869 0.0 129.222671509 [[ 0.4089779   0.54506797]] [ 0.00144755]
870 0.0 129.185958862 [[ 0.40899164  0.54506082]] [ 0.00144527]
871 0.0 129.185012817 [[ 0.4087743   0.54516866]] [ 0.00145133]
872 0.0 129.204589844 [[ 0.40872494  0.54544379]] [ 0.00144423]
873 0.0 129.196029663 [[ 0.40858242  0.54544838]] [ 0.00144898]
874 0.0 129.19934082 [[ 0.4086164   0.54540725]] [ 0.00144721]
875 0.0 129.245010376 [[ 0.40859007  0.54525744]] [ 0.00145052]
876 0.0 129.231613159 [[ 0.4086656   0.54509126]] [ 0.0014503]
877 0.0 129.184555054 [[ 0.40866389  0.54511241]] [ 0.00144787]
878 0.0 129.266799927 [[ 0.40860339  0.54538424]] [ 0.00144246]
879 0.0 129.201950073 [[ 0.40843195  0.54498496]] [ 0.00145773]
880 0.0 129.165298462 [[ 0.40859701  0.54479925]] [ 0.0014548]
881 0.0 129.180023193 [[ 0.40865164  0.54508272]] [ 0.00144386]
882 0.0 129.233474731 [[ 0.40867768  0.54501417]] [ 0.0014413]
883 0.0 129.174530029 [[ 0.40872908  0.54485047]] [ 0.001444]
884 0.0 129.206253052 [[ 0.40870411  0.54467652]] [ 0.00144971]
885 0.0 129.219924927 [[ 0.40861961  0.5448103 ]] [ 0.00144762]
886 0.0 129.232070923 [[ 0.40860624  0.54480968]] [ 0.00144715]
887 0.0 129.258804321 [[ 0.40859655  0.54499201]] [ 0.00143964]
888 0.0 129.168395996 [[ 0.40850796  0.54504727]] [ 0.00143907]
889 0.0 129.208312988 [[ 0.40831124  0.54489366]] [ 0.00145261]
890 0.0 129.192230225 [[ 0.40836931  0.5449481 ]] [ 0.00144664]
891 0.0 129.214889526 [[ 0.40843772  0.54493218]] [ 0.00144457]
892 0.0 129.227920532 [[ 0.4085674   0.54479604]] [ 0.00143891]
893 0.0 129.176696777 [[ 0.40840507  0.54479435]] [ 0.00144597]
894 0.0 129.22038269 [[ 0.40829406  0.54499263]] [ 0.00144241]
895 0.0 129.219055176 [[ 0.40812146  0.54489259]] [ 0.00145263]
896 0.0 129.237731934 [[ 0.40813053  0.54479636]] [ 0.00145411]
897 0.0 129.179901123 [[ 0.40828766  0.5446436 ]] [ 0.00144935]
898 0.0 129.174957275 [[ 0.40838596  0.54462867]] [ 0.00144382]
899 0.0 129.162033081 [[ 0.40840515  0.54462257]] [ 0.00144109]
900 0.0 129.177810669 [[ 0.40834317  0.54476714]] [ 0.00143921]
901 0.0 129.176803589 [[ 0.4083699  0.5448909]] [ 0.00143158]
902 0.0 129.218307495 [[ 0.40826987  0.54460179]] [ 0.00144347]
903 0.0 129.237503052 [[ 0.40819952  0.54456868]] [ 0.00144791]
904 0.0 129.183197021 [[ 0.40818376  0.54455463]] [ 0.00144632]
905 0.0 129.160598755 [[ 0.40825364  0.54449773]] [ 0.00144572]
906 0.0 129.14755249 [[ 0.40827532  0.54457978]] [ 0.00144121]
907 0.0 129.195114136 [[ 0.40805831  0.54458845]] [ 0.00145163]
908 0.0 129.129119873 [[ 0.40814187  0.5444315 ]] [ 0.00145024]
909 0.0 129.221954346 [[ 0.40809511  0.54409285]] [ 0.00145987]
910 0.0 129.18447876 [[ 0.40814111  0.54409006]] [ 0.00145629]
911 0.0 129.168319702 [[ 0.40797983  0.54446515]] [ 0.00145024]
912 0.0 129.207122803 [[ 0.40797261  0.54463847]] [ 0.00144332]
913 0.0 129.214736938 [[ 0.40805126  0.54423764]] [ 0.00145019]
914 0.0 129.164901733 [[ 0.40786888  0.54457699]] [ 0.00144656]
915 0.0 129.185562134 [[ 0.40780072  0.54466445]] [ 0.00144754]
916 0.0 129.195800781 [[ 0.40794588  0.54450776]] [ 0.00144563]
917 0.0 129.182723999 [[ 0.40787071  0.54456628]] [ 0.00144468]
918 0.0 129.184432983 [[ 0.40764208  0.54452772]] [ 0.00145632]
919 0.0 129.207183838 [[ 0.4075707   0.54474373]] [ 0.00145168]
920 0.0 129.222412109 [[ 0.40747908  0.5447272 ]] [ 0.00145139]
921 0.0 129.233200073 [[ 0.40764011  0.54490763]] [ 0.00144016]
922 0.0 129.252243042 [[ 0.40760109  0.54473409]] [ 0.00144428]
923 0.0 129.187911987 [[ 0.40750706  0.54487262]] [ 0.00144423]
924 0.0 129.234161377 [[ 0.4075354   0.54478588]] [ 0.00144219]
925 0.0 129.230514526 [[ 0.40751988  0.54445223]] [ 0.00145166]
926 0.0 129.244003296 [[ 0.40761824  0.54467617]] [ 0.00143963]
927 0.0 129.220199585 [[ 0.40753839  0.54445051]] [ 0.00144811]
928 0.0 129.227050781 [[ 0.4075398   0.54452909]] [ 0.00144552]
929 0.0 129.329467773 [[ 0.40755897  0.54462922]] [ 0.00144023]
930 0.0 129.244277954 [[ 0.40752093  0.54438659]] [ 0.00144698]
931 0.0 129.239456177 [[ 0.40757417  0.5445373 ]] [ 0.00143852]
932 0.0 129.208251953 [[ 0.40748794  0.54449017]] [ 0.00144201]
933 0.0 129.268936157 [[ 0.40754458  0.54442562]] [ 0.00143989]
934 0.0 129.180419922 [[ 0.40744891  0.54411153]] [ 0.0014515]
935 0.0 129.199462891 [[ 0.40735154  0.54412285]] [ 0.00145316]
936 0.0 129.213134766 [[ 0.40733041  0.54413277]] [ 0.00145033]
937 0.0 129.260192871 [[ 0.40753453  0.5440098 ]] [ 0.0014441]
938 0.0 129.251266479 [[ 0.40755471  0.5442365 ]] [ 0.00143378]
939 0.0 129.227401733 [[ 0.40762373  0.54391866]] [ 0.00143881]
940 0.0 129.233734131 [[ 0.40765109  0.54367829]] [ 0.00144294]
941 0.0 129.208862305 [[ 0.40754633  0.54356938]] [ 0.00144991]
942 0.0 129.220581055 [[ 0.40760087  0.54400899]] [ 0.0014338]
943 0.0 129.205535889 [[ 0.407336    0.54382248]] [ 0.00144769]
944 0.0 129.228546143 [[ 0.40735909  0.54368597]] [ 0.0014496]
945 0.0 129.192474365 [[ 0.40736936  0.54386258]] [ 0.00144228]
946 0.0 129.194915771 [[ 0.40727865  0.54346053]] [ 0.00145719]
947 0.0 129.210250854 [[ 0.40745408  0.54375613]] [ 0.00143856]
948 0.0 129.20211792 [[ 0.40735411  0.54370275]] [ 0.00144281]
949 0.0 129.188842773 [[ 0.40732701  0.54366733]] [ 0.00144267]
950 0.0 129.240753174 [[ 0.40729494  0.54345217]] [ 0.00145123]
951 0.0 129.182250977 [[ 0.40723474  0.54317426]] [ 0.00146043]
952 0.0 129.236099243 [[ 0.40742951  0.54313243]] [ 0.00145096]
953 0.0 129.180297852 [[ 0.40749785  0.54308627]] [ 0.00144735]
954 0.0 129.188461304 [[ 0.40735367  0.54326071]] [ 0.00144859]
955 0.0 129.200561523 [[ 0.40730266  0.54326802]] [ 0.001449]
956 0.0 129.21635437 [[ 0.40722554  0.54313719]] [ 0.00145484]
957 0.0 129.268676758 [[ 0.4072914   0.54327269]] [ 0.00144537]
958 0.0 129.245727539 [[ 0.40701023  0.54349898]] [ 0.00144926]
959 0.0 129.269470215 [[ 0.40693947  0.54361086]] [ 0.00144613]
960 0.0 129.235733032 [[ 0.4068858   0.54376378]] [ 0.00144383]
961 0.0 129.227478027 [[ 0.40685381  0.54361565]] [ 0.00144678]
962 0.0 129.24822998 [[ 0.40664909  0.54367628]] [ 0.00145257]
963 0.0 129.232421875 [[ 0.40674273  0.54332868]] [ 0.0014555]
964 0.0 129.215499878 [[ 0.40681707  0.54345988]] [ 0.00144851]
965 0.0 129.25491333 [[ 0.40678262  0.5433005 ]] [ 0.00145262]
966 0.0 129.232635498 [[ 0.40671265  0.54351029]] [ 0.00144786]
967 0.0 129.251602173 [[ 0.40688036  0.54334328]] [ 0.0014441]
968 0.0 129.252304077 [[ 0.40690042  0.54318623]] [ 0.00144602]
969 0.0 129.2759552 [[ 0.40671274  0.54332227]] [ 0.00144828]
970 0.0 129.192932129 [[ 0.40672904  0.54335689]] [ 0.00144577]
971 0.0 129.186859131 [[ 0.40679663  0.54316574]] [ 0.00144607]
972 0.0 129.268203735 [[ 0.4068299   0.54312773]] [ 0.00144482]
973 0.0 129.217636108 [[ 0.40676227  0.5429289 ]] [ 0.00145266]
974 0.0 129.288635254 [[ 0.4069053   0.54296583]] [ 0.00144484]
975 0.0 129.228103638 [[ 0.40682803  0.54311203]] [ 0.00144184]
976 0.0 129.225830078 [[ 0.40681816  0.54346335]] [ 0.00143134]
977 0.0 129.20111084 [[ 0.40657129  0.54339478]] [ 0.00144259]
978 0.0 129.199172974 [[ 0.40657888  0.54336226]] [ 0.00144187]
979 0.0 129.215316772 [[ 0.40663208  0.54338092]] [ 0.00143878]
980 0.0 129.255371094 [[ 0.40686002  0.54309776]] [ 0.00143412]
981 0.0 129.192092896 [[ 0.40674155  0.54282202]] [ 0.00144518]
982 0.0 129.163513184 [[ 0.40686656  0.54266539]] [ 0.00144366]
983 0.0 129.159454346 [[ 0.4069319   0.54277295]] [ 0.0014373]
984 0.0 129.176574707 [[ 0.40682095  0.54259313]] [ 0.00144594]
985 0.0 129.202301025 [[ 0.40694803  0.54247423]] [ 0.00144327]
986 0.0 129.206939697 [[ 0.40675905  0.54264747]] [ 0.00144404]
987 0.0 129.209335327 [[ 0.40655634  0.54295243]] [ 0.00144338]
988 0.0 129.232254028 [[ 0.40636555  0.5429469 ]] [ 0.00144969]
989 0.0 129.179931641 [[ 0.40642209  0.54284137]] [ 0.00145076]
990 0.0 129.201278687 [[ 0.40655685  0.54268395]] [ 0.00144972]
991 0.0 129.243713379 [[ 0.40643088  0.54288046]] [ 0.00144844]
992 0.0 129.187240601 [[ 0.40636681  0.54324471]] [ 0.00143906]
993 0.0 129.153442383 [[ 0.40613985  0.54345007]] [ 0.00144079]
994 0.0 129.217956543 [[ 0.40620459  0.54324934]] [ 0.00144306]
995 0.0 129.194290161 [[ 0.4060409   0.54319316]] [ 0.00145166]
996 0.0 129.203018188 [[ 0.40594176  0.54293683]] [ 0.00146178]
997 0.0 129.218887329 [[ 0.40606317  0.54326608]] [ 0.00144422]
998 0.0 129.245254517 [[ 0.40622134  0.54307293]] [ 0.00144255]
999 0.0 129.20602417 [[ 0.40622524  0.54311006]] [ 0.00143917]
creating pickled numpy output
wrote pickled numpy output
Final validation loss
garray(129.1103515625)
Final test loss
garray(130.11073303222656)
Final estimated test NLL
127.543426497
Theano: Initializing cuBLAS
