(50000L, 784L)
compiled score function
Old best loss:
garray(128.71490478515625)
Compiled loss functions
0 garray(126.55406951904297) 128.802459717 [ 0.00619522]
1 garray(126.53995513916016) 128.723297119 [ 0.00617508]
2 garray(126.57286834716797) 128.723510742 [ 0.00617933]
3 garray(126.53541564941406) 128.72303772 [ 0.00617662]
4 garray(126.578125) 128.716995239 [ 0.00619442]
5 garray(126.54900360107422) 128.764160156 [ 0.00622214]
6 garray(126.48031616210938) 128.807022095 [ 0.00622112]
7 garray(126.54756927490234) 128.761871338 [ 0.0061966]
8 garray(126.5310287475586) 128.721389771 [ 0.0062023]
9 garray(126.59733581542969) 128.699447632 [ 0.00621918]
10 garray(126.60195922851562) 128.804122925 [ 0.00620044]
11 garray(126.5821762084961) 128.730636597 [ 0.00622029]
12 garray(126.57627868652344) 128.719940186 [ 0.00622428]
13 garray(126.64920043945312) 128.804122925 [ 0.00616217]
14 garray(126.51356506347656) 128.730072021 [ 0.00614751]
15 garray(126.61917877197266) 128.725738525 [ 0.0061434]
16 garray(126.57962036132812) 128.70300293 [ 0.00617502]
17 garray(126.55493927001953) 128.764526367 [ 0.00618569]
18 garray(126.61489868164062) 128.755447388 [ 0.00618128]
19 garray(126.57453918457031) 128.7709198 [ 0.00618447]
20 garray(126.52798461914062) 128.719909668 [ 0.00619936]
21 garray(126.6095962524414) 128.746414185 [ 0.00621659]
22 garray(126.58417510986328) 128.733535767 [ 0.0061892]
23 garray(126.56367492675781) 128.756942749 [ 0.0062062]
24 garray(126.52845001220703) 128.760437012 [ 0.00622242]
25 garray(126.52450561523438) 128.760498047 [ 0.00620021]
26 garray(126.52130889892578) 128.75453186 [ 0.00620239]
27 garray(126.57476043701172) 128.762939453 [ 0.00617839]
28 garray(126.60595703125) 128.841369629 [ 0.00617135]
29 garray(126.57664489746094) 128.721572876 [ 0.00618224]
30 garray(126.6260757446289) 128.788894653 [ 0.00617015]
31 garray(126.5124740600586) 128.767562866 [ 0.00617446]
32 garray(126.60966491699219) 128.73588562 [ 0.00618831]
33 garray(126.57048034667969) 128.737640381 [ 0.00620703]
34 garray(126.52739715576172) 128.725967407 [ 0.00619841]
35 garray(126.58036041259766) 128.742385864 [ 0.00617853]
36 garray(126.54971313476562) 128.795303345 [ 0.00620993]
37 garray(126.51715850830078) 128.764923096 [ 0.0062151]
38 garray(126.52967834472656) 128.838851929 [ 0.00618034]
39 garray(126.57532501220703) 128.798370361 [ 0.00619454]
40 garray(126.50148010253906) 128.754440308 [ 0.00620057]
41 garray(126.56970977783203) 128.746841431 [ 0.00620358]
42 garray(126.64643859863281) 128.80960083 [ 0.00619429]
43 garray(126.55645751953125) 128.812072754 [ 0.00618256]
44 garray(126.56655883789062) 128.766311646 [ 0.00616325]
45 garray(126.51606750488281) 128.777999878 [ 0.00618063]
46 garray(126.58280944824219) 128.777603149 [ 0.00618242]
47 garray(126.52789306640625) 128.80116272 [ 0.00620274]
48 garray(126.54651641845703) 128.745574951 [ 0.0062098]
49 garray(126.59077453613281) 128.777908325 [ 0.00620625]
50 garray(126.56425476074219) 128.751251221 [ 0.00620302]
51 garray(126.63028717041016) 128.75378418 [ 0.00621954]
52 garray(126.54969787597656) 128.791549683 [ 0.00622629]
53 garray(126.56197357177734) 128.759506226 [ 0.00620792]
54 garray(126.58148956298828) 128.759750366 [ 0.00618388]
55 garray(126.49813842773438) 128.757629395 [ 0.00621714]
56 garray(126.60413360595703) 128.756973267 [ 0.00620521]
57 garray(126.59663391113281) 128.75579834 [ 0.0062121]
58 garray(126.5550537109375) 128.768676758 [ 0.00619018]
59 garray(126.62857818603516) 128.797637939 [ 0.00620248]
60 garray(126.52259826660156) 128.747009277 [ 0.00619926]
61 garray(126.5428695678711) 128.778259277 [ 0.00619449]
62 garray(126.49932861328125) 128.794509888 [ 0.00619491]
63 garray(126.60450744628906) 128.747802734 [ 0.00620104]
64 garray(126.54658508300781) 128.770339966 [ 0.00621305]
65 garray(126.54845428466797) 128.773773193 [ 0.00621737]
66 garray(126.51201629638672) 128.758239746 [ 0.00618282]
67 garray(126.5099105834961) 128.756774902 [ 0.00619471]
68 garray(126.5711441040039) 128.808670044 [ 0.00619245]
69 garray(126.57434844970703) 128.758834839 [ 0.00620831]
70 garray(126.59549713134766) 128.774230957 [ 0.006203]
71 garray(126.51201629638672) 128.757324219 [ 0.00619836]
72 garray(126.59092712402344) 128.787384033 [ 0.00617558]
73 garray(126.59615325927734) 128.849182129 [ 0.00612115]
74 garray(126.66609954833984) 128.859039307 [ 0.00615852]
75 garray(126.5625) 128.795394897 [ 0.00616385]
76 garray(126.52774810791016) 128.798904419 [ 0.00616894]
77 garray(126.51551818847656) 128.740310669 [ 0.00618755]
78 garray(126.54227447509766) 128.754577637 [ 0.00618615]
79 garray(126.55131530761719) 128.810241699 [ 0.00616566]
80 garray(126.52379608154297) 128.826675415 [ 0.00619012]
81 garray(126.5295639038086) 128.756393433 [ 0.00617093]
82 garray(126.59595489501953) 128.79675293 [ 0.00616884]
83 garray(126.54426574707031) 128.852493286 [ 0.00619266]
84 garray(126.63050842285156) 128.853302002 [ 0.00619179]
85 garray(126.59943389892578) 128.826812744 [ 0.00617808]
86 garray(126.5370864868164) 128.768981934 [ 0.00619064]
87 garray(126.52655029296875) 128.777740479 [ 0.00618991]
88 garray(126.61258697509766) 128.816177368 [ 0.00621426]
89 garray(126.60202026367188) 128.828140259 [ 0.00619608]
90 garray(126.5777587890625) 128.732803345 [ 0.0061956]
91 garray(126.57111358642578) 128.769638062 [ 0.00622331]
92 garray(126.60447692871094) 128.735641479 [ 0.00621187]
93 garray(126.53683471679688) 128.812911987 [ 0.00619622]
94 garray(126.50991821289062) 128.817169189 [ 0.00619173]
95 garray(126.4958267211914) 128.794433594 [ 0.00617994]
96 garray(126.53862762451172) 128.798660278 [ 0.00620147]
97 garray(126.68683624267578) 128.879928589 [ 0.00619528]
98 garray(126.54351806640625) 128.771774292 [ 0.00617223]
99 garray(126.55426788330078) 128.785232544 [ 0.00617672]
100 garray(126.73629760742188) 128.859146118 [ 0.00620893]
101 garray(126.59379577636719) 128.769973755 [ 0.00623346]
102 garray(126.65937805175781) 128.820907593 [ 0.00622361]
103 garray(126.59565734863281) 128.786422729 [ 0.0061734]
104 garray(126.55035400390625) 128.798980713 [ 0.00616255]
105 garray(126.53013610839844) 128.770492554 [ 0.00617149]
106 garray(126.51668548583984) 128.760620117 [ 0.00618803]
107 garray(126.57333374023438) 128.748733521 [ 0.00621569]
108 garray(126.50666046142578) 128.769439697 [ 0.00620515]
109 garray(126.57683563232422) 128.710510254 [ 0.00619943]
110 garray(126.5212631225586) 128.725769043 [ 0.00622412]
111 garray(126.52249908447266) 128.718399048 [ 0.00624421]
112 garray(126.66852569580078) 128.807769775 [ 0.00616128]
113 garray(126.56271362304688) 128.758636475 [ 0.00614142]
114 garray(126.51689910888672) 128.742401123 [ 0.00613791]
115 garray(126.56775665283203) 128.755569458 [ 0.00617954]
116 garray(126.63455963134766) 128.747238159 [ 0.00617669]
117 garray(126.4623031616211) 128.762802124 [ 0.00617964]
118 garray(126.58186340332031) 128.776672363 [ 0.0061526]
119 garray(126.53865051269531) 128.75138855 [ 0.00615767]
120 garray(126.53723907470703) 128.767852783 [ 0.00620821]
121 garray(126.5511474609375) 128.80291748 [ 0.00613166]
122 garray(126.54731750488281) 128.789901733 [ 0.00615477]
123 garray(126.59622955322266) 128.742446899 [ 0.00618143]
124 garray(126.61491394042969) 128.786895752 [ 0.00618213]
125 garray(126.51189422607422) 128.761230469 [ 0.0061731]
126 garray(126.64239501953125) 128.764404297 [ 0.00617933]
127 garray(126.5837173461914) 128.739425659 [ 0.00618912]
128 garray(126.56513977050781) 128.726013184 [ 0.00617852]
129 garray(126.54586029052734) 128.717453003 [ 0.00618995]
130 garray(126.55105590820312) 128.763946533 [ 0.00617888]
131 garray(126.51580047607422) 128.718139648 [ 0.00618566]
132 garray(126.51499938964844) 128.722503662 [ 0.00617321]
133 garray(126.57515716552734) 128.698440552 [ 0.00618466]
134 garray(126.589599609375) 128.717208862 [ 0.00621342]
135 garray(126.48489379882812) 128.661911011 [ 0.006192]
136 garray(126.5881576538086) 128.717437744 [ 0.00618358]
137 garray(126.51185607910156) 128.676040649 [ 0.00619424]
138 garray(126.56724548339844) 128.7162323 [ 0.00618126]
139 garray(126.65461730957031) 128.85194397 [ 0.00616483]
140 garray(126.50418853759766) 128.725112915 [ 0.00616774]
141 garray(126.59001922607422) 128.753204346 [ 0.00618851]
142 garray(126.49749755859375) 128.703262329 [ 0.00617586]
143 garray(126.5400390625) 128.743240356 [ 0.00618634]
144 garray(126.55821990966797) 128.712615967 [ 0.00618192]
145 garray(126.54670715332031) 128.759338379 [ 0.00620346]
146 garray(126.51607513427734) 128.750350952 [ 0.00621917]
147 garray(126.5549545288086) 128.771774292 [ 0.00620678]
148 garray(126.54023742675781) 128.723220825 [ 0.00619316]
149 garray(126.50995635986328) 128.713729858 [ 0.00620626]
150 garray(126.46406555175781) 128.725921631 [ 0.00622026]
151 garray(126.52372741699219) 128.708312988 [ 0.00621477]
152 garray(126.48487854003906) 128.740509033 [ 0.0062334]
153 garray(126.56100463867188) 128.711364746 [ 0.00621947]
154 garray(126.6278305053711) 128.773132324 [ 0.00620209]
155 garray(126.54617309570312) 128.706573486 [ 0.00620711]
156 garray(126.52747344970703) 128.705551147 [ 0.00620609]
157 garray(126.53809356689453) 128.693267822 [ 0.00619472]
158 garray(126.52639770507812) 128.756774902 [ 0.00617831]
159 garray(126.532958984375) 128.763809204 [ 0.00616569]
160 garray(126.58971405029297) 128.771728516 [ 0.00615781]
161 garray(126.59115600585938) 128.777770996 [ 0.00615783]
162 garray(126.56755828857422) 128.732162476 [ 0.00617673]
163 garray(126.59676361083984) 128.734893799 [ 0.00617067]
164 garray(126.56400299072266) 128.802001953 [ 0.00612675]
165 garray(126.54402923583984) 128.75289917 [ 0.00617992]
166 garray(126.52568054199219) 128.742004395 [ 0.00621659]
167 garray(126.54927825927734) 128.713363647 [ 0.00621036]
168 garray(126.50513458251953) 128.748077393 [ 0.0062098]
169 garray(126.58932495117188) 128.723403931 [ 0.00620055]
170 garray(126.61699676513672) 128.798171997 [ 0.00620135]
171 garray(126.60027313232422) 128.757339478 [ 0.00622224]
172 garray(126.5102767944336) 128.798965454 [ 0.00623079]
173 garray(126.58507537841797) 128.775146484 [ 0.00622381]
174 garray(126.56208038330078) 128.741439819 [ 0.00623479]
175 garray(126.59074401855469) 128.703887939 [ 0.00622966]
176 garray(126.56007385253906) 128.748291016 [ 0.0062149]
177 garray(126.60725402832031) 128.773101807 [ 0.00622876]
178 garray(126.58303833007812) 128.71875 [ 0.00621253]
179 garray(126.6189956665039) 128.69833374 [ 0.00621403]
180 garray(126.5881576538086) 128.750762939 [ 0.00620199]
181 garray(126.55979919433594) 128.751800537 [ 0.00619092]
182 garray(126.56111907958984) 128.734191895 [ 0.00617044]
183 garray(126.5714340209961) 128.727310181 [ 0.00618959]
184 garray(126.48814392089844) 128.734191895 [ 0.00621312]
185 garray(126.49605560302734) 128.743591309 [ 0.00621971]
186 garray(126.55188751220703) 128.687072754 [ 0.00622448]
187 garray(126.5528564453125) 128.65927124 [ 0.00621009]
188 garray(126.45018005371094) 128.672607422 [ 0.00620217]
189 garray(126.57609558105469) 128.700531006 [ 0.00621611]
190 garray(126.5477294921875) 128.688278198 [ 0.00620395]
191 garray(126.59354400634766) 128.685501099 [ 0.00617798]
192 garray(126.57252502441406) 128.674484253 [ 0.00618941]
193 garray(126.54979705810547) 128.698303223 [ 0.00620952]
194 garray(126.522216796875) 128.693649292 [ 0.0062211]
195 garray(126.50096893310547) 128.706726074 [ 0.00622886]
196 garray(126.55111694335938) 128.702423096 [ 0.0062427]
197 garray(126.53512573242188) 128.686676025 [ 0.00621911]
198 garray(126.50285339355469) 128.743438721 [ 0.00620404]
199 garray(126.5600357055664) 128.714370728 [ 0.00618062]
200 garray(126.66083526611328) 128.73374939 [ 0.00617863]
201 garray(126.56961822509766) 128.694213867 [ 0.00616713]
202 garray(126.53059387207031) 128.718795776 [ 0.00617748]
203 garray(126.51966857910156) 128.74760437 [ 0.00619719]
204 garray(126.5649642944336) 128.679519653 [ 0.00621435]
205 garray(126.5438232421875) 128.69821167 [ 0.00623522]
206 garray(126.52157592773438) 128.728317261 [ 0.00623284]
207 garray(126.5599365234375) 128.695404053 [ 0.00622347]
208 garray(126.56251525878906) 128.730621338 [ 0.00620393]
209 garray(126.61660766601562) 128.769683838 [ 0.00622717]
210 garray(126.60525512695312) 128.831314087 [ 0.00620947]
211 garray(126.56132507324219) 128.712356567 [ 0.00619176]
212 garray(126.55119323730469) 128.719421387 [ 0.00620782]
213 garray(126.80443572998047) 128.894821167 [ 0.00612994]
214 garray(126.60234832763672) 128.8306427 [ 0.00611492]
215 garray(126.66561889648438) 128.712631226 [ 0.00615573]
216 garray(126.5976791381836) 128.672103882 [ 0.00617979]
217 garray(126.5964584350586) 128.734863281 [ 0.00617232]
218 garray(126.5162582397461) 128.690063477 [ 0.00616549]
219 garray(126.58751678466797) 128.729598999 [ 0.0061683]
220 garray(126.57686614990234) 128.741943359 [ 0.00619463]
221 garray(126.56210327148438) 128.760543823 [ 0.0062066]
222 garray(126.5546875) 128.772399902 [ 0.006201]
223 garray(126.64353942871094) 128.78666687 [ 0.00618319]
224 garray(126.59351348876953) 128.708755493 [ 0.0061964]
225 garray(126.62210845947266) 128.710586548 [ 0.00619079]
226 garray(126.53618621826172) 128.777084351 [ 0.00618182]
227 garray(126.47200012207031) 128.71661377 [ 0.00618213]
228 garray(126.49000549316406) 128.74822998 [ 0.00619493]
229 garray(126.4952392578125) 128.654769897 [ 0.00618162]
230 garray(126.52052307128906) 128.749969482 [ 0.00617837]
231 garray(126.55066680908203) 128.718902588 [ 0.00616589]
232 garray(126.51765441894531) 128.713577271 [ 0.00619001]
233 garray(126.56515502929688) 128.780166626 [ 0.0061978]
234 garray(126.49453735351562) 128.718490601 [ 0.00620407]
235 garray(126.5115737915039) 128.780715942 [ 0.00621272]
236 garray(126.64772033691406) 128.790481567 [ 0.00621611]
237 garray(126.53739929199219) 128.710113525 [ 0.00621288]
238 garray(126.6248779296875) 128.800689697 [ 0.00619716]
239 garray(126.55001831054688) 128.697891235 [ 0.00618199]
240 garray(126.49317932128906) 128.740264893 [ 0.00622273]
241 garray(126.5556640625) 128.730453491 [ 0.00614958]
242 garray(126.52437591552734) 128.697189331 [ 0.00614898]
243 garray(126.55839538574219) 128.727890015 [ 0.0061646]
244 garray(126.57799530029297) 128.714630127 [ 0.00617566]
245 garray(126.58416748046875) 128.722396851 [ 0.00617392]
246 garray(126.57119750976562) 128.745651245 [ 0.00617621]
247 garray(126.72080993652344) 128.808197021 [ 0.00619263]
248 garray(126.54945373535156) 128.713623047 [ 0.00620401]
249 garray(126.46989440917969) 128.716491699 [ 0.00619968]
250 garray(126.55509948730469) 128.743148804 [ 0.00620866]
251 garray(126.50341033935547) 128.751724243 [ 0.00620923]
252 garray(126.54147338867188) 128.70791626 [ 0.00622312]
253 garray(126.53077697753906) 128.818344116 [ 0.0062137]
254 garray(126.50186920166016) 128.738998413 [ 0.00620551]
255 garray(126.5328598022461) 128.764358521 [ 0.00619214]
256 garray(126.53253936767578) 128.764022827 [ 0.00619828]
257 garray(126.54621887207031) 128.73828125 [ 0.00619136]
258 garray(126.58519744873047) 128.739730835 [ 0.0061804]
259 garray(126.53705596923828) 128.757171631 [ 0.00620236]
260 garray(126.48204803466797) 128.730316162 [ 0.00621035]
261 garray(126.47779846191406) 128.742218018 [ 0.00619798]
262 garray(126.61701965332031) 128.74559021 [ 0.00620798]
263 garray(126.49077606201172) 128.668411255 [ 0.00621236]
264 garray(126.58901977539062) 128.675033569 [ 0.00620887]
265 garray(126.495849609375) 128.716690063 [ 0.00621636]
266 garray(126.50296020507812) 128.730102539 [ 0.00619722]
267 garray(126.55945587158203) 128.690490723 [ 0.00620398]
268 garray(126.59318542480469) 128.748977661 [ 0.00620251]
269 garray(126.55194854736328) 128.700256348 [ 0.00621575]
270 garray(126.60277557373047) 128.706680298 [ 0.00618423]
271 garray(126.47989654541016) 128.775314331 [ 0.00620463]
272 garray(126.61103820800781) 128.700241089 [ 0.00621013]
273 garray(126.51860046386719) 128.735076904 [ 0.00620828]
274 garray(126.49305725097656) 128.74230957 [ 0.00620924]
275 garray(126.58099365234375) 128.760253906 [ 0.00621679]
276 garray(126.55147552490234) 128.784713745 [ 0.00620375]
277 garray(126.73072052001953) 128.82131958 [ 0.00620036]
278 garray(126.57796478271484) 128.746032715 [ 0.00621278]
279 garray(126.50515747070312) 128.735992432 [ 0.00617374]
280 garray(126.54084777832031) 128.713150024 [ 0.00617669]
281 garray(126.62271881103516) 128.749176025 [ 0.00619654]
282 garray(126.60233306884766) 128.694046021 [ 0.00620478]
283 garray(126.50833892822266) 128.680725098 [ 0.0062094]
284 garray(126.57721710205078) 128.73059082 [ 0.00621176]
285 garray(126.54563903808594) 128.714233398 [ 0.00620917]
286 garray(126.54547882080078) 128.767181396 [ 0.00621769]
287 garray(126.54509735107422) 128.74029541 [ 0.0062184]
288 garray(126.54313659667969) 128.671646118 [ 0.00618903]
289 garray(126.52657318115234) 128.668609619 [ 0.00619176]
290 garray(126.51693725585938) 128.730773926 [ 0.00618459]
291 garray(126.52153778076172) 128.757705688 [ 0.00618378]
292 garray(126.69792938232422) 128.796920776 [ 0.00622999]
293 garray(126.57091522216797) 128.672470093 [ 0.00620145]
294 garray(126.61331939697266) 128.756881714 [ 0.00619198]
295 garray(126.57139587402344) 128.692520142 [ 0.00619466]
296 garray(126.64945983886719) 128.679870605 [ 0.00617576]
297 garray(126.5751953125) 128.70262146 [ 0.00619362]
298 garray(126.48863983154297) 128.704986572 [ 0.00620624]
299 garray(126.4766845703125) 128.695098877 [ 0.00617938]
300 garray(126.6081771850586) 128.70854187 [ 0.00616171]
301 garray(126.53244018554688) 128.664733887 [ 0.0061404]
302 garray(126.52839660644531) 128.718475342 [ 0.0061459]
303 garray(126.59420776367188) 128.740905762 [ 0.00615658]
304 garray(126.51831817626953) 128.668746948 [ 0.00616888]
305 garray(126.54876708984375) 128.764266968 [ 0.00617645]
306 garray(126.53532409667969) 128.686798096 [ 0.00615507]
307 garray(126.49737548828125) 128.719329834 [ 0.00616894]
308 garray(126.55077362060547) 128.726913452 [ 0.0061464]
309 garray(126.50933837890625) 128.694458008 [ 0.00617912]
310 garray(126.59673309326172) 128.749725342 [ 0.0061599]
311 garray(126.53096771240234) 128.727416992 [ 0.00616534]
312 garray(126.57073974609375) 128.736221313 [ 0.00615476]
313 garray(126.53607940673828) 128.724761963 [ 0.00615481]
314 garray(126.56621551513672) 128.694488525 [ 0.00618291]
315 garray(126.54365539550781) 128.717834473 [ 0.00620137]
316 garray(126.57801818847656) 128.707382202 [ 0.00618949]
317 garray(126.48709869384766) 128.660049438 [ 0.00618941]
318 garray(126.54248046875) 128.757781982 [ 0.00619653]
319 garray(126.55704498291016) 128.725402832 [ 0.00620502]
320 garray(126.60997772216797) 128.691513062 [ 0.00616835]
321 garray(126.5889663696289) 128.726074219 [ 0.0061165]
322 garray(126.56109619140625) 128.656921387 [ 0.0061251]
323 garray(126.4955062866211) 128.701004028 [ 0.00614977]
324 garray(126.57451629638672) 128.677154541 [ 0.00616414]
325 garray(126.71377563476562) 128.743530273 [ 0.00614412]
326 garray(126.5648193359375) 128.711929321 [ 0.0061066]
327 garray(126.5919189453125) 128.703109741 [ 0.00614325]
328 garray(126.5510482788086) 128.743301392 [ 0.00614852]
329 garray(126.53739929199219) 128.721359253 [ 0.00615396]
330 garray(126.47537994384766) 128.748931885 [ 0.00615472]
331 garray(126.58938598632812) 128.748382568 [ 0.00616972]
332 garray(126.54151916503906) 128.738723755 [ 0.00616552]
333 garray(126.56437683105469) 128.687698364 [ 0.00617106]
334 garray(126.5729751586914) 128.705032349 [ 0.00614735]
335 garray(126.52545928955078) 128.748550415 [ 0.00618388]
336 garray(126.53229522705078) 128.758148193 [ 0.00616919]
337 garray(126.55516815185547) 128.686630249 [ 0.00615778]
338 garray(126.57173919677734) 128.674987793 [ 0.00616853]
339 garray(126.49996948242188) 128.77192688 [ 0.00616482]
340 garray(126.56140899658203) 128.717544556 [ 0.00617406]
341 garray(126.5235595703125) 128.703430176 [ 0.00617814]
342 garray(126.580078125) 128.742355347 [ 0.00618546]
343 garray(126.57811737060547) 128.735397339 [ 0.00617747]
344 garray(126.58541870117188) 128.761672974 [ 0.0061766]
345 garray(126.55877685546875) 128.734222412 [ 0.0061595]
346 garray(126.5504150390625) 128.748474121 [ 0.00618309]
347 garray(126.49329376220703) 128.731521606 [ 0.00620498]
348 garray(126.60725402832031) 128.719345093 [ 0.00620633]
349 garray(126.50050354003906) 128.76449585 [ 0.00617577]
350 garray(126.5487060546875) 128.735290527 [ 0.0061665]
351 garray(126.52693939208984) 128.690490723 [ 0.00617188]
352 garray(126.49398803710938) 128.735321045 [ 0.00618016]
353 garray(126.4967269897461) 128.763153076 [ 0.00620079]
354 garray(126.46927642822266) 128.715744019 [ 0.00620037]
355 garray(126.53239440917969) 128.703292847 [ 0.00616961]
356 garray(126.5294189453125) 128.730239868 [ 0.0061692]
357 garray(126.47443389892578) 128.751113892 [ 0.00618434]
358 garray(126.5150146484375) 128.781814575 [ 0.00621834]
359 garray(126.58716583251953) 128.765472412 [ 0.00621257]
360 garray(126.49666595458984) 128.800720215 [ 0.00618942]
361 garray(126.71761322021484) 128.971801758 [ 0.00621201]
362 garray(126.71073913574219) 128.788574219 [ 0.00622837]
363 garray(126.57241821289062) 128.752304077 [ 0.00622969]
364 garray(126.6286392211914) 128.790161133 [ 0.00617424]
365 garray(126.571533203125) 128.712463379 [ 0.00620265]
366 garray(126.55098724365234) 128.760131836 [ 0.00617984]
367 garray(126.5234375) 128.684631348 [ 0.00616041]
368 garray(126.61903381347656) 128.766815186 [ 0.00618164]
369 garray(126.43841552734375) 128.697280884 [ 0.00620372]
370 garray(126.56962585449219) 128.716262817 [ 0.00621246]
371 garray(126.52579498291016) 128.741973877 [ 0.00621699]
372 garray(126.50904846191406) 128.737869263 [ 0.00620568]
373 garray(126.63809967041016) 128.827758789 [ 0.00619164]
374 garray(126.53673553466797) 128.769958496 [ 0.00616602]
375 garray(126.5166244506836) 128.686187744 [ 0.0061682]
376 garray(126.51717376708984) 128.706497192 [ 0.00619426]
377 garray(126.54595947265625) 128.698135376 [ 0.0062129]
378 garray(126.55859375) 128.716949463 [ 0.00618667]
379 garray(126.4973373413086) 128.743469238 [ 0.00618367]
380 garray(126.54204559326172) 128.718139648 [ 0.00620181]
381 garray(126.55632019042969) 128.703689575 [ 0.00620355]
382 garray(126.61207580566406) 128.729614258 [ 0.00619617]
383 garray(126.56398010253906) 128.699783325 [ 0.00619431]
384 garray(126.53421783447266) 128.714584351 [ 0.00624415]
385 garray(126.52772521972656) 128.713516235 [ 0.00623481]
386 garray(126.50982666015625) 128.740951538 [ 0.00623366]
387 garray(126.5967788696289) 128.81968689 [ 0.00627828]
388 garray(126.5927505493164) 128.748001099 [ 0.00625185]
389 garray(126.57239532470703) 128.686599731 [ 0.00623532]
390 garray(126.52249908447266) 128.752853394 [ 0.00620327]
391 garray(126.55818939208984) 128.724105835 [ 0.00619643]
392 garray(126.66949462890625) 128.751190186 [ 0.00616888]
393 garray(126.49711608886719) 128.747283936 [ 0.00617808]
394 garray(126.55850982666016) 128.76361084 [ 0.00617484]
395 garray(126.49620819091797) 128.726837158 [ 0.00621184]
396 garray(126.54883575439453) 128.771896362 [ 0.00621354]
397 garray(126.53623962402344) 128.766464233 [ 0.00621766]
398 garray(126.53223419189453) 128.736190796 [ 0.00620548]
399 garray(126.53158569335938) 128.761962891 [ 0.00619056]
400 garray(126.4857177734375) 128.781570435 [ 0.00617934]
401 garray(126.75145721435547) 128.930175781 [ 0.006196]
402 garray(126.53741455078125) 128.766189575 [ 0.00615531]
403 garray(126.50615692138672) 128.738510132 [ 0.00616243]
404 garray(126.5029067993164) 128.698928833 [ 0.00618958]
405 garray(126.55485534667969) 128.700515747 [ 0.00617247]
406 garray(126.60997772216797) 128.725692749 [ 0.00618368]
407 garray(126.63497924804688) 128.784713745 [ 0.0061678]
408 garray(126.49817657470703) 128.742431641 [ 0.00619253]
409 garray(126.51419830322266) 128.740524292 [ 0.00619252]
410 garray(126.48810577392578) 128.703994751 [ 0.0061803]
411 garray(126.54490661621094) 128.668731689 [ 0.00619417]
412 garray(126.52469635009766) 128.712463379 [ 0.00620063]
413 garray(126.54176330566406) 128.700241089 [ 0.00618968]
414 garray(126.5148696899414) 128.72177124 [ 0.00620182]
415 garray(126.5436782836914) 128.715026855 [ 0.00621627]
416 garray(126.5177001953125) 128.767837524 [ 0.00621702]
417 garray(126.50291442871094) 128.665618896 [ 0.00618611]
418 garray(126.54403686523438) 128.712051392 [ 0.00622188]
419 garray(126.5739974975586) 128.73727417 [ 0.00620296]
420 garray(126.51990509033203) 128.710250854 [ 0.00621381]
421 garray(126.50299835205078) 128.752578735 [ 0.00619531]
422 garray(126.583984375) 128.767456055 [ 0.00617645]
423 garray(126.62255859375) 128.754928589 [ 0.00617274]
424 garray(126.56364440917969) 128.720291138 [ 0.00618777]
425 garray(126.51263427734375) 128.73638916 [ 0.00619567]
426 garray(126.55133819580078) 128.719436646 [ 0.00620472]
427 garray(126.55247497558594) 128.790649414 [ 0.00617487]
428 garray(126.55581665039062) 128.745620728 [ 0.00617308]
429 garray(126.6177749633789) 128.714050293 [ 0.00616813]
430 garray(126.5219497680664) 128.70173645 [ 0.00621045]
431 garray(126.6304931640625) 128.783676147 [ 0.00622898]
432 garray(126.5414047241211) 128.752212524 [ 0.00620678]
433 garray(126.56477355957031) 128.738998413 [ 0.00616168]
434 garray(126.48771667480469) 128.767364502 [ 0.00618571]
435 garray(126.53001403808594) 128.724441528 [ 0.00617944]
436 garray(126.55167388916016) 128.749740601 [ 0.00619181]
437 garray(126.58738708496094) 128.804016113 [ 0.00619435]
438 garray(126.5910873413086) 128.764343262 [ 0.00619949]
439 garray(126.48641967773438) 128.758056641 [ 0.00618255]
440 garray(126.44499969482422) 128.720321655 [ 0.00620802]
441 garray(126.53887939453125) 128.746734619 [ 0.00621973]
442 garray(126.53141021728516) 128.699783325 [ 0.00621185]
443 garray(126.50345611572266) 128.721435547 [ 0.00618543]
444 garray(126.56913757324219) 128.724914551 [ 0.00618687]
445 garray(126.5151596069336) 128.735015869 [ 0.00619387]
446 garray(126.54558563232422) 128.703216553 [ 0.00621979]
447 garray(126.61595916748047) 128.796951294 [ 0.00622195]
448 garray(126.51079559326172) 128.765792847 [ 0.00619241]
449 garray(126.50182342529297) 128.74118042 [ 0.00617465]
450 garray(126.5542984008789) 128.700302124 [ 0.00617614]
451 garray(126.52337646484375) 128.771621704 [ 0.00616925]
452 garray(126.65577697753906) 128.860061646 [ 0.00618156]
453 garray(126.52054595947266) 128.76210022 [ 0.00618442]
454 garray(126.53701782226562) 128.763381958 [ 0.00617345]
455 garray(126.5353775024414) 128.71647644 [ 0.00617032]
456 garray(126.47827911376953) 128.774169922 [ 0.00619621]
457 garray(126.53018951416016) 128.720092773 [ 0.00618322]
458 garray(126.45315551757812) 128.72958374 [ 0.00619316]
459 garray(126.57254028320312) 128.775634766 [ 0.00617993]
460 garray(126.40789794921875) 128.811141968 [ 0.0061629]
461 garray(126.50955963134766) 128.804473877 [ 0.00616516]
462 garray(126.46221923828125) 128.758300781 [ 0.00616605]
463 garray(126.50251770019531) 128.77130127 [ 0.00619834]
464 garray(126.5573959350586) 128.732223511 [ 0.00618924]
465 garray(126.516357421875) 128.736053467 [ 0.00619524]
466 garray(126.51654052734375) 128.792999268 [ 0.00619118]
467 garray(126.4879150390625) 128.759796143 [ 0.00618345]
468 garray(126.56621551513672) 128.775100708 [ 0.00615926]
469 garray(126.56427764892578) 128.764663696 [ 0.00616987]
470 garray(126.53713989257812) 128.73727417 [ 0.00617832]
471 garray(126.54541015625) 128.73526001 [ 0.00618016]
472 garray(126.48722839355469) 128.731719971 [ 0.00619877]
473 garray(126.48900604248047) 128.698013306 [ 0.00623071]
474 garray(126.5447769165039) 128.76322937 [ 0.00618391]
475 garray(126.5376205444336) 128.748123169 [ 0.00619264]
476 garray(126.48109436035156) 128.707336426 [ 0.00618481]
477 garray(126.51204681396484) 128.727523804 [ 0.00619657]
478 garray(126.50135803222656) 128.682922363 [ 0.00619885]
479 garray(126.59832000732422) 128.757110596 [ 0.00619989]
480 garray(126.54624938964844) 128.75239563 [ 0.00616846]
481 garray(126.53242492675781) 128.782684326 [ 0.00615827]
482 garray(126.56830596923828) 128.717391968 [ 0.00616355]
483 garray(126.56358337402344) 128.743637085 [ 0.00617878]
484 garray(126.51095581054688) 128.744613647 [ 0.0061891]
485 garray(126.5683364868164) 128.708618164 [ 0.00617676]
486 garray(126.52552032470703) 128.722824097 [ 0.00620247]
487 garray(126.51129913330078) 128.727783203 [ 0.00617641]
488 garray(126.54198455810547) 128.737838745 [ 0.00617925]
489 garray(126.61267852783203) 128.790618896 [ 0.00621099]
490 garray(126.52157592773438) 128.781341553 [ 0.00618935]
491 garray(126.50621032714844) 128.776031494 [ 0.0061583]
492 garray(126.52063751220703) 128.695953369 [ 0.0061908]
493 garray(126.5147476196289) 128.813598633 [ 0.00618847]
494 garray(126.48399353027344) 128.815429688 [ 0.00619397]
495 garray(126.51654052734375) 128.757324219 [ 0.00618756]
496 garray(126.47307586669922) 128.730117798 [ 0.00616615]
497 garray(126.53689575195312) 128.771392822 [ 0.00617415]
498 garray(126.54625701904297) 128.773513794 [ 0.00617688]
499 garray(126.55923461914062) 128.753417969 [ 0.00620792]
creating pickled numpy output
wrote pickled numpy output
Final validation loss
garray(128.6901397705078)
Final test loss
garray(129.58827209472656)
Final estimated test NLL
127.112398161
Theano: Initializing cuBLAS
