(50000L, 784L)
compiled score function
Old best loss:
garray(128.3390655517578)
Compiled loss functions
0 0.0 128.37739563 [ 0.00665504]
1 0.0 128.384155273 [ 0.00666133]
2 0.0 128.333480835 [ 0.00666555]
3 0.0 128.430038452 [ 0.00666682]
4 0.0 128.4168396 [ 0.006667]
5 0.0 128.400283813 [ 0.00667102]
6 0.0 128.396728516 [ 0.00665775]
7 0.0 128.373962402 [ 0.00667171]
8 0.0 128.45085144 [ 0.00665939]
9 0.0 128.414611816 [ 0.00665365]
10 0.0 128.446929932 [ 0.00666589]
11 0.0 128.405456543 [ 0.00666084]
12 0.0 128.396530151 [ 0.00665709]
13 0.0 128.445846558 [ 0.00666331]
14 0.0 128.40184021 [ 0.00666594]
15 0.0 128.355941772 [ 0.00666488]
16 0.0 128.441299438 [ 0.00665122]
17 0.0 128.405181885 [ 0.00665813]
18 0.0 128.391723633 [ 0.00665698]
19 0.0 128.42590332 [ 0.0066574]
20 0.0 128.402313232 [ 0.00665614]
21 0.0 128.430236816 [ 0.00664697]
22 0.0 128.43157959 [ 0.00664897]
23 0.0 128.368057251 [ 0.00665048]
24 0.0 128.405563354 [ 0.00662857]
25 0.0 128.430999756 [ 0.0066305]
26 0.0 128.448013306 [ 0.00663154]
27 0.0 128.354003906 [ 0.00663328]
28 0.0 128.419570923 [ 0.00663073]
29 0.0 128.346862793 [ 0.00663149]
30 0.0 128.38168335 [ 0.0066368]
31 0.0 128.361557007 [ 0.00661509]
32 0.0 128.376663208 [ 0.00661675]
33 0.0 128.346542358 [ 0.00662158]
34 0.0 128.392410278 [ 0.00661913]
35 0.0 128.429351807 [ 0.00663066]
36 0.0 128.393768311 [ 0.00662818]
37 0.0 128.411987305 [ 0.00662328]
38 0.0 128.399658203 [ 0.00662177]
39 0.0 128.370040894 [ 0.00662117]
40 0.0 128.355819702 [ 0.00662365]
41 0.0 128.380249023 [ 0.00662249]
42 0.0 128.387161255 [ 0.00661639]
43 0.0 128.3644104 [ 0.00660438]
44 0.0 128.434402466 [ 0.00661571]
45 0.0 128.383682251 [ 0.00661852]
46 0.0 128.423461914 [ 0.00663119]
47 0.0 128.376480103 [ 0.00662543]
48 0.0 128.412994385 [ 0.00660431]
49 0.0 128.372436523 [ 0.00660484]
50 0.0 128.425170898 [ 0.00661016]
51 0.0 128.388809204 [ 0.00661068]
52 0.0 128.424682617 [ 0.00658877]
53 0.0 128.398773193 [ 0.00661094]
54 0.0 128.387969971 [ 0.00661814]
55 0.0 128.351699829 [ 0.00660755]
56 0.0 128.405380249 [ 0.00659884]
57 0.0 128.392730713 [ 0.0066139]
58 0.0 128.632781982 [ 0.00653152]
59 0.0 128.491821289 [ 0.00653152]
60 0.0 128.441040039 [ 0.00653165]
61 0.0 128.456497192 [ 0.00653181]
62 0.0 128.452102661 [ 0.00653184]
63 0.0 128.358352661 [ 0.00653198]
64 0.0 128.382583618 [ 0.006532]
65 0.0 128.451263428 [ 0.00653201]
66 0.0 128.39024353 [ 0.00653201]
67 0.0 128.377883911 [ 0.00653211]
68 0.0 128.382369995 [ 0.00653215]
69 0.0 128.386489868 [ 0.00653222]
70 0.0 128.444915771 [ 0.00653212]
71 0.0 128.386413574 [ 0.00653221]
72 0.0 128.382293701 [ 0.00653243]
73 0.0 128.393463135 [ 0.00653237]
74 0.0 128.377319336 [ 0.0065325]
75 0.0 128.401199341 [ 0.00653258]
76 0.0 128.378570557 [ 0.00653279]
77 0.0 128.472732544 [ 0.00653271]
78 0.0 128.382583618 [ 0.00653281]
79 0.0 128.400894165 [ 0.006533]
80 0.0 128.359024048 [ 0.00653326]
81 0.0 128.382553101 [ 0.00653312]
82 0.0 128.36265564 [ 0.00653337]
83 0.0 128.404281616 [ 0.00653338]
84 0.0 128.585494995 [ 0.0065293]
85 0.0 128.417434692 [ 0.00652968]
86 0.0 128.428482056 [ 0.0065296]
87 0.0 128.382263184 [ 0.00653007]
88 0.0 128.434829712 [ 0.00652998]
89 0.0 128.391235352 [ 0.00653001]
90 0.0 128.434402466 [ 0.00653029]
91 0.0 128.447143555 [ 0.00653147]
92 0.0 128.396026611 [ 0.00653164]
93 0.0 128.381988525 [ 0.00653159]
94 0.0 128.384307861 [ 0.00653157]
95 0.0 128.398895264 [ 0.00653516]
96 0.0 128.357131958 [ 0.00653526]
97 0.0 128.392425537 [ 0.00653539]
98 0.0 128.385513306 [ 0.00653524]
99 0.0 128.408370972 [ 0.00653514]
100 0.0 128.397201538 [ 0.00653535]
101 0.0 128.43019104 [ 0.00653496]
102 0.0 128.463577271 [ 0.00653504]
103 0.0 128.469543457 [ 0.00653532]
104 0.0 128.442565918 [ 0.00653516]
105 0.0 128.431900024 [ 0.0065353]
106 0.0 128.41633606 [ 0.00653555]
107 0.0 128.396209717 [ 0.00653517]
108 0.0 128.446655273 [ 0.0065358]
109 0.0 128.376251221 [ 0.00653626]
110 0.0 128.580169678 [ 0.00656581]
111 0.0 128.416976929 [ 0.00656392]
112 0.0 128.403930664 [ 0.00656421]
113 0.0 128.384063721 [ 0.00656407]
114 0.0 128.395019531 [ 0.00656378]
115 0.0 128.43208313 [ 0.00657225]
116 0.0 128.391311646 [ 0.00657]
117 0.0 128.389709473 [ 0.00657102]
118 0.0 128.372512817 [ 0.00656995]
119 0.0 128.429702759 [ 0.00657008]
120 0.0 128.453659058 [ 0.00657012]
121 0.0 128.777130127 [ 0.00663914]
122 0.0 128.520202637 [ 0.00663973]
123 0.0 129.037384033 [ 0.00670189]
124 0.0 129.0078125 [ 0.00671933]
125 0.0 128.920028687 [ 0.00671876]
126 0.0 128.756591797 [ 0.00671892]
127 0.0 128.785171509 [ 0.00671876]
128 0.0 128.740478516 [ 0.00671846]
129 0.0 128.640396118 [ 0.0067184]
130 0.0 128.685012817 [ 0.00670604]
131 0.0 128.619110107 [ 0.00670539]
132 0.0 128.761932373 [ 0.00665732]
133 0.0 128.643890381 [ 0.00665842]
134 0.0 128.750991821 [ 0.00665851]
135 0.0 128.612823486 [ 0.0066597]
136 0.0 128.592941284 [ 0.00665973]
137 0.0 128.530303955 [ 0.00665973]
138 0.0 128.524459839 [ 0.00665976]
139 0.0 128.518249512 [ 0.0066597]
140 0.0 128.523391724 [ 0.00665971]
141 0.0 128.520050049 [ 0.0066597]
142 0.0 128.51184082 [ 0.00665965]
143 0.0 128.508575439 [ 0.00665975]
144 0.0 128.483963013 [ 0.00665964]
145 0.0 128.44468689 [ 0.00665969]
146 0.0 128.512496948 [ 0.00665932]
147 0.0 128.472351074 [ 0.00665937]
148 0.0 128.447921753 [ 0.00665924]
149 0.0 128.884521484 [ 0.00659558]
150 0.0 128.669937134 [ 0.00659204]
151 0.0 128.59979248 [ 0.00659228]
152 0.0 128.549743652 [ 0.00659236]
153 0.0 128.544631958 [ 0.0065925]
154 0.0 128.568130493 [ 0.00659253]
155 0.0 128.514801025 [ 0.00659261]
156 0.0 128.468612671 [ 0.0065927]
157 0.0 129.026382446 [ 0.00651446]
158 0.0 128.768173218 [ 0.00651339]
159 0.0 128.722640991 [ 0.00651344]
160 0.0 128.645080566 [ 0.00651351]
161 0.0 128.612136841 [ 0.00651352]
162 0.0 128.596878052 [ 0.00651362]
163 0.0 128.602676392 [ 0.00651361]
164 0.0 128.56237793 [ 0.00651364]
165 0.0 128.518081665 [ 0.00651371]
166 0.0 128.550796509 [ 0.00651369]
167 0.0 128.530181885 [ 0.00651375]
168 0.0 128.560195923 [ 0.00651376]
169 0.0 128.504302979 [ 0.00651379]
170 0.0 128.462631226 [ 0.00651379]
171 0.0 128.490539551 [ 0.00651382]
172 0.0 128.466522217 [ 0.00651387]
173 0.0 128.513031006 [ 0.00651392]
174 0.0 128.485198975 [ 0.00651396]
175 0.0 128.463119507 [ 0.00651402]
176 0.0 128.46546936 [ 0.00651406]
177 0.0 128.46875 [ 0.00651413]
178 0.0 128.462692261 [ 0.00651417]
179 0.0 128.440032959 [ 0.00651423]
180 0.0 128.48387146 [ 0.00651423]
181 0.0 128.461791992 [ 0.00651428]
182 0.0 128.450622559 [ 0.00651431]
183 0.0 128.457443237 [ 0.00651434]
184 0.0 128.455841064 [ 0.00651432]
185 0.0 128.398361206 [ 0.00651432]
186 0.0 128.421676636 [ 0.00651432]
187 0.0 128.394210815 [ 0.00651439]
188 0.0 128.407958984 [ 0.00651283]
189 0.0 128.402603149 [ 0.00651274]
190 0.0 128.384353638 [ 0.00651285]
191 0.0 128.401123047 [ 0.00651278]
192 0.0 128.373336792 [ 0.00651281]
193 0.0 128.368743896 [ 0.00651286]
194 0.0 128.334915161 [ 0.00651291]
195 0.0 128.382049561 [ 0.00651293]
196 0.0 128.367477417 [ 0.00651305]
197 0.0 128.363891602 [ 0.00651307]
198 0.0 128.376312256 [ 0.00651302]
199 0.0 128.371200562 [ 0.00651318]
200 0.0 128.362609863 [ 0.0065132]
201 0.0 128.322937012 [ 0.00651321]
202 0.0 128.421798706 [ 0.00651312]
203 0.0 128.35043335 [ 0.0065132]
204 0.0 128.327148438 [ 0.0065132]
205 0.0 128.389465332 [ 0.00651328]
206 0.0 128.362503052 [ 0.00651328]
207 0.0 128.387283325 [ 0.00651331]
208 0.0 128.433929443 [ 0.0065134]
209 0.0 128.347732544 [ 0.00651351]
210 0.0 128.403121948 [ 0.0065133]
211 0.0 128.416442871 [ 0.00651355]
212 0.0 128.398162842 [ 0.00651349]
213 0.0 128.381103516 [ 0.0065135]
214 0.0 128.374038696 [ 0.00651338]
215 0.0 128.347793579 [ 0.0065134]
216 0.0 128.350921631 [ 0.00651367]
217 0.0 128.394561768 [ 0.0065137]
218 0.0 128.375350952 [ 0.00651382]
219 0.0 128.352859497 [ 0.00651385]
220 0.0 128.374282837 [ 0.00651396]
221 0.0 128.365875244 [ 0.00651386]
222 0.0 128.344741821 [ 0.00651433]
223 0.0 128.353210449 [ 0.00651407]
224 0.0 128.343048096 [ 0.00651386]
225 0.0 128.37059021 [ 0.00651394]
226 0.0 128.409515381 [ 0.00651808]
227 0.0 128.432067871 [ 0.00651827]
228 0.0 128.367141724 [ 0.00651836]
229 0.0 128.413726807 [ 0.00651813]
230 0.0 128.390335083 [ 0.00651801]
231 0.0 128.346923828 [ 0.00651808]
232 0.0 128.378112793 [ 0.00651825]
233 0.0 128.413589478 [ 0.0065169]
234 0.0 128.534744263 [ 0.00651694]
235 0.0 128.406143188 [ 0.00651731]
236 0.0 128.360961914 [ 0.00651769]
237 0.0 128.431472778 [ 0.00651741]
238 0.0 128.396591187 [ 0.00651726]
239 0.0 128.350219727 [ 0.00651776]
240 0.0 128.423980713 [ 0.006518]
241 0.0 128.3855896 [ 0.0065182]
242 0.0 128.384490967 [ 0.0065185]
243 0.0 128.342681885 [ 0.00651846]
244 0.0 128.352462769 [ 0.00651825]
245 0.0 128.330093384 [ 0.00651873]
246 0.0 128.404083252 [ 0.00651928]
247 0.0 128.354598999 [ 0.00651924]
248 0.0 128.319488525 [ 0.00651942]
249 0.0 128.340789795 [ 0.00651998]
250 0.0 128.401657104 [ 0.00651965]
251 0.0 128.380615234 [ 0.0065202]
252 0.0 128.403778076 [ 0.00652004]
253 0.0 128.323471069 [ 0.00652016]
254 0.0 128.38458252 [ 0.00651871]
255 0.0 128.359390259 [ 0.00651903]
256 0.0 128.356674194 [ 0.00651866]
257 0.0 128.368362427 [ 0.0065193]
258 0.0 128.357086182 [ 0.00651954]
259 0.0 128.363449097 [ 0.00647873]
260 0.0 128.352050781 [ 0.00648093]
261 0.0 128.368499756 [ 0.00648223]
262 0.0 128.362579346 [ 0.00648219]
263 0.0 128.555709839 [ 0.00643987]
264 0.0 128.425598145 [ 0.00643794]
265 0.0 128.394622803 [ 0.00644191]
266 0.0 128.36000061 [ 0.00644287]
267 0.0 128.36920166 [ 0.00644392]
268 0.0 128.346694946 [ 0.00644478]
269 0.0 128.349472046 [ 0.00644498]
270 0.0 128.370742798 [ 0.00644741]
271 0.0 128.380264282 [ 0.00644895]
272 0.0 128.395751953 [ 0.0064503]
273 0.0 128.345336914 [ 0.00645074]
274 0.0 128.347930908 [ 0.00645055]
275 0.0 128.358291626 [ 0.0064513]
276 0.0 128.369171143 [ 0.00645218]
277 0.0 128.389755249 [ 0.0064527]
278 0.0 128.397583008 [ 0.00645365]
279 0.0 128.364639282 [ 0.00645568]
280 0.0 128.36340332 [ 0.00645671]
281 0.0 128.323532104 [ 0.00645752]
282 0.0 128.340881348 [ 0.00645796]
283 0.0 128.358444214 [ 0.00646508]
284 0.0 128.414199829 [ 0.0064646]
285 0.0 128.374481201 [ 0.00646442]
286 0.0 128.882415771 [ 0.0064654]
287 0.0 128.444229126 [ 0.00646486]
288 0.0 128.401443481 [ 0.0064653]
289 0.0 128.514129639 [ 0.0065361]
290 0.0 128.486419678 [ 0.00653437]
291 0.0 128.402587891 [ 0.00653325]
292 0.0 128.353683472 [ 0.00653256]
293 0.0 128.373703003 [ 0.00653199]
294 0.0 128.40802002 [ 0.0065313]
295 0.0 128.362319946 [ 0.0065305]
296 0.0 128.333724976 [ 0.00653115]
297 0.0 128.39050293 [ 0.00653184]
298 0.0 128.384078979 [ 0.00652961]
299 0.0 128.430282593 [ 0.00652976]
300 0.0 128.424484253 [ 0.00652944]
301 0.0 128.391769409 [ 0.00652941]
302 0.0 128.424850464 [ 0.00652994]
303 0.0 128.371459961 [ 0.00653021]
304 0.0 128.358520508 [ 0.00652952]
305 0.0 128.419692993 [ 0.00652937]
306 0.0 128.404022217 [ 0.00652886]
307 0.0 128.405227661 [ 0.00652854]
308 0.0 128.353134155 [ 0.00652825]
309 0.0 128.355941772 [ 0.00652827]
310 0.0 128.43208313 [ 0.0065277]
311 0.0 128.394943237 [ 0.00653073]
312 0.0 128.373886108 [ 0.00653125]
313 0.0 128.395492554 [ 0.00653225]
314 0.0 128.405502319 [ 0.00653244]
315 0.0 128.36807251 [ 0.00653257]
316 0.0 128.374282837 [ 0.00653097]
317 0.0 128.416381836 [ 0.0065296]
318 0.0 128.391098022 [ 0.00653079]
319 0.0 128.404251099 [ 0.0065316]
320 0.0 128.349517822 [ 0.00653266]
321 0.0 128.430450439 [ 0.00653018]
322 0.0 128.447494507 [ 0.00652967]
323 0.0 128.434494019 [ 0.00652764]
324 0.0 128.376739502 [ 0.00652905]
325 0.0 128.405609131 [ 0.00653043]
326 0.0 128.367630005 [ 0.00652886]
327 0.0 128.562210083 [ 0.00653073]
328 0.0 128.427581787 [ 0.00653039]
329 0.0 128.413650513 [ 0.00653297]
330 0.0 128.375061035 [ 0.00653156]
331 0.0 128.349151611 [ 0.00653373]
332 0.0 128.396682739 [ 0.00653428]
333 0.0 128.358963013 [ 0.00653481]
334 0.0 128.407119751 [ 0.00653728]
335 0.0 128.453582764 [ 0.0065363]
336 0.0 128.347640991 [ 0.00653711]
337 0.0 128.35736084 [ 0.00653333]
338 0.0 128.411590576 [ 0.00653132]
339 0.0 128.420135498 [ 0.00652926]
340 0.0 128.420974731 [ 0.00653086]
341 0.0 128.376113892 [ 0.00652952]
342 0.0 128.437149048 [ 0.00652892]
343 0.0 128.389862061 [ 0.00653269]
344 0.0 128.453704834 [ 0.00653061]
345 0.0 128.400466919 [ 0.00653091]
346 0.0 128.375457764 [ 0.00653266]
347 0.0 128.385848999 [ 0.00652857]
348 0.0 128.412277222 [ 0.00652523]
349 0.0 128.349533081 [ 0.00652339]
350 0.0 128.355072021 [ 0.0065292]
351 0.0 128.423416138 [ 0.00653034]
352 0.0 128.442886353 [ 0.0065296]
353 0.0 128.386123657 [ 0.00652402]
354 0.0 128.38684082 [ 0.00652451]
355 0.0 128.37071228 [ 0.00652827]
356 0.0 128.826278687 [ 0.00653182]
357 0.0 128.4793396 [ 0.00652971]
358 0.0 128.448242188 [ 0.00649002]
359 0.0 128.525680542 [ 0.00650497]
360 0.0 128.480987549 [ 0.00650386]
361 0.0 128.414642334 [ 0.00650001]
362 0.0 128.468826294 [ 0.00650462]
363 0.0 128.551361084 [ 0.00655582]
364 0.0 128.500198364 [ 0.00654743]
365 0.0 128.377960205 [ 0.00654315]
366 0.0 128.394699097 [ 0.00654013]
367 0.0 128.390274048 [ 0.00652549]
368 0.0 128.353713989 [ 0.00652675]
369 0.0 128.382995605 [ 0.00651356]
370 0.0 128.414093018 [ 0.00652258]
371 0.0 128.391540527 [ 0.00652224]
372 0.0 128.355255127 [ 0.00651754]
373 0.0 128.348495483 [ 0.00651184]
374 0.0 128.387359619 [ 0.00650969]
375 0.0 128.350540161 [ 0.00651688]
376 0.0 128.358413696 [ 0.00652266]
377 0.0 128.416381836 [ 0.00652014]
378 0.0 128.41859436 [ 0.00650957]
379 0.0 128.400741577 [ 0.00651377]
380 0.0 128.367050171 [ 0.006516]
381 0.0 128.367218018 [ 0.00654514]
382 0.0 128.374710083 [ 0.00653917]
383 0.0 128.481277466 [ 0.00653754]
384 0.0 128.398330688 [ 0.00653575]
385 0.0 128.368499756 [ 0.00653547]
386 0.0 128.388259888 [ 0.00652689]
387 0.0 128.361938477 [ 0.00653532]
388 0.0 128.359634399 [ 0.00653204]
389 0.0 128.371261597 [ 0.00652957]
390 0.0 128.364349365 [ 0.00653003]
391 0.0 128.365280151 [ 0.00652934]
392 0.0 128.389770508 [ 0.00652292]
393 0.0 128.39050293 [ 0.00651967]
394 0.0 128.442459106 [ 0.00652072]
395 0.0 128.426071167 [ 0.00652271]
396 0.0 128.391571045 [ 0.00652515]
397 0.0 128.372436523 [ 0.00652779]
398 0.0 128.32270813 [ 0.00652956]
399 0.0 128.361083984 [ 0.00652163]
400 0.0 128.363174438 [ 0.00652465]
401 0.0 128.353790283 [ 0.00653328]
402 0.0 128.389923096 [ 0.00654768]
403 0.0 128.353759766 [ 0.00654042]
404 0.0 128.34197998 [ 0.00654187]
405 0.0 128.341171265 [ 0.00653476]
406 0.0 128.346221924 [ 0.00653283]
407 0.0 128.391677856 [ 0.00654147]
408 0.0 128.372009277 [ 0.00653395]
409 0.0 128.328567505 [ 0.00653253]
410 0.0 128.35774231 [ 0.0065096]
411 0.0 128.363388062 [ 0.00651748]
412 0.0 128.380661011 [ 0.00651226]
413 0.0 128.417419434 [ 0.00651491]
414 0.0 128.363952637 [ 0.00652111]
415 0.0 128.470581055 [ 0.00651198]
416 0.0 128.408752441 [ 0.00651446]
417 0.0 128.395645142 [ 0.00651677]
418 0.0 128.514633179 [ 0.00650076]
419 0.0 128.495529175 [ 0.0064459]
420 0.0 128.425216675 [ 0.00644715]
421 0.0 128.385513306 [ 0.00644782]
422 0.0 128.435714722 [ 0.0064492]
423 0.0 128.387512207 [ 0.00644922]
424 0.0 128.395736694 [ 0.00644932]
425 0.0 128.361923218 [ 0.0064498]
426 0.0 128.352600098 [ 0.00644949]
427 0.0 128.393890381 [ 0.0064501]
428 0.0 128.374603271 [ 0.00645065]
429 0.0 128.434661865 [ 0.00645257]
430 0.0 128.372528076 [ 0.00645362]
431 0.0 128.413772583 [ 0.00645344]
432 0.0 128.323287964 [ 0.00645425]
433 0.0 128.367111206 [ 0.00645444]
434 0.0 128.370742798 [ 0.00645497]
435 0.0 128.381973267 [ 0.00645495]
436 0.0 128.433410645 [ 0.00645568]
437 0.0 128.445541382 [ 0.00645672]
438 0.0 128.386932373 [ 0.00645652]
439 0.0 128.389221191 [ 0.00645603]
440 0.0 128.422698975 [ 0.00645668]
441 0.0 128.425048828 [ 0.00645792]
442 0.0 128.471038818 [ 0.00645828]
443 0.0 128.463851929 [ 0.00645885]
444 0.0 128.398971558 [ 0.00646023]
445 0.0 128.43119812 [ 0.00645991]
446 0.0 128.379730225 [ 0.00645681]
447 0.0 128.376739502 [ 0.00645766]
448 0.0 128.362060547 [ 0.00645959]
449 0.0 128.376251221 [ 0.00645983]
450 0.0 128.40625 [ 0.00645794]
451 0.0 128.350769043 [ 0.00645835]
452 0.0 128.354141235 [ 0.00645954]
453 0.0 128.385452271 [ 0.00645983]
454 0.0 128.391082764 [ 0.00646163]
455 0.0 128.399124146 [ 0.00645234]
456 0.0 128.456192017 [ 0.00638858]
457 0.0 128.4662323 [ 0.0063908]
458 0.0 128.460449219 [ 0.00639517]
459 0.0 128.394210815 [ 0.00639566]
460 0.0 128.396408081 [ 0.00639629]
461 0.0 128.723403931 [ 0.00635218]
462 0.0 128.457183838 [ 0.00634396]
463 0.0 128.417312622 [ 0.00634546]
464 0.0 128.409179688 [ 0.00634595]
465 0.0 128.437072754 [ 0.00634706]
466 0.0 128.466934204 [ 0.00634754]
467 0.0 128.450973511 [ 0.00634882]
468 0.0 128.396575928 [ 0.00634886]
469 0.0 128.451919556 [ 0.00634948]
470 0.0 128.400909424 [ 0.0063501]
471 0.0 128.423721313 [ 0.00635095]
472 0.0 128.464508057 [ 0.00635088]
473 0.0 128.444610596 [ 0.00634917]
474 0.0 128.419540405 [ 0.00635001]
475 0.0 128.479751587 [ 0.00635059]
476 0.0 128.379470825 [ 0.00635127]
477 0.0 128.385070801 [ 0.00635169]
478 0.0 128.374282837 [ 0.00635253]
479 0.0 128.480300903 [ 0.00636564]
480 0.0 128.473510742 [ 0.00635903]
481 0.0 128.4634552 [ 0.00636007]
482 0.0 128.421356201 [ 0.00636084]
483 0.0 128.365890503 [ 0.00636075]
484 0.0 128.400100708 [ 0.00636029]
485 0.0 128.461196899 [ 0.00636074]
486 0.0 128.399337769 [ 0.00636148]
487 0.0 128.354217529 [ 0.00636225]
488 0.0 128.451782227 [ 0.00636219]
489 0.0 128.38420105 [ 0.00636324]
490 0.0 128.383605957 [ 0.00636447]
491 0.0 128.357940674 [ 0.0063644]
492 0.0 128.509384155 [ 0.00634562]
493 0.0 128.413223267 [ 0.00635319]
494 0.0 128.414794922 [ 0.00635154]
495 0.0 128.378616333 [ 0.0063535]
496 0.0 128.350143433 [ 0.00636153]
497 0.0 128.3931427 [ 0.00636151]
498 0.0 128.381607056 [ 0.00636557]
499 0.0 128.347717285 [ 0.00636536]
creating pickled numpy output
wrote pickled numpy output
Final validation loss
garray(128.32254028320312)
Final test loss
garray(129.3197784423828)
Final estimated test NLL
127.06189674
Theano: Initializing cuBLAS
