(50000L, 784L)
compiled score function
Old best loss:
garray(128.39390563964844)
Compiled loss functions
0 0.0 128.43888855 [[ 0.40863915  0.51299696]] [ 0.00408268]
1 0.0 128.38092041 [[ 0.40871332  0.5128728 ]] [ 0.00407776]
2 0.0 128.387023926 [[ 0.40875281  0.51304225]] [ 0.0040625]
3 0.0 128.444580078 [[ 0.40892763  0.51280684]] [ 0.00406111]
4 0.0 128.457794189 [[ 0.40898223  0.5128433 ]] [ 0.00404847]
5 0.0 128.414291382 [[ 0.40879508  0.51279321]] [ 0.00406319]
6 0.0 128.410675049 [[ 0.40892661  0.51260175]] [ 0.00406205]
7 0.0 128.404434204 [[ 0.4088912   0.51264517]] [ 0.00406364]
8 0.0 128.358963013 [[ 0.40913838  0.51265975]] [ 0.00404]
9 0.0 128.42729187 [[ 0.40924403  0.51273165]] [ 0.00401988]
10 0.0 128.413970947 [[ 0.40935472  0.51241141]] [ 0.00403103]
11 0.0 128.42829895 [[ 0.4092968   0.51226651]] [ 0.00404197]
12 0.0 128.387359619 [[ 0.40923281  0.51213783]] [ 0.00405725]
13 0.0 128.396820068 [[ 0.40938395  0.51234804]] [ 0.0040248]
14 0.0 128.460861206 [[ 0.40915242  0.51226229]] [ 0.00404997]
15 0.0 128.395095825 [[ 0.40927013  0.51219061]] [ 0.00404808]
16 0.0 128.405380249 [[ 0.40937373  0.51185768]] [ 0.00405306]
17 0.0 128.445053101 [[ 0.4091844  0.5124006]] [ 0.00403273]
18 0.0 128.390441895 [[ 0.40922047  0.51247537]] [ 0.00403001]
19 0.0 128.338699341 [[ 0.40912738  0.51226101]] [ 0.00404715]
20 0.0 128.406417847 [[ 0.4092202   0.51218817]] [ 0.00404012]
21 0.0 128.418884277 [[ 0.40920335  0.51221213]] [ 0.00404126]
22 0.0 128.368499756 [[ 0.40917345  0.51211478]] [ 0.00404714]
23 0.0 128.352005005 [[ 0.40914242  0.51168298]] [ 0.00407277]
24 0.0 128.42829895 [[ 0.40938478  0.51173141]] [ 0.00404759]
25 0.0 128.382476807 [[ 0.40938544  0.51161763]] [ 0.00405097]
26 0.0 128.391296387 [[ 0.40948774  0.51153405]] [ 0.00404603]
27 0.0 128.413223267 [[ 0.40958929  0.51140857]] [ 0.0040417]
28 0.0 128.435821533 [[ 0.40938488  0.51124518]] [ 0.00406275]
29 0.0 128.410675049 [[ 0.40944034  0.51166971]] [ 0.00403926]
30 0.0 128.385574341 [[ 0.40936314  0.51168469]] [ 0.00404212]
31 0.0 128.438034058 [[ 0.40935028  0.51160314]] [ 0.00404042]
32 0.0 128.424682617 [[ 0.40941592  0.5116742 ]] [ 0.00402966]
33 0.0 128.439117432 [[ 0.40936926  0.51170274]] [ 0.00403444]
34 0.0 128.437561035 [[ 0.40934057  0.51177967]] [ 0.00402513]
35 0.0 128.441955566 [[ 0.40942792  0.5119468 ]] [ 0.00401043]
36 0.0 128.452636719 [[ 0.4094083   0.51165309]] [ 0.0040269]
37 0.0 128.464813232 [[ 0.40930565  0.51180359]] [ 0.00402697]
38 0.0 128.497802734 [[ 0.40937358  0.51168591]] [ 0.00402225]
39 0.0 128.459640503 [[ 0.40924576  0.51192416]] [ 0.00401886]
40 0.0 128.441162109 [[ 0.40911743  0.51176283]] [ 0.0040326]
41 0.0 128.464355469 [[ 0.40912021  0.51176359]] [ 0.00403506]
42 0.0 128.391571045 [[ 0.40900632  0.51153804]] [ 0.00405514]
43 0.0 128.38835144 [[ 0.40920535  0.51141503]] [ 0.0040416]
44 0.0 128.414077759 [[ 0.40927767  0.51123082]] [ 0.00403946]
45 0.0 128.444213867 [[ 0.40908524  0.51155944]] [ 0.00403416]
46 0.0 128.491592407 [[ 0.40911987  0.51154319]] [ 0.004033]
47 0.0 128.510757446 [[ 0.40915403  0.51147237]] [ 0.0040336]
48 0.0 128.452713013 [[ 0.40909721  0.51134145]] [ 0.00404555]
49 0.0 128.424697876 [[ 0.40919693  0.51122826]] [ 0.00404323]
50 0.0 128.476882935 [[ 0.40927499  0.51096685]] [ 0.00405087]
51 0.0 128.44984436 [[ 0.40921852  0.51089715]] [ 0.0040567]
52 0.0 128.431671143 [[ 0.40918691  0.51102393]] [ 0.00404849]
53 0.0 128.457015991 [[ 0.40940245  0.51087358]] [ 0.00403782]
54 0.0 128.491256714 [[ 0.40940103  0.51077605]] [ 0.00404191]
55 0.0 128.455856323 [[ 0.40957838  0.51057202]] [ 0.00403925]
56 0.0 128.425323486 [[ 0.40954437  0.51036306]] [ 0.00404882]
57 0.0 128.468139648 [[ 0.40960035  0.51064796]] [ 0.00402977]
58 0.0 128.4425354 [[ 0.40960633  0.51049604]] [ 0.00403565]
59 0.0 128.479522705 [[ 0.40958992  0.51026855]] [ 0.00404964]
60 0.0 128.473129272 [[ 0.40959537  0.51028573]] [ 0.00405083]
61 0.0 128.490722656 [[ 0.4094352   0.51027609]] [ 0.00406272]
62 0.0 128.513504028 [[ 0.40947966  0.51012258]] [ 0.00406676]
63 0.0 128.388534546 [[ 0.40950475  0.5102302 ]] [ 0.00405925]
64 0.0 128.471862793 [[ 0.40978584  0.51014606]] [ 0.00403253]
65 0.0 128.446121216 [[ 0.4100024   0.50967955]] [ 0.00404334]
66 0.0 128.438079834 [[ 0.41017754  0.50948993]] [ 0.00404103]
67 0.0 128.427139282 [[ 0.4102025  0.5092322]] [ 0.00404979]
68 0.0 128.478469849 [[ 0.41012588  0.5093243 ]] [ 0.00405121]
69 0.0 128.420730591 [[ 0.41004163  0.50938975]] [ 0.00405359]
70 0.0 128.366439819 [[ 0.41011659  0.50946648]] [ 0.00404289]
71 0.0 128.385360718 [[ 0.41006037  0.50929591]] [ 0.0040549]
72 0.0 128.406677246 [[ 0.40985937  0.50928174]] [ 0.00407078]
73 0.0 128.388412476 [[ 0.40990229  0.50932314]] [ 0.00406562]
74 0.0 128.365249634 [[ 0.40979434  0.5094108 ]] [ 0.0040651]
75 0.0 128.414718628 [[ 0.40983047  0.50940448]] [ 0.00406363]
76 0.0 128.409423828 [[ 0.41013886  0.5093641 ]] [ 0.00404032]
77 0.0 128.451919556 [[ 0.4102302   0.50942977]] [ 0.00402664]
78 0.0 128.401046753 [[ 0.41020825  0.50911572]] [ 0.0040452]
79 0.0 128.416625977 [[ 0.41038056  0.50922476]] [ 0.00402288]
80 0.0 128.349182129 [[ 0.41040064  0.50882915]] [ 0.00404636]
81 0.0 128.363555908 [[ 0.41048093  0.50857603]] [ 0.00405222]
82 0.0 128.425338745 [[ 0.41038452  0.50857461]] [ 0.00405963]
83 0.0 128.399169922 [[ 0.41036703  0.5085262 ]] [ 0.00406653]
84 0.0 128.408432007 [[ 0.41054034  0.50821165]] [ 0.00407079]
85 0.0 128.377151489 [[ 0.41060962  0.50808138]] [ 0.00407314]
86 0.0 128.407363892 [[ 0.41075267  0.50792462]] [ 0.00406923]
87 0.0 128.380569458 [[ 0.41065289  0.50792883]] [ 0.00407588]
88 0.0 128.388031006 [[ 0.41082699  0.50820959]] [ 0.00404026]
89 0.0 128.377914429 [[ 0.41086646  0.50797679]] [ 0.00404753]
90 0.0 128.392730713 [[ 0.41092446  0.50796156]] [ 0.00404152]
91 0.0 128.442932129 [[ 0.41107475  0.50777397]] [ 0.00404301]
92 0.0 128.45211792 [[ 0.41117502  0.5080464 ]] [ 0.00401577]
93 0.0 128.421554565 [[ 0.41107151  0.50803474]] [ 0.00402024]
94 0.0 128.376663208 [[ 0.41050958  0.50823703]] [ 0.00405172]
95 0.0 128.393859863 [[ 0.41041114  0.50856091]] [ 0.00404216]
96 0.0 128.386169434 [[ 0.41022414  0.50852275]] [ 0.00405645]
97 0.0 128.49772644 [[ 0.41014326  0.50845452]] [ 0.00406607]
98 0.0 128.375488281 [[ 0.4103077   0.50844558]] [ 0.00405759]
99 0.0 128.387283325 [[ 0.41043988  0.50792084]] [ 0.00407139]
100 0.0 128.407699585 [[ 0.41039724  0.50792465]] [ 0.00407611]
101 0.0 128.398193359 [[ 0.41041351  0.50830592]] [ 0.00404414]
102 0.0 128.377731323 [[ 0.41026627  0.50804252]] [ 0.00407289]
103 0.0 128.404312134 [[ 0.41036588  0.50805137]] [ 0.00406115]
104 0.0 128.393829346 [[ 0.41038741  0.50828784]] [ 0.00403932]
105 0.0 128.427322388 [[ 0.41033511  0.50840791]] [ 0.00403435]
106 0.0 128.372497559 [[ 0.41023355  0.50859877]] [ 0.00403529]
107 0.0 128.403259277 [[ 0.41043349  0.50855991]] [ 0.00401746]
108 0.0 128.408294678 [[ 0.41021235  0.50843949]] [ 0.00404034]
109 0.0 128.36340332 [[ 0.41034184  0.50857388]] [ 0.00402348]
110 0.0 128.515228271 [[ 0.41065265  0.50856521]] [ 0.00399241]
111 0.0 128.444122314 [[ 0.41063576  0.50852511]] [ 0.00399462]
112 0.0 128.417160034 [[ 0.41048587  0.50865107]] [ 0.00399755]
113 0.0 128.412536621 [[ 0.41036911  0.50855527]] [ 0.00401455]
114 0.0 128.451751709 [[ 0.41000506  0.50883871]] [ 0.00402561]
115 0.0 128.372787476 [[ 0.41001286  0.50890565]] [ 0.00401487]
116 0.0 128.381439209 [[ 0.40980719  0.50877005]] [ 0.0040346]
117 0.0 128.365829468 [[ 0.40966854  0.50891863]] [ 0.00404142]
118 0.0 128.405059814 [[ 0.40964815  0.50878388]] [ 0.00405085]
119 0.0 128.341110229 [[ 0.40963411  0.5090699 ]] [ 0.00402989]
120 0.0 128.366744995 [[ 0.40949126  0.5093198 ]] [ 0.00402498]
121 0.0 128.401473999 [[ 0.40943239  0.50923961]] [ 0.00403401]
122 0.0 128.422439575 [[ 0.4094147   0.50923985]] [ 0.00402988]
123 0.0 128.36277771 [[ 0.40945921  0.50923281]] [ 0.00402684]
124 0.0 128.374694824 [[ 0.40948357  0.50916974]] [ 0.004026]
125 0.0 128.347290039 [[ 0.40956627  0.50912664]] [ 0.00402211]
126 0.0 128.354095459 [[ 0.40957137  0.50902945]] [ 0.00402492]
127 0.0 128.384552002 [[ 0.40924479  0.50890692]] [ 0.00405858]
128 0.0 128.375747681 [[ 0.4093675   0.50860541]] [ 0.00406397]
129 0.0 128.385040283 [[ 0.40958338  0.50865428]] [ 0.00404287]
130 0.0 128.393661499 [[ 0.40980628  0.50870015]] [ 0.00402138]
131 0.0 128.413131714 [[ 0.40957794  0.50868378]] [ 0.00403851]
132 0.0 128.408340454 [[ 0.40962708  0.5087329 ]] [ 0.00402775]
133 0.0 128.454406738 [[ 0.4096945   0.50897979]] [ 0.00400006]
134 0.0 128.459289551 [[ 0.4097333   0.50857388]] [ 0.00402474]
135 0.0 128.413833618 [[ 0.40993083  0.50835467]] [ 0.00402104]
136 0.0 128.393081665 [[ 0.40986122  0.50821386]] [ 0.00403489]
137 0.0 128.387924194 [[ 0.40969975  0.50814201]] [ 0.00404498]
138 0.0 128.385269165 [[ 0.4097524   0.50825121]] [ 0.00403184]
139 0.0 128.400909424 [[ 0.40958006  0.50828708]] [ 0.00404782]
140 0.0 128.396591187 [[ 0.40965711  0.50797191]] [ 0.00405973]
141 0.0 128.399002075 [[ 0.40967245  0.50805664]] [ 0.00404819]
142 0.0 128.455459595 [[ 0.4095494   0.50832316]] [ 0.00404535]
143 0.0 128.39151001 [[ 0.40967194  0.5084021 ]] [ 0.0040255]
144 0.0 128.394348145 [[ 0.40976141  0.50870125]] [ 0.00399748]
145 0.0 128.437438965 [[ 0.40978772  0.50851632]] [ 0.00400738]
146 0.0 128.385116577 [[ 0.40955111  0.50837058]] [ 0.00403189]
147 0.0 128.427841187 [[ 0.40948974  0.50841237]] [ 0.00403176]
148 0.0 128.367111206 [[ 0.40924313  0.50857037]] [ 0.00404515]
149 0.0 128.388092041 [[ 0.40889273  0.50892561]] [ 0.00405415]
150 0.0 128.387908936 [[ 0.40917598  0.50896477]] [ 0.00401563]
151 0.0 128.418289185 [[ 0.40935443  0.50889634]] [ 0.00400343]
152 0.0 128.347671509 [[ 0.40924535  0.50868248]] [ 0.00403039]
153 0.0 128.343688965 [[ 0.4091612   0.50852278]] [ 0.00405046]
154 0.0 128.377853394 [[ 0.40920269  0.50854215]] [ 0.00404146]
155 0.0 128.391616821 [[ 0.40931985  0.50859171]] [ 0.00402933]
156 0.0 128.393341064 [[ 0.40928758  0.50884068]] [ 0.00401613]
157 0.0 128.416778564 [[ 0.4090102   0.50920349]] [ 0.00401318]
158 0.0 128.391189575 [[ 0.40898935  0.5092909 ]] [ 0.00400597]
159 0.0 128.402420044 [[ 0.40907064  0.50924252]] [ 0.00400154]
160 0.0 128.410324097 [[ 0.40893468  0.50922807]] [ 0.00400999]
161 0.0 128.392486572 [[ 0.40879752  0.50923202]] [ 0.00402406]
162 0.0 128.421936035 [[ 0.40868803  0.50923915]] [ 0.00403212]
163 0.0 128.446151733 [[ 0.40848251  0.50962013]] [ 0.00402056]
164 0.0 128.49697876 [[ 0.40862492  0.50980503]] [ 0.00399333]
165 0.0 128.43800354 [[ 0.408511    0.50988313]] [ 0.00399287]
166 0.0 128.455093384 [[ 0.40846408  0.50977331]] [ 0.00400052]
167 0.0 128.396743774 [[ 0.40845381  0.50962192]] [ 0.00400782]
168 0.0 128.456192017 [[ 0.4083586   0.50960072]] [ 0.00401951]
169 0.0 128.411422729 [[ 0.40817125  0.50955298]] [ 0.00403751]
170 0.0 128.433914185 [[ 0.40839154  0.50939312]] [ 0.00402897]
171 0.0 128.416229248 [[ 0.40827182  0.50948637]] [ 0.00403484]
172 0.0 128.361984253 [[ 0.40810647  0.5095811 ]] [ 0.00403867]
173 0.0 128.418701172 [[ 0.40815444  0.5097514 ]] [ 0.00402496]
174 0.0 128.416152954 [[ 0.40804459  0.50951167]] [ 0.00404439]
175 0.0 128.360031128 [[ 0.40813639  0.50950253]] [ 0.00403812]
176 0.0 128.348770142 [[ 0.4083227   0.50962457]] [ 0.00401206]
177 0.0 128.350418091 [[ 0.40845396  0.50920361]] [ 0.00402842]
178 0.0 128.368453979 [[ 0.40849547  0.50920346]] [ 0.00402134]
179 0.0 128.354156494 [[ 0.40849257  0.50927093]] [ 0.0040155]
180 0.0 128.376922607 [[ 0.40845994  0.50914115]] [ 0.0040228]
181 0.0 128.426315308 [[ 0.40862268  0.50894414]] [ 0.00402229]
182 0.0 128.371566772 [[ 0.40865929  0.50870488]] [ 0.00402883]
183 0.0 128.46647644 [[ 0.40863961  0.50872526]] [ 0.00402934]
184 0.0 128.382980347 [[ 0.40878444  0.50877915]] [ 0.00400988]
185 0.0 128.357513428 [[ 0.40872263  0.5084394 ]] [ 0.00403683]
186 0.0 128.402542114 [[ 0.40868392  0.50820798]] [ 0.00405232]
187 0.0 128.419143677 [[ 0.40878027  0.50837779]] [ 0.00403504]
188 0.0 128.444702148 [[ 0.40875396  0.50837346]] [ 0.00403166]
189 0.0 128.368713379 [[ 0.40857215  0.50829683]] [ 0.00405592]
190 0.0 128.36756897 [[ 0.40879294  0.50856715]] [ 0.00401917]
191 0.0 128.399658203 [[ 0.40886071  0.50829214]] [ 0.00402715]
192 0.0 128.386123657 [[ 0.40870372  0.50815258]] [ 0.0040485]
193 0.0 128.950042725 [[ 0.40941911  0.50781988]] [ 0.00398625]
194 0.0 128.493911743 [[ 0.40943944  0.50786392]] [ 0.00399106]
195 0.0 128.439559937 [[ 0.40937253  0.50768699]] [ 0.00401138]
196 0.0 128.440826416 [[ 0.40938334  0.50759407]] [ 0.00401776]
197 0.0 128.43031311 [[ 0.40931031  0.50767247]] [ 0.00401615]
198 0.0 128.397399902 [[ 0.40915791  0.50781973]] [ 0.00401979]
199 0.0 128.398651123 [[ 0.4090889   0.50780989]] [ 0.00402826]
200 0.0 128.409179688 [[ 0.40915381  0.50753868]] [ 0.00403531]
201 0.0 128.387573242 [[ 0.40916664  0.50748719]] [ 0.00403685]
202 0.0 128.458267212 [[ 0.40933722  0.50735309]] [ 0.00402296]
203 0.0 128.350463867 [[ 0.40927655  0.50717312]] [ 0.0040443]
204 0.0 128.416656494 [[ 0.40937246  0.50711022]] [ 0.00403266]
205 0.0 128.389450073 [[ 0.40950693  0.50710777]] [ 0.00401883]
206 0.0 128.434616089 [[ 0.40941811  0.50714456]] [ 0.00402314]
207 0.0 128.426422119 [[ 0.40936067  0.50722001]] [ 0.00402461]
208 0.0 128.430740356 [[ 0.40932776  0.50729905]] [ 0.0040206]
209 0.0 128.42489624 [[ 0.40928338  0.50687258]] [ 0.00405237]
210 0.0 128.406982422 [[ 0.40930465  0.50693999]] [ 0.00404543]
211 0.0 128.41960144 [[ 0.40929119  0.50689022]] [ 0.00404648]
212 0.0 128.395233154 [[ 0.40933771  0.50708211]] [ 0.00402906]
213 0.0 128.372131348 [[ 0.40936233  0.50708734]] [ 0.00402543]
214 0.0 128.397781372 [[ 0.40917508  0.50697658]] [ 0.00404465]
215 0.0 128.377822876 [[ 0.40916657  0.50702233]] [ 0.00403837]
216 0.0 128.366836548 [[ 0.40942353  0.50690488]] [ 0.0040251]
217 0.0 128.379135132 [[ 0.40944025  0.50677014]] [ 0.00402983]
218 0.0 128.372955322 [[ 0.40953753  0.50661844]] [ 0.00402757]
219 0.0 128.360031128 [[ 0.40955164  0.50643989]] [ 0.00404017]
220 0.0 128.453933716 [[ 0.40940245  0.50650693]] [ 0.00404541]
221 0.0 128.401016235 [[ 0.40926025  0.50640267]] [ 0.00406161]
222 0.0 128.416732788 [[ 0.40916591  0.50668225]] [ 0.00405256]
223 0.0 128.378433228 [[ 0.4092034   0.50690744]] [ 0.00403341]
224 0.0 128.366699219 [[ 0.40916159  0.50662134]] [ 0.00405676]
225 0.0 128.422958374 [[ 0.40911416  0.50677071]] [ 0.00404026]
226 0.0 128.382064819 [[ 0.40890511  0.50674785]] [ 0.0040593]
227 0.0 128.442459106 [[ 0.40894947  0.50681823]] [ 0.00404923]
228 0.0 128.425582886 [[ 0.40915772  0.50680412]] [ 0.00403127]
229 0.0 128.463684082 [[ 0.4091952   0.50661424]] [ 0.00404027]
230 0.0 128.386016846 [[ 0.40896927  0.50664879]] [ 0.0040566]
231 0.0 128.374008179 [[ 0.40889064  0.50682312]] [ 0.0040535]
232 0.0 128.389511108 [[ 0.40883909  0.50677685]] [ 0.00405406]
233 0.0 128.380477905 [[ 0.40898163  0.50673845]] [ 0.00404268]
234 0.0 128.356384277 [[ 0.4090109   0.50660702]] [ 0.00405037]
235 0.0 128.3387146 [[ 0.40862755  0.50691385]] [ 0.0040613]
236 0.0 128.371566772 [[ 0.40874991  0.50691346]] [ 0.00404954]
237 0.0 128.46282959 [[ 0.40860286  0.50711285]] [ 0.00404839]
238 0.0 128.335830688 [[ 0.40863126  0.50736612]] [ 0.00403252]
239 0.0 128.350845337 [[ 0.40854653  0.50741783]] [ 0.00403402]
240 0.0 128.370422363 [[ 0.40865193  0.50739222]] [ 0.00402481]
241 0.0 128.376495361 [[ 0.40898926  0.50689705]] [ 0.00401944]
242 0.0 128.40473938 [[ 0.40882615  0.50675742]] [ 0.00404432]
243 0.0 128.392089844 [[ 0.40881965  0.50670568]] [ 0.00404529]
244 0.0 128.412796021 [[ 0.40876107  0.50630319]] [ 0.00407555]
245 0.0 128.344329834 [[ 0.40893183  0.50652025]] [ 0.00404415]
246 0.0 128.386138916 [[ 0.40905023  0.50675256]] [ 0.00401976]
247 0.0 128.381256104 [[ 0.40871629  0.50685913]] [ 0.00403935]
248 0.0 128.387771606 [[ 0.40882691  0.50707238]] [ 0.00401416]
249 0.0 128.358612061 [[ 0.40882457  0.50677678]] [ 0.00402923]
250 0.0 128.370071411 [[ 0.409007    0.50674857]] [ 0.00401843]
251 0.0 128.375274658 [[ 0.40909758  0.50644496]] [ 0.00402812]
252 0.0 128.341705322 [[ 0.40919232  0.50635655]] [ 0.00402428]
253 0.0 128.334503174 [[ 0.408923    0.50634046]] [ 0.00404927]
254 0.0 128.381622314 [[ 0.40883407  0.50611938]] [ 0.00406615]
255 0.0 128.396835327 [[ 0.40870577  0.50611905]] [ 0.00407505]
256 0.0 128.397674561 [[ 0.40847187  0.50671185]] [ 0.0040475]
257 0.0 128.359649658 [[ 0.40866901  0.50675896]] [ 0.0040194]
258 0.0 128.414031982 [[ 0.40858815  0.50665452]] [ 0.00403471]
259 0.0 128.356613159 [[ 0.40864816  0.50649305]] [ 0.00404028]
260 0.0 128.379516602 [[ 0.40870879  0.5066586 ]] [ 0.00402159]
261 0.0 128.329650879 [[ 0.40858666  0.50675199]] [ 0.00402555]
262 0.0 128.355438232 [[ 0.40840588  0.50667512]] [ 0.00404533]
263 0.0 128.361083984 [[ 0.40825692  0.50670626]] [ 0.00405392]
264 0.0 128.406173706 [[ 0.40839161  0.50675159]] [ 0.00403924]
265 0.0 128.398223877 [[ 0.40847799  0.50685388]] [ 0.00402111]
266 0.0 128.361404419 [[ 0.40840546  0.50687058]] [ 0.00402525]
267 0.0 128.367874146 [[ 0.40834692  0.50680119]] [ 0.00403153]
268 0.0 128.330703735 [[ 0.40845006  0.50677724]] [ 0.004025]
269 0.0 128.355194092 [[ 0.4085475   0.50677603]] [ 0.00401484]
270 0.0 128.324035645 [[ 0.40851134  0.50660727]] [ 0.00402305]
271 0.0 128.371551514 [[ 0.40847492  0.50679494]] [ 0.00401379]
272 0.0 128.390655518 [[ 0.40861701  0.50640828]] [ 0.00402495]
273 0.0 128.304260254 [[ 0.40871373  0.5064302 ]] [ 0.00401615]
274 0.0 128.323852539 [[ 0.408778    0.50623557]] [ 0.00401884]
275 0.0 128.325958252 [[ 0.40891513  0.50621158]] [ 0.00401319]
276 0.0 128.326599121 [[ 0.4088939   0.50585675]] [ 0.00403428]
277 0.0 128.299453735 [[ 0.4089144  0.5056297]] [ 0.00404572]
278 0.0 128.315963745 [[ 0.40900683  0.50578108]] [ 0.00402626]
279 0.0 128.306167603 [[ 0.40889419  0.5059104 ]] [ 0.00402946]
280 0.0 128.355255127 [[ 0.40886826  0.50579745]] [ 0.00403714]
281 0.0 128.347396851 [[ 0.40905428  0.50574822]] [ 0.00402456]
282 0.0 128.321517944 [[ 0.40900274  0.50560614]] [ 0.00403412]
283 0.0 128.305664062 [[ 0.4091177  0.505709 ]] [ 0.00401825]
284 0.0 128.365570068 [[ 0.4090435   0.50558893]] [ 0.00402829]
285 0.0 128.371047974 [[ 0.40904048  0.50558646]] [ 0.00402194]
286 0.0 128.318237305 [[ 0.40905376  0.50541917]] [ 0.00403152]
287 0.0 128.448379517 [[ 0.40896227  0.50540975]] [ 0.00404161]
288 0.0 128.308624268 [[ 0.40893283  0.50553128]] [ 0.00403216]
289 0.0 128.343353271 [[ 0.40909687  0.50502339]] [ 0.00404684]
290 0.0 128.413970947 [[ 0.40915374  0.50524388]] [ 0.00402704]
291 0.0 128.364868164 [[ 0.40912916  0.5053517 ]] [ 0.00402118]
292 0.0 128.353805542 [[ 0.40911394  0.50527381]] [ 0.00402649]
293 0.0 128.366104126 [[ 0.40931744  0.50535161]] [ 0.00400316]
294 0.0 128.47807312 [[ 0.40924067  0.50521662]] [ 0.00402196]
295 0.0 128.37097168 [[ 0.40929297  0.50528468]] [ 0.00401339]
296 0.0 128.403289795 [[ 0.40941189  0.5049557 ]] [ 0.00402553]
297 0.0 128.435119629 [[ 0.40963829  0.50469115]] [ 0.00401975]
298 0.0 128.308517456 [[ 0.40975917  0.50445437]] [ 0.00402016]
299 0.0 128.354934692 [[ 0.40983801  0.50433348]] [ 0.00402582]
300 0.0 128.366439819 [[ 0.41001054  0.50419225]] [ 0.00402085]
301 0.0 128.36177063 [[ 0.41018668  0.50425253]] [ 0.00400236]
302 0.0 128.373046875 [[ 0.4104125   0.50415318]] [ 0.0039854]
303 0.0 128.335494995 [[ 0.41035898  0.50378061]] [ 0.00400654]
304 0.0 128.316452026 [[ 0.41017507  0.50340375]] [ 0.00404345]
305 0.0 128.2993927 [[ 0.41019646  0.50358691]] [ 0.00403036]
306 0.0 128.374176025 [[ 0.41003632  0.50380646]] [ 0.00403445]
307 0.0 128.341323853 [[ 0.41001438  0.50381995]] [ 0.00402768]
308 0.0 128.338760376 [[ 0.40996836  0.50399941]] [ 0.00402285]
309 0.0 128.370452881 [[ 0.41018644  0.50396763]] [ 0.00400294]
310 0.0 128.341598511 [[ 0.41013004  0.50357055]] [ 0.00402608]
311 0.0 128.351272583 [[ 0.41026118  0.50351136]] [ 0.00402192]
312 0.0 128.313674927 [[ 0.41008205  0.50357139]] [ 0.0040277]
313 0.0 128.329589844 [[ 0.40996616  0.50349267]] [ 0.00404222]
314 0.0 128.333679199 [[ 0.40990872  0.50365922]] [ 0.00404023]
315 0.0 128.34463501 [[ 0.40982424  0.50399463]] [ 0.00401915]
316 0.0 128.349060059 [[ 0.40991758  0.50415922]] [ 0.00400325]
317 0.0 128.374923706 [[ 0.41002014  0.50420472]] [ 0.00398974]
318 0.0 128.364929199 [[ 0.41009056  0.50393639]] [ 0.00399953]
319 0.0 128.379730225 [[ 0.40981767  0.50380571]] [ 0.00402624]
320 0.0 128.346572876 [[ 0.4098988  0.5037247]] [ 0.00402522]
321 0.0 128.326828003 [[ 0.40974911  0.50379992]] [ 0.00403453]
322 0.0 128.364700317 [[ 0.40976112  0.50384403]] [ 0.00402561]
323 0.0 128.328018188 [[ 0.40986506  0.50375833]] [ 0.00402268]
324 0.0 128.313583374 [[ 0.40979791  0.5037428 ]] [ 0.00402679]
325 0.0 128.393371582 [[ 0.40974236  0.50379355]] [ 0.00403279]
326 0.0 128.307601929 [[ 0.40972615  0.50368669]] [ 0.00403565]
327 0.0 128.328262329 [[ 0.4096787   0.50375415]] [ 0.00403546]
328 0.0 128.350570679 [[ 0.40982512  0.50365844]] [ 0.00403172]
329 0.0 128.372650146 [[ 0.40985382  0.50378379]] [ 0.00401971]
330 0.0 128.361907959 [[ 0.4097717   0.50365316]] [ 0.00403261]
331 0.0 128.318481445 [[ 0.40971672  0.50365661]] [ 0.00403488]
332 0.0 128.313919067 [[ 0.40957432  0.50361704]] [ 0.00404095]
333 0.0 128.341537476 [[ 0.40951398  0.50380971]] [ 0.00403961]
334 0.0 128.383529663 [[ 0.40961671  0.50419074]] [ 0.00400679]
335 0.0 128.341552734 [[ 0.40945838  0.50439908]] [ 0.00400141]
336 0.0 128.353881836 [[ 0.40937429  0.50458578]] [ 0.00400083]
337 0.0 128.350875854 [[ 0.40922701  0.50436294]] [ 0.00402203]
338 0.0 128.368835449 [[ 0.40921832  0.5043655 ]] [ 0.00402261]
339 0.0 128.401260376 [[ 0.40923071  0.5045382 ]] [ 0.00400836]
340 0.0 128.354934692 [[ 0.40915918  0.50449619]] [ 0.00401477]
341 0.0 128.401992798 [[ 0.40901497  0.5045275 ]] [ 0.00402266]
342 0.0 128.364883423 [[ 0.40891194  0.50471046]] [ 0.00402145]
343 0.0 128.397720337 [[ 0.40892064  0.50474425]] [ 0.00401743]
344 0.0 128.35647583 [[ 0.40894384  0.50459291]] [ 0.00402783]
345 0.0 128.382614136 [[ 0.40909085  0.5046219 ]] [ 0.00401164]
346 0.0 128.403823853 [[ 0.40890801  0.50490926]] [ 0.00400458]
347 0.0 128.359512329 [[ 0.40891408  0.50485268]] [ 0.00401009]
348 0.0 128.43119812 [[ 0.40900327  0.50478221]] [ 0.00400288]
349 0.0 128.34274292 [[ 0.40907712  0.50502032]] [ 0.00398362]
350 0.0 128.339569092 [[ 0.40892261  0.50476485]] [ 0.00400786]
351 0.0 128.376403809 [[ 0.40891857  0.50485365]] [ 0.00400201]
352 0.0 128.386001587 [[ 0.40872304  0.50497999]] [ 0.0040085]
353 0.0 128.474700928 [[ 0.40851806  0.50500374]] [ 0.00401942]
354 0.0 128.353683472 [[ 0.408432   0.5054584]] [ 0.00400391]
355 0.0 128.323410034 [[ 0.40823824  0.50547283]] [ 0.00401669]
356 0.0 128.406723022 [[ 0.40809484  0.50571181]] [ 0.00401261]
357 0.0 128.379592896 [[ 0.40809509  0.50564194]] [ 0.00401327]
358 0.0 128.341079712 [[ 0.40801529  0.50562536]] [ 0.0040162]
359 0.0 128.377166748 [[ 0.40813116  0.50548982]] [ 0.00402076]
360 0.0 128.367080688 [[ 0.40863123  0.50476079]] [ 0.00402918]
361 0.0 128.428939819 [[ 0.40873432  0.50478796]] [ 0.00401266]
362 0.0 128.357391357 [[ 0.40893714  0.50480186]] [ 0.00398415]
363 0.0 128.370056152 [[ 0.40885949  0.50473131]] [ 0.00400245]
364 0.0 128.332122803 [[ 0.40876931  0.50465141]] [ 0.00402167]
365 0.0 128.369659424 [[ 0.40878692  0.50471711]] [ 0.00401636]
366 0.0 128.360931396 [[ 0.4089789   0.50445103]] [ 0.00401406]
367 0.0 128.381546021 [[ 0.40884019  0.50450173]] [ 0.00402467]
368 0.0 128.334609985 [[ 0.40870477  0.50449232]] [ 0.00404126]
369 0.0 128.37272644 [[ 0.4087131   0.50443669]] [ 0.00404277]
370 0.0 128.312515259 [[ 0.40876819  0.50434869]] [ 0.00404037]
371 0.0 128.355697632 [[ 0.40875337  0.50461457]] [ 0.00402343]
372 0.0 128.412185669 [[ 0.40881957  0.50478613]] [ 0.00400036]
373 0.0 128.341522217 [[ 0.40859146  0.50491335]] [ 0.00401087]
374 0.0 128.420761108 [[ 0.40861557  0.50491465]] [ 0.00400919]
375 0.0 128.354370117 [[ 0.40846068  0.50471431]] [ 0.00403876]
376 0.0 128.384017944 [[ 0.40842893  0.5044685 ]] [ 0.00405852]
377 0.0 128.352355957 [[ 0.40868903  0.50448603]] [ 0.00403582]
378 0.0 128.385360718 [[ 0.40868721  0.50435759]] [ 0.00404415]
379 0.0 128.343658447 [[ 0.40858557  0.50428674]] [ 0.00405922]
380 0.0 128.396026611 [[ 0.40872565  0.50436276]] [ 0.00403623]
381 0.0 128.315887451 [[ 0.408623    0.50449565]] [ 0.00403674]
382 0.0 128.313903809 [[ 0.40872194  0.50438531]] [ 0.00403332]
383 0.0 128.333984375 [[ 0.40879937  0.50433144]] [ 0.00403523]
384 0.0 128.356750488 [[ 0.40870796  0.50430931]] [ 0.00404323]
385 0.0 128.326477051 [[ 0.40903857  0.50426392]] [ 0.00401727]
386 0.0 128.332870483 [[ 0.40897787  0.50400325]] [ 0.00403816]
387 0.0 128.318832397 [[ 0.40902941  0.50412391]] [ 0.00402191]
388 0.0 128.27734375 [[ 0.40911872  0.50373794]] [ 0.00404199]
389 0.0 128.358978271 [[ 0.40928787  0.50386749]] [ 0.00401905]
390 0.0 128.302719116 [[ 0.40918449  0.50400776]] [ 0.00401675]
391 0.0 128.316299438 [[ 0.40918893  0.5040655 ]] [ 0.00401351]
392 0.0 128.326034546 [[ 0.40943434  0.50357019]] [ 0.00402328]
393 0.0 128.351470947 [[ 0.40942668  0.50370909]] [ 0.00401466]
394 0.0 128.360855103 [[ 0.40945128  0.50371975]] [ 0.00401167]
395 0.0 128.362289429 [[ 0.40940772  0.50375442]] [ 0.0040116]
396 0.0 128.29776001 [[ 0.40934491  0.50368387]] [ 0.00401974]
397 0.0 128.327514648 [[ 0.40957381  0.50331251]] [ 0.00402001]
398 0.0 128.330871582 [[ 0.4095132   0.50331812]] [ 0.00402513]
399 0.0 128.347702026 [[ 0.40943258  0.50317684]] [ 0.00403731]
400 0.0 128.378036499 [[ 0.40950934  0.50344765]] [ 0.0040122]
401 0.0 128.313293457 [[ 0.40960633  0.5033408 ]] [ 0.00400752]
402 0.0 128.293762207 [[ 0.40968173  0.50314994]] [ 0.00401468]
403 0.0 128.327377319 [[ 0.40961431  0.5030514 ]] [ 0.00402243]
404 0.0 128.305862427 [[ 0.40955069  0.50305644]] [ 0.00402343]
405 0.0 128.306472778 [[ 0.40963367  0.5029691 ]] [ 0.00402503]
406 0.0 128.288421631 [[ 0.40976864  0.50288592]] [ 0.00401786]
407 0.0 128.254699707 [[ 0.40975631  0.50294947]] [ 0.00401114]
408 0.0 128.340530396 [[ 0.40968476  0.50312481]] [ 0.00400597]
409 0.0 128.34262085 [[ 0.40971198  0.50321712]] [ 0.00399647]
410 0.0 128.369003296 [[ 0.40940642  0.50330198]] [ 0.00401392]
411 0.0 128.351898193 [[ 0.40928001  0.50329229]] [ 0.0040233]
412 0.0 128.317474365 [[ 0.40932249  0.50327157]] [ 0.00402281]
413 0.0 128.348083496 [[ 0.40914369  0.50341398]] [ 0.00402262]
414 0.0 128.390579224 [[ 0.40933232  0.50328669]] [ 0.00401789]
415 0.0 128.398712158 [[ 0.40914016  0.50350146]] [ 0.00402072]
416 0.0 128.38243103 [[ 0.40905915  0.50378649]] [ 0.00400461]
417 0.0 128.351425171 [[ 0.40906954  0.50371698]] [ 0.00400958]
418 0.0 128.351821899 [[ 0.40893609  0.50368996]] [ 0.0040197]
419 0.0 128.341491699 [[ 0.40876982  0.50352325]] [ 0.00404197]
420 0.0 128.358184814 [[ 0.40884019  0.50374521]] [ 0.00402165]
421 0.0 128.341171265 [[ 0.40885501  0.50367576]] [ 0.00402194]
422 0.0 128.34552002 [[ 0.40928065  0.50332718]] [ 0.00400571]
423 0.0 128.321411133 [[ 0.40919484  0.50344072]] [ 0.00400435]
424 0.0 128.337600708 [[ 0.40889924  0.50356914]] [ 0.00401514]
425 0.0 128.366271973 [[ 0.40882196  0.50371011]] [ 0.00401229]
426 0.0 128.335357666 [[ 0.40884111  0.50350107]] [ 0.00402417]
427 0.0 128.374572754 [[ 0.40911609  0.50344312]] [ 0.00400195]
428 0.0 128.300720215 [[ 0.40893414  0.50352358]] [ 0.00401148]
429 0.0 128.348129272 [[ 0.40907261  0.50355752]] [ 0.00400231]
430 0.0 128.351287842 [[ 0.40893278  0.50350623]] [ 0.00401205]
431 0.0 128.367385864 [[ 0.40901446  0.50337759]] [ 0.00401082]
432 0.0 128.355667114 [[ 0.40911043  0.5033171 ]] [ 0.00400926]
433 0.0 128.33934021 [[ 0.40927489  0.50328684]] [ 0.00399784]
434 0.0 128.323822021 [[ 0.40929009  0.50303197]] [ 0.00401614]
435 0.0 128.353179932 [[ 0.40908097  0.50302616]] [ 0.00403169]
436 0.0 128.448364258 [[ 0.40905191  0.50271983]] [ 0.00405179]
437 0.0 128.369354248 [[ 0.40918015  0.5031085 ]] [ 0.00401325]
438 0.0 128.417129517 [[ 0.40967423  0.50304133]] [ 0.00397632]
439 0.0 128.327560425 [[ 0.40967907  0.50333354]] [ 0.00395017]
440 0.0 128.373580933 [[ 0.40953619  0.5031031 ]] [ 0.00397751]
441 0.0 128.346115112 [[ 0.4093892   0.50304388]] [ 0.00399174]
442 0.0 128.403259277 [[ 0.40935238  0.50305197]] [ 0.00399544]
443 0.0 128.357315063 [[ 0.40926843  0.50323398]] [ 0.00398539]
444 0.0 128.333953857 [[ 0.40930983  0.50304568]] [ 0.00399076]
445 0.0 128.362609863 [[ 0.40909575  0.50285795]] [ 0.00402297]
446 0.0 128.383102417 [[ 0.40867008  0.50301461]] [ 0.00405008]
447 0.0 128.36656189 [[ 0.40884752  0.50298604]] [ 0.00403164]
448 0.0 128.334716797 [[ 0.40893751  0.50320288]] [ 0.00400809]
449 0.0 128.339950562 [[ 0.40924415  0.50286724]] [ 0.00400398]
450 0.0 128.403610229 [[ 0.4091801   0.50269442]] [ 0.00401967]
451 0.0 128.377304077 [[ 0.40910906  0.50285541]] [ 0.00401742]
452 0.0 128.344100952 [[ 0.40917001  0.50284471]] [ 0.00401388]
453 0.0 128.422348022 [[ 0.40897061  0.50298316]] [ 0.00402157]
454 0.0 128.386856079 [[ 0.40895035  0.50309332]] [ 0.00401563]
455 0.0 128.387023926 [[ 0.40899659  0.50294587]] [ 0.00401927]
456 0.0 128.335723877 [[ 0.40924845  0.50303042]] [ 0.00399223]
457 0.0 128.435501099 [[ 0.40919354  0.5031605 ]] [ 0.00398902]
458 0.0 128.337493896 [[ 0.40907788  0.50314127]] [ 0.00400077]
459 0.0 128.33795166 [[ 0.40899659  0.50319553]] [ 0.00400343]
460 0.0 128.39616394 [[ 0.40898419  0.50299453]] [ 0.00401539]
461 0.0 128.374130249 [[ 0.4086505   0.50306229]] [ 0.00403702]
462 0.0 128.367630005 [[ 0.40862821  0.50314718]] [ 0.00403072]
463 0.0 128.354110718 [[ 0.40867571  0.50335941]] [ 0.00400977]
464 0.0 128.423461914 [[ 0.40900608  0.50321748]] [ 0.0039876]
465 0.0 128.364868164 [[ 0.40901273  0.50330378]] [ 0.0039813]
466 0.0 128.396011353 [[ 0.40866453  0.50330315]] [ 0.00401255]
467 0.0 128.39440918 [[ 0.40860585  0.50327316]] [ 0.00401805]
468 0.0 128.329711914 [[ 0.40878129  0.50306826]] [ 0.00401282]
469 0.0 128.364624023 [[ 0.40884392  0.5030216 ]] [ 0.00401048]
470 0.0 128.38218689 [[ 0.40886224  0.50249521]] [ 0.00404422]
471 0.0 128.369842529 [[ 0.40896793  0.50254487]] [ 0.0040305]
472 0.0 128.393356323 [[ 0.40905101  0.50241782]] [ 0.00403004]
473 0.0 128.354980469 [[ 0.40906978  0.50224571]] [ 0.00403732]
474 0.0 128.34437561 [[ 0.40897541  0.50213062]] [ 0.00405091]
475 0.0 128.330276489 [[ 0.40914872  0.50217896]] [ 0.00403223]
476 0.0 128.324951172 [[ 0.40922113  0.50210055]] [ 0.00403219]
477 0.0 128.398651123 [[ 0.40900103  0.50219288]] [ 0.00404454]
478 0.0 128.379211426 [[ 0.40905981  0.50208501]] [ 0.00404372]
479 0.0 128.394882202 [[ 0.40924562  0.50217166]] [ 0.00402744]
480 0.0 128.367950439 [[ 0.40908451  0.50233763]] [ 0.00402907]
481 0.0 128.382034302 [[ 0.40897699  0.50240222]] [ 0.00403076]
482 0.0 128.387878418 [[ 0.40903714  0.50252081]] [ 0.00402078]
483 0.0 128.339080811 [[ 0.40894767  0.50248709]] [ 0.00402465]
484 0.0 128.350463867 [[ 0.4090178   0.50258555]] [ 0.00401782]
485 0.0 128.38381958 [[ 0.40893119  0.50245959]] [ 0.00402791]
486 0.0 128.39793396 [[ 0.40889178  0.50233239]] [ 0.00403793]
487 0.0 128.342941284 [[ 0.40880624  0.5022062 ]] [ 0.0040491]
488 0.0 128.360549927 [[ 0.40858919  0.50233631]] [ 0.00405856]
489 0.0 128.370407104 [[ 0.40892166  0.50276951]] [ 0.00400152]
490 0.0 128.330993652 [[ 0.40877252  0.50273148]] [ 0.00401727]
491 0.0 128.382720947 [[ 0.40877323  0.50238784]] [ 0.0040405]
492 0.0 128.379989624 [[ 0.40869873  0.5024708 ]] [ 0.00403745]
493 0.0 128.36277771 [[ 0.40892688  0.50262057]] [ 0.00401173]
494 0.0 128.404373169 [[ 0.40890982  0.50272064]] [ 0.0040032]
495 0.0 128.625183105 [[ 0.40868097  0.50282046]] [ 0.00401336]
496 0.0 128.378250122 [[ 0.4084169   0.50308184]] [ 0.00401152]
497 0.0 128.38710022 [[ 0.40830676  0.50300247]] [ 0.00402682]
498 0.0 128.39755249 [[ 0.40836598  0.50337228]] [ 0.00399711]
499 0.0 128.391418457 [[ 0.40829474  0.50339238]] [ 0.00400283]
creating pickled numpy output
wrote pickled numpy output
Final validation loss
garray(128.2539825439453)
Final test loss
garray(129.2452392578125)
Final estimated test NLL
127.031367054
Theano: Initializing cuBLAS
