(50000L, 784L)
compiled score function
Old best loss:
garray(128.9831085205078)
Compiled loss functions
0 0.0 128.993896484 [[ 0.41418189  0.53742387]] [ 0.00412516]
1 0.0 129.041107178 [[ 0.41433043  0.53743717]] [ 0.00411344]
2 0.0 129.011520386 [[ 0.4142806   0.53755375]] [ 0.00411395]
3 0.0 128.994979858 [[ 0.4143193   0.53758047]] [ 0.00410439]
4 0.0 129.048217773 [[ 0.41421085  0.53754737]] [ 0.00412509]
5 0.0 129.012374878 [[ 0.41404302  0.53754305]] [ 0.00414405]
6 0.0 129.005523682 [[ 0.41411679  0.53755699]] [ 0.0041357]
7 0.0 129.015991211 [[ 0.41388437  0.53747221]] [ 0.00416033]
8 0.0 129.019012451 [[ 0.41403705  0.53757592]] [ 0.00413398]
9 0.0 129.021377563 [[ 0.41400228  0.5375988 ]] [ 0.00413506]
10 0.0 129.04234314 [[ 0.41411815  0.53758605]] [ 0.00412935]
11 0.0 129.001831055 [[ 0.414165    0.53746568]] [ 0.00413373]
12 0.0 129.042053223 [[ 0.41427556  0.53720782]] [ 0.00413914]
Theano: Initializing cuBLAS


Final loss on VX: 128.9831085205078
Final loss on TX: 129.9315643310547
Final loss on  X: 126.6844482421875

Final estimated test NLL: 127.237549831