(50000L, 784L)
compiled score function
Old best loss:
garray(129.11236572265625)
Compiled loss functions
0 0.0 129.203414917 [[ 0.387923    0.51968007]] [ 0.00428752]
1 0.0 129.196517944 [[ 0.38770962  0.51961066]] [ 0.0043072]
2 0.0 129.129776001 [[ 0.38759807  0.51954475]] [ 0.00431313]
3 0.0 129.18510437 [[ 0.38747908  0.5196569 ]] [ 0.0043153]
4 0.0 129.164520264 [[ 0.38764224  0.51953039]] [ 0.00431445]
5 0.0 129.158172607 [[ 0.38783237  0.51937815]] [ 0.00430313]
6 0.0 129.123397827 [[ 0.38776289  0.5194797 ]] [ 0.00429701]
7 0.0 129.107162476 [[ 0.38767161  0.51934719]] [ 0.00431036]
8 0.0 129.153793335 [[ 0.38782572  0.51924449]] [ 0.00429785]
9 0.0 129.158950806 [[ 0.38805924  0.51907739]] [ 0.00428928]
10 0.0 129.152191162 [[ 0.38789311  0.51883779]] [ 0.00431464]
11 0.0 129.123657227 [[ 0.38774704  0.51930902]] [ 0.00429973]
12 0.0 129.142349243 [[ 0.38794     0.51918136]] [ 0.00429136]
13 0.0 129.140975952 [[ 0.38781224  0.51924338]] [ 0.00429337]
14 0.0 129.127914429 [[ 0.38792016  0.51904608]] [ 0.00429232]
15 0.0 129.173553467 [[ 0.38783291  0.51915608]] [ 0.00429342]
16 0.0 129.134552002 [[ 0.38789727  0.5191514 ]] [ 0.00428368]
17 0.0 129.162490845 [[ 0.38771302  0.51921648]] [ 0.00430036]
18 0.0 129.148956299 [[ 0.38775284  0.51904252]] [ 0.0043013]
19 0.0 129.178695679 [[ 0.38775191  0.5192215 ]] [ 0.00429167]
20 0.0 129.170181274 [[ 0.38762593  0.51902541]] [ 0.00431027]
21 0.0 129.138641357 [[ 0.38762835  0.51909054]] [ 0.0043066]
22 0.0 129.145294189 [[ 0.38760862  0.51919219]] [ 0.00429632]
23 0.0 129.128311157 [[ 0.38747807  0.51905156]] [ 0.00431471]
24 0.0 129.18409729 [[ 0.38755179  0.51901867]] [ 0.00430536]
25 0.0 129.221664429 [[ 0.38764164  0.51885007]] [ 0.00430626]
26 0.0 129.125671387 [[ 0.3876242   0.51884697]] [ 0.00430054]
27 0.0 129.154815674 [[ 0.38734919  0.51883201]] [ 0.00432337]
28 0.0 129.165161133 [[ 0.38748365  0.51884481]] [ 0.00430876]
29 0.0 129.148727417 [[ 0.38746532  0.51872013]] [ 0.00431739]
30 0.0 129.157440186 [[ 0.3875171   0.51851281]] [ 0.00431631]
31 0.0 129.118148804 [[ 0.38754375  0.5185489 ]] [ 0.00431636]
32 0.0 129.14263916 [[ 0.38762311  0.51846429]] [ 0.00431385]
33 0.0 129.146240234 [[ 0.3878796   0.51831159]] [ 0.0043021]
34 0.0 129.166030884 [[ 0.38781832  0.51829354]] [ 0.00430429]
35 0.0 129.15296936 [[ 0.38786423  0.51831523]] [ 0.0043021]
36 0.0 129.136749268 [[ 0.38792594  0.51786039]] [ 0.00431733]
37 0.0 129.144271851 [[ 0.38819224  0.51787617]] [ 0.00429467]
38 0.0 129.154556274 [[ 0.38797297  0.51799481]] [ 0.00430559]
39 0.0 129.102981567 [[ 0.38805838  0.51794272]] [ 0.00429836]
40 0.0 129.150497437 [[ 0.38794705  0.5180795 ]] [ 0.00430018]
41 0.0 129.167953491 [[ 0.38786428  0.51811159]] [ 0.00430535]
42 0.0 129.160140991 [[ 0.38773271  0.51793781]] [ 0.00432094]
43 0.0 129.105010986 [[ 0.38784035  0.51793812]] [ 0.00430904]
44 0.0 129.126449585 [[ 0.38797413  0.5179284 ]] [ 0.00429823]
45 0.0 129.159973145 [[ 0.38811427  0.5179384 ]] [ 0.00428498]
46 0.0 129.187484741 [[ 0.38810555  0.51783508]] [ 0.00428703]
47 0.0 129.121414185 [[ 0.38792298  0.51774469]] [ 0.00430413]
48 0.0 129.077316284 [[ 0.38784097  0.51801852]] [ 0.00429989]
49 0.0 129.084899902 [[ 0.38801252  0.51773907]] [ 0.00429818]
50 0.0 129.147567749 [[ 0.38798955  0.51793744]] [ 0.00428704]
51 0.0 129.10710144 [[ 0.38797061  0.51792133]] [ 0.00428223]
52 0.0 129.103881836 [[ 0.38794538  0.51774206]] [ 0.0042921]
53 0.0 129.071899414 [[ 0.3877671   0.51766689]] [ 0.00430951]
54 0.0 129.096679688 [[ 0.38780082  0.51769201]] [ 0.00430744]
55 0.0 129.098464966 [[ 0.38778145  0.51753753]] [ 0.00431349]
56 0.0 129.093460083 [[ 0.38773402  0.5175371 ]] [ 0.00431885]
57 0.0 129.122802734 [[ 0.38785232  0.51774213]] [ 0.00429175]
58 0.0 129.12387085 [[ 0.38792605  0.5177882 ]] [ 0.00428034]
59 0.0 129.096389771 [[ 0.38779111  0.5176664 ]] [ 0.00429574]
60 0.0 129.097610474 [[ 0.38776003  0.51784792]] [ 0.00428847]
61 0.0 129.113510132 [[ 0.38781853  0.51799968]] [ 0.00427543]
62 0.0 129.153198242 [[ 0.38766745  0.5178374 ]] [ 0.00429126]
63 0.0 129.137023926 [[ 0.38759975  0.51801633]] [ 0.00428836]
64 0.0 129.098983765 [[ 0.38750188  0.5179138 ]] [ 0.00430287]
65 0.0 129.137176514 [[ 0.38751449  0.51790633]] [ 0.00429899]
66 0.0 129.09161377 [[ 0.3875013   0.51789682]] [ 0.00429689]
67 0.0 129.14704895 [[ 0.38732299  0.51776755]] [ 0.00431452]
68 0.0 129.046203613 [[ 0.38733663  0.51793074]] [ 0.00430851]
69 0.0 129.111480713 [[ 0.38742901  0.51798638]] [ 0.004295]
70 0.0 129.083282471 [[ 0.38739361  0.51799249]] [ 0.00429113]
71 0.0 129.099716187 [[ 0.38738496  0.5179392 ]] [ 0.00429398]
72 0.0 129.139282227 [[ 0.3872951   0.51787867]] [ 0.00430431]
73 0.0 129.145858765 [[ 0.38726975  0.51800357]] [ 0.0042999]
74 0.0 129.11138916 [[ 0.387271    0.51786663]] [ 0.00430017]
75 0.0 129.088104248 [[ 0.38736272  0.51777795]] [ 0.00429645]
76 0.0 129.121200562 [[ 0.38725281  0.51768964]] [ 0.00431163]
77 0.0 129.102539062 [[ 0.38731759  0.51775373]] [ 0.00429942]
78 0.0 129.125152588 [[ 0.38718766  0.51809321]] [ 0.00429529]
79 0.0 129.11756897 [[ 0.38730318  0.5180347 ]] [ 0.00428326]
80 0.0 129.146682739 [[ 0.3872175   0.51803365]] [ 0.00429028]
81 0.0 129.131378174 [[ 0.38725027  0.51791494]] [ 0.00428744]
82 0.0 129.153930664 [[ 0.38710966  0.51782703]] [ 0.00429984]
83 0.0 129.093933105 [[ 0.38713804  0.51774114]] [ 0.00430028]
84 0.0 129.093276978 [[ 0.38714912  0.51773194]] [ 0.00429809]
85 0.0 129.085861206 [[ 0.38724425  0.51765983]] [ 0.00429516]
86 0.0 129.102340698 [[ 0.3874023  0.5174698]] [ 0.00429044]
87 0.0 129.068054199 [[ 0.38735429  0.51740349]] [ 0.00429508]
88 0.0 129.074783325 [[ 0.38727199  0.51732075]] [ 0.00430835]
89 0.0 129.111083984 [[ 0.38735145  0.51694754]] [ 0.00432057]
90 0.0 129.083679199 [[ 0.38740133  0.51683367]] [ 0.00431703]
91 0.0 129.073394775 [[ 0.38724803  0.5166278 ]] [ 0.0043351]
92 0.0 129.141098022 [[ 0.38737999  0.51722064]] [ 0.00429448]
93 0.0 129.093261719 [[ 0.38728598  0.51701444]] [ 0.00430854]
94 0.0 129.096893311 [[ 0.38731308  0.51712924]] [ 0.00429581]
95 0.0 129.128433228 [[ 0.38732675  0.51725465]] [ 0.00428964]
96 0.0 129.11907959 [[ 0.38736641  0.51718981]] [ 0.0042839]
97 0.0 129.077972412 [[ 0.38714598  0.51733   ]] [ 0.00429216]
98 0.0 129.06817627 [[ 0.38704799  0.51716164]] [ 0.00430875]
99 0.0 129.062469482 [[ 0.38713749  0.51729004]] [ 0.00429772]
100 0.0 129.120620728 [[ 0.38705436  0.51773089]] [ 0.00428269]
101 0.0 129.081100464 [[ 0.38683627  0.5176258 ]] [ 0.00429924]
102 0.0 129.113220215 [[ 0.38685552  0.51788388]] [ 0.00428463]
103 0.0 129.098083496 [[ 0.38690198  0.51785944]] [ 0.00428004]
104 0.0 129.084411621 [[ 0.3868421   0.51813243]] [ 0.00426834]
105 0.0 129.112533569 [[ 0.38659449  0.5178444 ]] [ 0.00430228]
106 0.0 129.064376831 [[ 0.38661984  0.51757773]] [ 0.00431105]
107 0.0 129.057113647 [[ 0.38652339  0.51801876]] [ 0.00429415]
108 0.0 129.084533691 [[ 0.38653834  0.51777539]] [ 0.00430375]
109 0.0 129.06892395 [[ 0.38660191  0.51791537]] [ 0.00428905]
110 0.0 129.142318726 [[ 0.38657546  0.51786752]] [ 0.00429366]
111 0.0 129.105697632 [[ 0.38662143  0.51767013]] [ 0.00429795]
112 0.0 129.077423096 [[ 0.38668776  0.51761352]] [ 0.00429647]
113 0.0 129.071243286 [[ 0.38674668  0.51766032]] [ 0.00428411]
114 0.0 129.103378296 [[ 0.3868468   0.51761929]] [ 0.00427394]
115 0.0 129.096359253 [[ 0.3869712   0.51736593]] [ 0.00427789]
116 0.0 129.082702637 [[ 0.38712823  0.51716956]] [ 0.00427224]
117 0.0 129.097244263 [[ 0.38731401  0.51707524]] [ 0.00425762]
118 0.0 129.128921509 [[ 0.3872647   0.51702042]] [ 0.0042669]
119 0.0 129.101333618 [[ 0.38696306  0.51698384]] [ 0.00428975]
120 0.0 129.061859131 [[ 0.3867089  0.5172384]] [ 0.00429477]
121 0.0 129.07623291 [[ 0.38676012  0.51718149]] [ 0.00428692]
122 0.0 129.085479736 [[ 0.38674151  0.51721771]] [ 0.00429001]
123 0.0 129.082595825 [[ 0.38679444  0.51710637]] [ 0.00428809]
124 0.0 129.122680664 [[ 0.38665858  0.51695   ]] [ 0.0043063]
125 0.0 129.082977295 [[ 0.3866849   0.51710612]] [ 0.00429863]
126 0.0 129.099258423 [[ 0.38650821  0.51675321]] [ 0.00432516]
127 0.0 129.080551147 [[ 0.38675325  0.51688915]] [ 0.00429772]
128 0.0 129.106887817 [[ 0.38673234  0.51685767]] [ 0.00429784]
129 0.0 129.076034546 [[ 0.38678635  0.51707234]] [ 0.00428641]
130 0.0 129.098800659 [[ 0.38659295  0.51699545]] [ 0.00429981]
131 0.0 129.110992432 [[ 0.38661074  0.51725277]] [ 0.00428391]
132 0.0 129.10723877 [[ 0.38662309  0.51708979]] [ 0.00428959]
133 0.0 129.097747803 [[ 0.38662026  0.51696587]] [ 0.00429621]
134 0.0 129.122817993 [[ 0.38667531  0.51690912]] [ 0.00429332]
135 0.0 129.090774536 [[ 0.38686539  0.51687772]] [ 0.0042805]
136 0.0 129.14855957 [[ 0.38678119  0.51686555]] [ 0.00428355]
137 0.0 129.129043579 [[ 0.38703687  0.51670963]] [ 0.00426587]
138 0.0 129.154083252 [[ 0.3869036   0.51653051]] [ 0.00428605]
139 0.0 129.180511475 [[ 0.38699436  0.51658383]] [ 0.0042758]
140 0.0 129.107803345 [[ 0.38679345  0.51693124]] [ 0.00427442]
141 0.0 129.123092651 [[ 0.3864034   0.51713387]] [ 0.00428907]
142 0.0 129.149459839 [[ 0.38645336  0.51727142]] [ 0.00427633]
143 0.0 129.120391846 [[ 0.38642316  0.51729362]] [ 0.00427277]
144 0.0 129.159759521 [[ 0.38625407  0.51727647]] [ 0.00428475]
145 0.0 129.179962158 [[ 0.38636784  0.51758806]] [ 0.00425924]
146 0.0 129.166870117 [[ 0.38612112  0.51749068]] [ 0.00428104]
147 0.0 129.175064087 [[ 0.38638104  0.51742612]] [ 0.00426041]
148 0.0 129.102401733 [[ 0.38614788  0.51754886]] [ 0.00427276]
149 0.0 129.121261597 [[ 0.38598142  0.51766955]] [ 0.00428094]
150 0.0 129.131362915 [[ 0.38592973  0.51767489]] [ 0.00428651]
151 0.0 129.109329224 [[ 0.38566953  0.5179071 ]] [ 0.00429306]
152 0.0 129.119659424 [[ 0.3855166   0.51775067]] [ 0.00430822]
153 0.0 129.16444397 [[ 0.38548333  0.51822157]] [ 0.00428741]
154 0.0 129.147109985 [[ 0.38562795  0.51803266]] [ 0.00428547]
155 0.0 129.128463745 [[ 0.38563142  0.51834912]] [ 0.00425942]
156 0.0 129.121963501 [[ 0.38550962  0.51806786]] [ 0.00428262]
157 0.0 129.161849976 [[ 0.38554855  0.51820372]] [ 0.00427151]
158 0.0 129.178726196 [[ 0.38563556  0.51811594]] [ 0.00426715]
159 0.0 129.163070679 [[ 0.38565632  0.51788756]] [ 0.00427484]
160 0.0 129.159622192 [[ 0.38552642  0.5174021 ]] [ 0.00430924]
161 0.0 129.214874268 [[ 0.38575331  0.51736337]] [ 0.0042938]
162 0.0 129.166992188 [[ 0.38573963  0.51748497]] [ 0.00428331]
163 0.0 129.162063599 [[ 0.38584934  0.51759149]] [ 0.00426929]
164 0.0 129.142379761 [[ 0.38566149  0.51773231]] [ 0.00427835]
165 0.0 129.157424927 [[ 0.38566544  0.5173082 ]] [ 0.00429478]
166 0.0 129.111663818 [[ 0.38568533  0.51721978]] [ 0.00429368]
167 0.0 129.125488281 [[ 0.38573163  0.51710847]] [ 0.00429887]
168 0.0 129.124603271 [[ 0.38568484  0.51726356]] [ 0.00428945]
169 0.0 129.086334229 [[ 0.38573328  0.51722462]] [ 0.00428478]
170 0.0 129.117889404 [[ 0.38568553  0.51736821]] [ 0.00427767]
171 0.0 129.098815918 [[ 0.38542353  0.51745598]] [ 0.00429485]
172 0.0 129.092819214 [[ 0.38543322  0.51756888]] [ 0.00428755]
173 0.0 129.19960022 [[ 0.38552099  0.51746514]] [ 0.00428006]
174 0.0 129.123184204 [[ 0.38543656  0.51714092]] [ 0.00430361]
175 0.0 129.088851929 [[ 0.38538893  0.5175901 ]] [ 0.00428394]
176 0.0 129.112533569 [[ 0.38528539  0.51763823]] [ 0.00428926]
177 0.0 129.113540649 [[ 0.38533925  0.51752115]] [ 0.00429052]
178 0.0 129.134429932 [[ 0.38533608  0.51758828]] [ 0.00428587]
179 0.0 129.136077881 [[ 0.38547495  0.51776555]] [ 0.00426365]
180 0.0 129.167770386 [[ 0.38536711  0.51739871]] [ 0.00428687]
181 0.0 129.159378052 [[ 0.38530655  0.51740719]] [ 0.00428552]
182 0.0 129.099853516 [[ 0.38542256  0.51712613]] [ 0.00428999]
183 0.0 129.115127563 [[ 0.38528064  0.51729087]] [ 0.00429097]
184 0.0 129.117141724 [[ 0.38511457  0.51748614]] [ 0.00429116]
185 0.0 129.120635986 [[ 0.38532949  0.51755256]] [ 0.00426987]
186 0.0 129.110229492 [[ 0.38523288  0.5175939 ]] [ 0.00427053]
187 0.0 129.113357544 [[ 0.38500861  0.51762176]] [ 0.00429011]
188 0.0 129.135055542 [[ 0.38507346  0.5176229 ]] [ 0.00428355]
189 0.0 129.098205566 [[ 0.38493259  0.51791265]] [ 0.00427789]
190 0.0 129.133132935 [[ 0.38488806  0.51777638]] [ 0.00429174]
191 0.0 129.09487915 [[ 0.38504771  0.51773762]] [ 0.00427594]
192 0.0 129.038833618 [[ 0.38492382  0.51781345]] [ 0.00428049]
193 0.0 129.093978882 [[ 0.38487202  0.51782339]] [ 0.0042785]
194 0.0 129.083572388 [[ 0.38487069  0.51778283]] [ 0.00428084]
195 0.0 129.091842651 [[ 0.38484718  0.51771617]] [ 0.00428312]
196 0.0 129.093093872 [[ 0.38486131  0.51759704]] [ 0.00429051]
197 0.0 129.122894287 [[ 0.3849508   0.51754929]] [ 0.00428647]
198 0.0 129.109390259 [[ 0.38494181  0.51744133]] [ 0.00429133]
199 0.0 129.060058594 [[ 0.38489771  0.51750481]] [ 0.00428845]
200 0.0 129.082015991 [[ 0.38487677  0.51730348]] [ 0.00429402]
201 0.0 129.104232788 [[ 0.3849997  0.5172371]] [ 0.00429041]
202 0.0 129.145004272 [[ 0.38499436  0.51735769]] [ 0.00428413]
203 0.0 129.067382812 [[ 0.38519802  0.51723186]] [ 0.00427326]
204 0.0 129.082092285 [[ 0.38505455  0.51716466]] [ 0.00428163]
205 0.0 129.089370728 [[ 0.38533778  0.5169643 ]] [ 0.00427099]
206 0.0 129.141296387 [[ 0.38510321  0.51706957]] [ 0.00427668]
207 0.0 129.148193359 [[ 0.38500647  0.51728446]] [ 0.00427537]
208 0.0 129.122543335 [[ 0.38487101  0.51727851]] [ 0.00428571]
209 0.0 129.138595581 [[ 0.38501646  0.51697194]] [ 0.00428977]
210 0.0 129.147003174 [[ 0.38525758  0.5170019 ]] [ 0.00426923]
211 0.0 129.172149658 [[ 0.38529068  0.51689732]] [ 0.00427322]
212 0.0 129.11505127 [[ 0.38530689  0.5166246 ]] [ 0.00427915]
213 0.0 129.152450562 [[ 0.38521159  0.51673701]] [ 0.00428271]
214 0.0 129.122131348 [[ 0.38525947  0.51660696]] [ 0.00428106]
215 0.0 129.121459961 [[ 0.38534745  0.51688721]] [ 0.00425897]
216 0.0 129.112930298 [[ 0.38500333  0.5166901 ]] [ 0.00429688]
217 0.0 129.112731934 [[ 0.38510326  0.516579  ]] [ 0.00429118]
218 0.0 129.114517212 [[ 0.38511499  0.51664794]] [ 0.00428645]
219 0.0 129.131500244 [[ 0.38519446  0.51674218]] [ 0.00427406]
220 0.0 129.167098999 [[ 0.38527501  0.51658734]] [ 0.00427113]
221 0.0 129.133010864 [[ 0.38501905  0.51672749]] [ 0.00428587]
222 0.0 129.152999878 [[ 0.38497857  0.51679849]] [ 0.0042845]
223 0.0 129.156219482 [[ 0.38508988  0.51672934]] [ 0.00427128]
224 0.0 129.147689819 [[ 0.38476495  0.51690644]] [ 0.00428977]
225 0.0 129.1456604 [[ 0.38493913  0.51669371]] [ 0.0042855]
226 0.0 129.169723511 [[ 0.38495755  0.51651133]] [ 0.00429109]
227 0.0 129.177902222 [[ 0.38478674  0.5166622 ]] [ 0.00429455]
228 0.0 129.185272217 [[ 0.38495597  0.51666457]] [ 0.00428054]
229 0.0 129.151443481 [[ 0.38503257  0.51662168]] [ 0.00426741]
230 0.0 129.18359375 [[ 0.38495175  0.5166634 ]] [ 0.00427167]
231 0.0 129.168395996 [[ 0.38481497  0.51674083]] [ 0.00428182]
232 0.0 129.177612305 [[ 0.38498433  0.51634049]] [ 0.00428367]
233 0.0 129.144119263 [[ 0.38508421  0.51636083]] [ 0.00427834]
234 0.0 129.160720825 [[ 0.38513838  0.51613353]] [ 0.00427858]
235 0.0 129.135803223 [[ 0.38495448  0.51606613]] [ 0.00429781]
236 0.0 129.120742798 [[ 0.38506837  0.51615245]] [ 0.00428205]
237 0.0 129.148803711 [[ 0.38507007  0.51614464]] [ 0.00427748]
238 0.0 129.122619629 [[ 0.38492515  0.51619365]] [ 0.0042863]
239 0.0 129.128494263 [[ 0.38493702  0.51653109]] [ 0.00426681]
240 0.0 129.176422119 [[ 0.38488907  0.51616143]] [ 0.00428772]
241 0.0 129.125640869 [[ 0.38479247  0.51599646]] [ 0.00429834]
242 0.0 129.171173096 [[ 0.38471379  0.51611412]] [ 0.0042953]
243 0.0 129.158660889 [[ 0.38479983  0.51592207]] [ 0.0042924]
244 0.0 129.158721924 [[ 0.38472807  0.51621349]] [ 0.00428618]
245 0.0 129.118041992 [[ 0.38465734  0.51641079]] [ 0.00427845]
246 0.0 129.100952148 [[ 0.38454127  0.5164573 ]] [ 0.00428875]
247 0.0 129.165466309 [[ 0.38450389  0.51667775]] [ 0.00427608]
248 0.0 129.121704102 [[ 0.38451166  0.51647171]] [ 0.00428347]
249 0.0 129.090911865 [[ 0.38434563  0.51642292]] [ 0.00429757]
250 0.0 129.134140015 [[ 0.38433143  0.51677111]] [ 0.00427981]
251 0.0 129.087432861 [[ 0.38432719  0.51677376]] [ 0.00428357]
252 0.0 129.149139404 [[ 0.38437587  0.51680582]] [ 0.00427792]
253 0.0 129.115615845 [[ 0.38457025  0.51679027]] [ 0.00426212]
254 0.0 129.118759155 [[ 0.38436435  0.51666057]] [ 0.00428287]
255 0.0 129.099563599 [[ 0.38452789  0.51646946]] [ 0.00428254]
256 0.0 129.097717285 [[ 0.38455532  0.51612913]] [ 0.00429032]
257 0.0 129.12802124 [[ 0.38473337  0.51599007]] [ 0.00428126]
258 0.0 129.148651123 [[ 0.38476385  0.51619162]] [ 0.00426782]
259 0.0 129.123214722 [[ 0.38485991  0.51628131]] [ 0.00425618]
260 0.0 129.147033691 [[ 0.38487376  0.51639958]] [ 0.00424858]
261 0.0 129.107330322 [[ 0.38450387  0.51622503]] [ 0.00428131]
262 0.0 129.116012573 [[ 0.38443269  0.51600178]] [ 0.00429461]
263 0.0 129.140045166 [[ 0.38468838  0.51608785]] [ 0.00426838]
264 0.0 129.145339966 [[ 0.38455709  0.51623269]] [ 0.00426737]
265 0.0 129.101715088 [[ 0.38465009  0.51606902]] [ 0.00427338]
266 0.0 129.138031006 [[ 0.38445581  0.51597995]] [ 0.00429108]
267 0.0 129.12197876 [[ 0.38432728  0.51593446]] [ 0.00429696]
268 0.0 129.105102539 [[ 0.38414548  0.51597214]] [ 0.0043105]
269 0.0 129.083023071 [[ 0.38414862  0.51607576]] [ 0.00430545]
270 0.0 129.050643921 [[ 0.38423561  0.51630205]] [ 0.00427974]
271 0.0 129.079299927 [[ 0.38427705  0.51597161]] [ 0.00429268]
272 0.0 129.093475342 [[ 0.38435204  0.51594947]] [ 0.00427987]
273 0.0 129.126220703 [[ 0.38422366  0.51601197]] [ 0.00428724]
274 0.0 129.086730957 [[ 0.38427473  0.51610683]] [ 0.00427739]
275 0.0 129.137252808 [[ 0.38408057  0.5161962 ]] [ 0.00428525]
276 0.0 129.066436768 [[ 0.38430655  0.51604205]] [ 0.00427494]
277 0.0 129.042953491 [[ 0.3842434   0.51613202]] [ 0.00427043]
278 0.0 129.081100464 [[ 0.38416842  0.51657567]] [ 0.00425342]
279 0.0 129.077133179 [[ 0.38421404  0.51645271]] [ 0.00425993]
280 0.0 129.125854492 [[ 0.38408749  0.516332  ]] [ 0.00427184]
281 0.0 129.13117981 [[ 0.38394395  0.51643237]] [ 0.00427701]
282 0.0 129.115036011 [[ 0.38389317  0.51644086]] [ 0.00427787]
283 0.0 129.11100769 [[ 0.38379854  0.51631405]] [ 0.00429461]
284 0.0 129.131118774 [[ 0.38386189  0.51648639]] [ 0.00428014]
285 0.0 129.129302979 [[ 0.38380829  0.51661392]] [ 0.00427102]
286 0.0 129.13432312 [[ 0.38413513  0.51649387]] [ 0.0042513]
287 0.0 129.097442627 [[ 0.38412886  0.51623174]] [ 0.00426363]
288 0.0 129.096008301 [[ 0.3841979   0.51589464]] [ 0.00427804]
289 0.0 129.093017578 [[ 0.38414555  0.51591887]] [ 0.00428106]
290 0.0 129.090942383 [[ 0.38428635  0.51610855]] [ 0.00425295]
291 0.0 129.090896606 [[ 0.38428092  0.51617174]] [ 0.00424869]
292 0.0 129.075286865 [[ 0.38412682  0.51607176]] [ 0.0042667]
293 0.0 129.074737549 [[ 0.38411633  0.51624078]] [ 0.00426266]
294 0.0 129.08190918 [[ 0.38404246  0.51624829]] [ 0.00426524]
295 0.0 129.07649231 [[ 0.38397272  0.51615639]] [ 0.00426832]
296 0.0 129.013412476 [[ 0.38394123  0.51653907]] [ 0.00424891]
297 0.0 129.075180054 [[ 0.38381822  0.51655052]] [ 0.00425912]
298 0.0 129.098434448 [[ 0.38382332  0.516504  ]] [ 0.00425657]
299 0.0 129.141540527 [[ 0.38368164  0.51653008]] [ 0.00426328]
300 0.0 129.103912354 [[ 0.38370074  0.51662848]] [ 0.00424974]
301 0.0 129.110794067 [[ 0.38369244  0.51634384]] [ 0.00426629]
302 0.0 129.08052063 [[ 0.38360785  0.51641362]] [ 0.00427094]
303 0.0 129.101379395 [[ 0.38362735  0.51650745]] [ 0.00426264]
304 0.0 129.073577881 [[ 0.38360844  0.51634797]] [ 0.00427244]
305 0.0 129.089111328 [[ 0.38372352  0.51638604]] [ 0.0042609]
306 0.0 129.056167603 [[ 0.38379266  0.51645259]] [ 0.00424927]
307 0.0 129.083099365 [[ 0.38362415  0.51616503]] [ 0.00427399]
308 0.0 129.09223938 [[ 0.38367185  0.51617057]] [ 0.00427152]
309 0.0 129.110580444 [[ 0.3836461   0.51583711]] [ 0.00428229]
310 0.0 129.135879517 [[ 0.38379228  0.51591248]] [ 0.0042645]
311 0.0 129.093231201 [[ 0.38356745  0.51596802]] [ 0.00428065]
312 0.0 129.109222412 [[ 0.38373989  0.5157589 ]] [ 0.00427681]
313 0.0 129.118179321 [[ 0.38397475  0.51571193]] [ 0.00425708]
314 0.0 129.119216919 [[ 0.38397489  0.51551149]] [ 0.00426815]
315 0.0 129.175689697 [[ 0.38396649  0.51560844]] [ 0.00425734]
316 0.0 129.09211731 [[ 0.38392326  0.51546009]] [ 0.0042691]
317 0.0 129.115875244 [[ 0.38391878  0.51511514]] [ 0.00428694]
318 0.0 129.122619629 [[ 0.3839897   0.51527756]] [ 0.00427264]
319 0.0 129.116867065 [[ 0.38424484  0.51494827]] [ 0.00426547]
320 0.0 129.077957153 [[ 0.38395411  0.51513977]] [ 0.00427725]
321 0.0 129.101516724 [[ 0.38396448  0.51518994]] [ 0.00427371]
322 0.0 129.10987854 [[ 0.38403046  0.51528063]] [ 0.00426353]
323 0.0 129.132125854 [[ 0.38389184  0.51537963]] [ 0.00426149]
324 0.0 129.09513855 [[ 0.38370472  0.51535649]] [ 0.00427394]
325 0.0 129.086410522 [[ 0.3837106   0.51567394]] [ 0.00426164]
326 0.0 129.101272583 [[ 0.38359114  0.51561695]] [ 0.00426913]
327 0.0 129.120361328 [[ 0.38350111  0.515594  ]] [ 0.00427727]
328 0.0 129.091140747 [[ 0.38352212  0.51556385]] [ 0.00427361]
329 0.0 129.097640991 [[ 0.38351176  0.51554188]] [ 0.0042766]
330 0.0 129.08366394 [[ 0.38334292  0.51585393]] [ 0.00426855]
331 0.0 129.125106812 [[ 0.38325228  0.51587727]] [ 0.00427447]
332 0.0 129.084594727 [[ 0.38329126  0.51572315]] [ 0.00427488]
333 0.0 129.117294312 [[ 0.38331241  0.51586051]] [ 0.00426928]
334 0.0 129.132843018 [[ 0.38306104  0.5159932 ]] [ 0.00427562]
335 0.0 129.127700806 [[ 0.38335295  0.51587213]] [ 0.0042573]
336 0.0 129.090454102 [[ 0.3834032   0.51570544]] [ 0.00426026]
337 0.0 129.089172363 [[ 0.38334577  0.51590737]] [ 0.00424834]
338 0.0 129.084442139 [[ 0.38320644  0.51582746]] [ 0.0042633]
339 0.0 129.106491089 [[ 0.38322197  0.51593071]] [ 0.00425804]
340 0.0 129.081680298 [[ 0.38323488  0.5161243 ]] [ 0.00424071]
341 0.0 129.085479736 [[ 0.38321395  0.51615543]] [ 0.00423583]
342 0.0 129.127441406 [[ 0.38321441  0.51592582]] [ 0.00424867]
343 0.0 129.053283691 [[ 0.38307248  0.51586801]] [ 0.00425795]
344 0.0 129.124023438 [[ 0.38295673  0.51601805]] [ 0.00426029]
345 0.0 129.102264404 [[ 0.38298896  0.51610427]] [ 0.00425175]
346 0.0 129.062637329 [[ 0.38282738  0.51597152]] [ 0.00427036]
347 0.0 129.083709717 [[ 0.38298337  0.51589   ]] [ 0.00426051]
348 0.0 129.138092041 [[ 0.38297315  0.51578691]] [ 0.00426816]
349 0.0 129.149200439 [[ 0.3831831   0.51568082]] [ 0.00425272]
350 0.0 129.100296021 [[ 0.3831081   0.51527961]] [ 0.00427858]
351 0.0 129.140930176 [[ 0.38333503  0.51547849]] [ 0.00424813]
352 0.0 129.134353638 [[ 0.38312952  0.51531662]] [ 0.00426838]
353 0.0 129.117523193 [[ 0.38302487  0.51546952]] [ 0.00426946]
354 0.0 129.106903076 [[ 0.38299056  0.51553091]] [ 0.00426862]
355 0.0 129.100601196 [[ 0.38289572  0.51541839]] [ 0.00428172]
356 0.0 129.108840942 [[ 0.38294194  0.51554062]] [ 0.00426939]
357 0.0 129.065917969 [[ 0.38292503  0.51550073]] [ 0.00426957]
358 0.0 129.100830078 [[ 0.38283137  0.51551619]] [ 0.00427]
359 0.0 129.088043213 [[ 0.3828551   0.51535259]] [ 0.0042767]
360 0.0 129.10333252 [[ 0.38279085  0.51534768]] [ 0.00428352]
361 0.0 129.091766357 [[ 0.38291309  0.51535361]] [ 0.00426678]
362 0.0 129.116027832 [[ 0.38299693  0.51514864]] [ 0.00426761]
363 0.0 129.140869141 [[ 0.38302325  0.51518211]] [ 0.00426391]
364 0.0 129.128646851 [[ 0.3830699   0.51521878]] [ 0.00425434]
365 0.0 129.073135376 [[ 0.3830991   0.51522615]] [ 0.00425306]
366 0.0 129.073699951 [[ 0.38300047  0.51504244]] [ 0.0042698]
367 0.0 129.062423706 [[ 0.38303045  0.51492383]] [ 0.00427704]
368 0.0 129.101013184 [[ 0.38311664  0.51499201]] [ 0.0042646]
369 0.0 129.061981201 [[ 0.38311484  0.51492239]] [ 0.00426363]
370 0.0 129.106811523 [[ 0.38303129  0.51477503]] [ 0.00427754]
371 0.0 129.058441162 [[ 0.38308458  0.5149688 ]] [ 0.00426255]
372 0.0 129.053375244 [[ 0.38307191  0.51497782]] [ 0.00425656]
373 0.0 129.09765625 [[ 0.38338571  0.51490962]] [ 0.00423476]
374 0.0 129.098876953 [[ 0.38325409  0.5146613 ]] [ 0.00425761]
375 0.0 129.06791687 [[ 0.38328728  0.51416054]] [ 0.00427329]
376 0.0 129.106002808 [[ 0.38351503  0.5141702 ]] [ 0.00425162]
377 0.0 129.073303223 [[ 0.38344223  0.51428425]] [ 0.00425272]
378 0.0 129.081771851 [[ 0.3833094   0.51425914]] [ 0.00426154]
379 0.0 129.067199707 [[ 0.383236    0.51421963]] [ 0.00426796]
380 0.0 129.106948853 [[ 0.38333736  0.51400589]] [ 0.00427022]
381 0.0 129.057800293 [[ 0.38317449  0.51396653]] [ 0.0042812]
382 0.0 129.070053101 [[ 0.38324143  0.5141223 ]] [ 0.00426519]
383 0.0 129.097076416 [[ 0.38324296  0.5141527 ]] [ 0.00426116]
384 0.0 129.090484619 [[ 0.38353394  0.51403626]] [ 0.00423827]
385 0.0 129.094711304 [[ 0.38321242  0.51385245]] [ 0.00427568]
386 0.0 129.087219238 [[ 0.38327677  0.51393604]] [ 0.00426368]
387 0.0 129.091323853 [[ 0.38329478  0.51397936]] [ 0.00425671]
388 0.0 129.100830078 [[ 0.3832066   0.51407983]] [ 0.00425608]
389 0.0 129.130386353 [[ 0.38310392  0.51438146]] [ 0.00424646]
390 0.0 129.089660645 [[ 0.38317826  0.51423226]] [ 0.0042474]
391 0.0 129.081130981 [[ 0.38298497  0.514071  ]] [ 0.00427182]
392 0.0 129.073669434 [[ 0.38283559  0.51447179]] [ 0.00426029]
393 0.0 129.089080811 [[ 0.38283632  0.51442273]] [ 0.00426142]
394 0.0 129.155075073 [[ 0.38285668  0.51470474]] [ 0.00424339]
395 0.0 129.144073486 [[ 0.38282722  0.51480826]] [ 0.00423976]
396 0.0 129.087921143 [[ 0.38276771  0.51444054]] [ 0.00426152]
397 0.0 129.130844116 [[ 0.38286291  0.51405173]] [ 0.00426713]
398 0.0 129.11289978 [[ 0.38311625  0.51400307]] [ 0.00425122]
399 0.0 129.091827393 [[ 0.38310424  0.51416324]] [ 0.00424054]
400 0.0 129.092514038 [[ 0.38314964  0.5142642 ]] [ 0.00423229]
401 0.0 129.132659912 [[ 0.3830591   0.51402893]] [ 0.00424588]
402 0.0 129.132354736 [[ 0.38304567  0.51384838]] [ 0.00425844]
403 0.0 129.116638184 [[ 0.38301679  0.51402982]] [ 0.00425089]
404 0.0 129.171279907 [[ 0.3830346   0.51386079]] [ 0.00425715]
405 0.0 129.12789917 [[ 0.38311283  0.5140346 ]] [ 0.00424257]
406 0.0 129.10295105 [[ 0.38319401  0.51417976]] [ 0.0042268]
407 0.0 129.173980713 [[ 0.38307846  0.51402948]] [ 0.00424093]
408 0.0 129.127731323 [[ 0.38300727  0.51385325]] [ 0.00425317]
409 0.0 129.113723755 [[ 0.38288737  0.51392174]] [ 0.00425748]
410 0.0 129.10723877 [[ 0.38294484  0.51384483]] [ 0.00425358]
411 0.0 129.117797852 [[ 0.38297844  0.51356837]] [ 0.00426041]
412 0.0 129.119613647 [[ 0.3830354  0.5135755]] [ 0.00425193]
413 0.0 129.138214111 [[ 0.38313091  0.51373816]] [ 0.00423606]
414 0.0 129.082641602 [[ 0.38318518  0.51334948]] [ 0.00424992]
415 0.0 129.105255127 [[ 0.38325048  0.51319199]] [ 0.00425107]
416 0.0 129.085952759 [[ 0.38303764  0.51305268]] [ 0.00426853]
417 0.0 129.124359131 [[ 0.38317549  0.51299299]] [ 0.0042614]
418 0.0 129.068054199 [[ 0.38313381  0.51331971]] [ 0.00424995]
419 0.0 129.069717407 [[ 0.38319002  0.513324  ]] [ 0.00424311]
420 0.0 129.115478516 [[ 0.38311036  0.51340634]] [ 0.0042448]
421 0.0 129.057495117 [[ 0.38306072  0.51316324]] [ 0.00426234]
422 0.0 129.087356567 [[ 0.383107    0.51328336]] [ 0.00424911]
423 0.0 129.125991821 [[ 0.38306088  0.51329667]] [ 0.00424791]
424 0.0 129.14906311 [[ 0.38306545  0.51359065]] [ 0.00423073]
425 0.0 129.103622437 [[ 0.38276294  0.51322083]] [ 0.00426907]
426 0.0 129.11958313 [[ 0.38284362  0.51354728]] [ 0.00424893]
427 0.0 129.098297119 [[ 0.38263837  0.51344805]] [ 0.00426569]
428 0.0 129.062606812 [[ 0.3826217   0.51370852]] [ 0.00425223]
429 0.0 129.103683472 [[ 0.38286412  0.51379402]] [ 0.00422813]
430 0.0 129.102127075 [[ 0.38289527  0.51354253]] [ 0.00423488]
431 0.0 129.07472229 [[ 0.38276897  0.51355845]] [ 0.00424047]
432 0.0 129.104675293 [[ 0.38268721  0.51382063]] [ 0.00423097]
433 0.0 129.091903687 [[ 0.38250844  0.51369006]] [ 0.00424824]
434 0.0 129.087219238 [[ 0.38244698  0.51381537]] [ 0.00424806]
435 0.0 129.154830933 [[ 0.38260271  0.51371134]] [ 0.00424174]
436 0.0 129.109603882 [[ 0.38266645  0.51355444]] [ 0.00424213]
437 0.0 129.165618896 [[ 0.3826457   0.51337194]] [ 0.00424836]
438 0.0 129.118713379 [[ 0.38257849  0.51358796]] [ 0.00424006]
439 0.0 129.136779785 [[ 0.38261397  0.51340309]] [ 0.00424228]
440 0.0 129.121276855 [[ 0.38258642  0.51341163]] [ 0.00424352]
441 0.0 129.117462158 [[ 0.38251268  0.5134964 ]] [ 0.00424579]
442 0.0 129.130874634 [[ 0.38250789  0.51352291]] [ 0.00423869]
443 0.0 129.119689941 [[ 0.3823494   0.51364597]] [ 0.004244]
444 0.0 129.126190186 [[ 0.38252515  0.5138969 ]] [ 0.00422034]
445 0.0 129.139846802 [[ 0.382351    0.51363324]] [ 0.00424439]
446 0.0 129.172241211 [[ 0.3823484   0.51352588]] [ 0.00424969]
447 0.0 129.130783081 [[ 0.38247386  0.51335502]] [ 0.0042454]
448 0.0 129.099014282 [[ 0.382583    0.51304913]] [ 0.00425147]
449 0.0 129.111984253 [[ 0.38269031  0.51304919]] [ 0.00424107]
450 0.0 129.156600952 [[ 0.38268442  0.51303696]] [ 0.00424032]
451 0.0 129.134292603 [[ 0.38252987  0.5130843 ]] [ 0.0042454]
452 0.0 129.09828186 [[ 0.38260499  0.51307219]] [ 0.00423757]
453 0.0 129.141998291 [[ 0.38238808  0.51305063]] [ 0.0042566]
454 0.0 129.110321045 [[ 0.38241532  0.51279571]] [ 0.0042645]
455 0.0 129.116607666 [[ 0.38231834  0.51297531]] [ 0.00426424]
456 0.0 129.11920166 [[ 0.38252237  0.51271102]] [ 0.00426266]
457 0.0 129.151245117 [[ 0.38241204  0.51293875]] [ 0.00425688]
458 0.0 129.190292358 [[ 0.38247021  0.51304638]] [ 0.00424629]
459 0.0 129.118423462 [[ 0.38222948  0.51333449]] [ 0.00424797]
460 0.0 129.156204224 [[ 0.3822946   0.51339771]] [ 0.00423967]
461 0.0 129.156845093 [[ 0.38243223  0.51325993]] [ 0.00423029]
462 0.0 129.140808105 [[ 0.38227815  0.51321774]] [ 0.00424688]
463 0.0 129.138549805 [[ 0.38227147  0.51325601]] [ 0.00423923]
464 0.0 129.132675171 [[ 0.38237204  0.51318177]] [ 0.00423126]
465 0.0 129.077713013 [[ 0.38228735  0.51308965]] [ 0.0042437]
466 0.0 129.08972168 [[ 0.38215877  0.51311133]] [ 0.00425455]
467 0.0 129.124282837 [[ 0.38212932  0.51306402]] [ 0.00425798]
468 0.0 129.089538574 [[ 0.38232632  0.51301213]] [ 0.0042432]
469 0.0 129.122375488 [[ 0.38229476  0.51304849]] [ 0.0042412]
470 0.0 129.15612793 [[ 0.38238259  0.51271289]] [ 0.00424838]
471 0.0 129.159835815 [[ 0.382319    0.51264505]] [ 0.00425504]
472 0.0 129.148834229 [[ 0.3823379   0.51242515]] [ 0.00426528]
473 0.0 129.114562988 [[ 0.38221561  0.51253775]] [ 0.00426859]
474 0.0 129.12701416 [[ 0.38207509  0.51248704]] [ 0.00428119]
475 0.0 129.12789917 [[ 0.38205428  0.5125577 ]] [ 0.00427707]
476 0.0 129.110427856 [[ 0.38213711  0.51274317]] [ 0.0042539]
477 0.0 129.128692627 [[ 0.38216672  0.51270164]] [ 0.00425192]
478 0.0 129.119354248 [[ 0.38208962  0.51281365]] [ 0.00425071]
479 0.0 129.16317749 [[ 0.38199526  0.51306732]] [ 0.00424749]
480 0.0 129.109542847 [[ 0.38197071  0.51320416]] [ 0.00424492]
481 0.0 129.100662231 [[ 0.38181768  0.51325828]] [ 0.00424587]
482 0.0 129.093521118 [[ 0.38173319  0.5132101 ]] [ 0.00425272]
483 0.0 129.088531494 [[ 0.38160254  0.51331093]] [ 0.00426032]
484 0.0 129.151870728 [[ 0.38152501  0.5134916 ]] [ 0.00424892]
485 0.0 129.1355896 [[ 0.38168008  0.51312519]] [ 0.00425354]
486 0.0 129.140548706 [[ 0.38174939  0.51337109]] [ 0.00423365]
487 0.0 129.15927124 [[ 0.3816234   0.51354253]] [ 0.00423027]
488 0.0 129.163024902 [[ 0.38156176  0.5135272 ]] [ 0.00423869]
489 0.0 129.143722534 [[ 0.38144551  0.51343486]] [ 0.00424859]
490 0.0 129.161819458 [[ 0.38154359  0.51327492]] [ 0.00424744]
491 0.0 129.158065796 [[ 0.38149292  0.51347284]] [ 0.0042397]
492 0.0 129.10067749 [[ 0.3813835   0.51330062]] [ 0.00425152]
493 0.0 129.120254517 [[ 0.38146682  0.51345282]] [ 0.00423679]
494 0.0 129.159393311 [[ 0.38121091  0.51360385]] [ 0.00424532]
495 0.0 129.149108887 [[ 0.38129974  0.5134549 ]] [ 0.0042494]
496 0.0 129.114822388 [[ 0.3811278   0.51351048]] [ 0.00425522]
497 0.0 129.137680054 [[ 0.38127967  0.51320912]] [ 0.00425691]
498 0.0 129.158050537 [[ 0.38156644  0.51294251]] [ 0.00424622]
499 0.0 129.116790771 [[ 0.38125856  0.51321817]] [ 0.00425562]
creating pickled numpy output
wrote pickled numpy output
Final validation loss
garray(129.04092407226562)
Final test loss
garray(130.11541748046875)
Final estimated test NLL
127.501974949
Theano: Initializing cuBLAS
