(50000L, 784L)
compiled score function
Old best loss:
garray(129.0048065185547)
Compiled loss functions
0 0.0 129.035842896 [[ 0.4146262   0.53563503]] [ 0.00422757]
1 0.0 129.025634766 [[ 0.41439811  0.535271  ]] [ 0.00426133]
2 0.0 129.061203003 [[ 0.41473026  0.53527266]] [ 0.0042315]
3 0.0 129.149856567 [[ 0.41491411  0.53519048]] [ 0.00422476]
4 0.0 129.182876587 [[ 0.41449778  0.53522107]] [ 0.00425878]
5 0.0 129.1146698 [[ 0.41421482  0.53571447]] [ 0.00424806]
6 0.0 129.000747681 [[ 0.41384519  0.53599803]] [ 0.00425613]
7 0.0 129.107650757 [[ 0.4137187  0.5362056]] [ 0.00426075]
8 0.0 129.136779785 [[ 0.41353882  0.53680474]] [ 0.00423224]
9 0.0 129.071548462 [[ 0.41366723  0.53649633]] [ 0.00423998]
10 0.0 129.06993103 [[ 0.41321223  0.53809429]] [ 0.00417664]
11 0.0 129.103424072 [[ 0.41269666  0.53836923]] [ 0.00420303]
12 0.0 129.149993896 [[ 0.41255598  0.53806238]] [ 0.00422764]
13 0.0 129.213928223 [[ 0.41229199  0.53883042]] [ 0.00420836]
14 0.0 129.124069214 [[ 0.41199752  0.53872566]] [ 0.0042424]
15 0.0 129.105133057 [[ 0.41200705  0.53854453]] [ 0.00424607]
16 0.0 129.152999878 [[ 0.41207154  0.53905082]] [ 0.00420216]
17 0.0 129.119491577 [[ 0.41185065  0.53874808]] [ 0.0042491]
18 0.0 129.118423462 [[ 0.41214113  0.53867946]] [ 0.00422118]
19 0.0 129.032531738 [[ 0.41223769  0.53825911]] [ 0.00423583]
20 0.0 129.080825806 [[ 0.41251413  0.53840238]] [ 0.00420361]
21 0.0 129.096832275 [[ 0.41237895  0.53830377]] [ 0.00423294]
22 0.0 129.179397583 [[ 0.41236194  0.53834169]] [ 0.0042316]
23 0.0 129.051437378 [[ 0.41209834  0.53801925]] [ 0.00426921]
24 0.0 129.130752563 [[ 0.4125207   0.53774128]] [ 0.00423273]
25 0.0 129.110824585 [[ 0.41253515  0.53771593]] [ 0.00423379]
26 0.0 129.153396606 [[ 0.4124436   0.53753283]] [ 0.00424417]
27 0.0 129.121551514 [[ 0.41249658  0.53744863]] [ 0.00425275]
28 0.0 129.195632935 [[ 0.41259228  0.53724839]] [ 0.00424972]
29 0.0 129.045959473 [[ 0.41292446  0.53715438]] [ 0.00422311]
30 0.0 129.075241089 [[ 0.41281155  0.53707892]] [ 0.00423997]
31 0.0 129.063674927 [[ 0.41274882  0.53725201]] [ 0.00423409]
32 0.0 129.050292969 [[ 0.41264698  0.53666244]] [ 0.00427338]
33 0.0 129.088638306 [[ 0.41249028  0.53746491]] [ 0.0042365]
34 0.0 129.122970581 [[ 0.41255532  0.53755215]] [ 0.00422732]
35 0.0 129.140258789 [[ 0.41262199  0.53739565]] [ 0.00422719]
36 0.0 129.050460815 [[ 0.4127464   0.53706161]] [ 0.00423292]
37 0.0 129.110183716 [[ 0.41267499  0.53735731]] [ 0.00422109]
38 0.0 129.129272461 [[ 0.41270675  0.53745741]] [ 0.00420475]
39 0.0 129.069198608 [[ 0.41243054  0.53750697]] [ 0.00423072]
40 0.0 129.0597229 [[ 0.41208179  0.53727065]] [ 0.00427809]
41 0.0 129.134170532 [[ 0.41228327  0.53733697]] [ 0.00426105]
42 0.0 129.090560913 [[ 0.4121615  0.5377892]] [ 0.00423911]
43 0.0 129.15687561 [[ 0.41225363  0.53772074]] [ 0.0042294]
44 0.0 129.005096436 [[ 0.41259843  0.53691946]] [ 0.00424239]
45 0.0 129.296279907 [[ 0.41242826  0.5369353 ]] [ 0.00424727]
46 0.0 129.110153198 [[ 0.41217845  0.53846082]] [ 0.00416714]
47 0.0 129.105072021 [[ 0.41164209  0.53843113]] [ 0.0042186]
48 0.0 129.070602417 [[ 0.41111065  0.53887198]] [ 0.00424317]
49 0.0 129.063690186 [[ 0.41090379  0.53930846]] [ 0.00422721]
50 0.0 129.070709229 [[ 0.41108673  0.53905994]] [ 0.00422706]
51 0.0 129.036880493 [[ 0.41103342  0.53893725]] [ 0.00424768]
52 0.0 129.009399414 [[ 0.41116863  0.53891123]] [ 0.00422777]
53 0.0 129.036254883 [[ 0.4109685   0.53869959]] [ 0.00425753]
54 0.0 129.297454834 [[ 0.41134571  0.53809644]] [ 0.00425773]
55 0.0 129.01953125 [[ 0.41192457  0.53700053]] [ 0.00428062]
56 0.0 129.215377808 [[ 0.41203728  0.53708741]] [ 0.00425627]
57 0.0 129.112869263 [[ 0.41246594  0.53675669]] [ 0.00424645]
58 0.0 129.013961792 [[ 0.41262767  0.53637732]] [ 0.00424796]
59 0.0 129.007019043 [[ 0.41285658  0.53601502]] [ 0.00424072]
60 0.0 128.970901489 [[ 0.41291218  0.53592538]] [ 0.00424434]
61 0.0 129.017623901 [[ 0.41278742  0.53622442]] [ 0.00423758]
62 0.0 129.037521362 [[ 0.41255943  0.53641949]] [ 0.00422551]
63 0.0 128.949920654 [[ 0.41275536  0.53628723]] [ 0.00422478]
64 0.0 128.99710083 [[ 0.41301236  0.53559649]] [ 0.00423763]
65 0.0 128.976242065 [[ 0.41285196  0.53551736]] [ 0.00426613]
66 0.0 128.99180603 [[ 0.41282366  0.53561715]] [ 0.00425235]
67 0.0 129.029953003 [[ 0.41305574  0.53551302]] [ 0.00423917]
68 0.0 129.220779419 [[ 0.41294353  0.53570137]] [ 0.00423265]
69 0.0 128.976577759 [[ 0.41255866  0.53655642]] [ 0.00421793]
70 0.0 128.967834473 [[ 0.41223326  0.53701593]] [ 0.00421885]
71 0.0 129.072952271 [[ 0.41182946  0.5372546 ]] [ 0.0042383]
72 0.0 129.000701904 [[ 0.41176965  0.53689917]] [ 0.00426049]
73 0.0 129.02961731 [[ 0.41199089  0.53673884]] [ 0.0042464]
74 0.0 129.071594238 [[ 0.41157909  0.53764222]] [ 0.00422191]
75 0.0 129.00831604 [[ 0.41168162  0.53741878]] [ 0.00422564]
76 0.0 129.031661987 [[ 0.41162423  0.53724996]] [ 0.00424161]
77 0.0 129.069961548 [[ 0.41162359  0.53726953]] [ 0.00424082]
78 0.0 128.995834351 [[ 0.41194876  0.53660065]] [ 0.00424592]
79 0.0 128.999755859 [[ 0.41195038  0.53678423]] [ 0.004233]
80 0.0 129.001953125 [[ 0.41194731  0.53629932]] [ 0.00426854]
81 0.0 128.932449341 [[ 0.41197233  0.53670205]] [ 0.00423951]
82 0.0 128.928390503 [[ 0.41214472  0.53629072]] [ 0.00425103]
83 0.0 128.976516724 [[ 0.41228863  0.53620109]] [ 0.00423871]
84 0.0 128.980072021 [[ 0.41202188  0.53608285]] [ 0.00426886]
85 0.0 128.976501465 [[ 0.41238133  0.53552547]] [ 0.00426939]
86 0.0 128.956939697 [[ 0.41222019  0.53558471]] [ 0.00427223]
87 0.0 128.983932495 [[ 0.41219653  0.53604157]] [ 0.00424408]
88 0.0 128.955535889 [[ 0.41227828  0.5360525 ]] [ 0.00423749]
89 0.0 128.90322876 [[ 0.41221471  0.53598787]] [ 0.00424473]
90 0.0 129.002029419 [[ 0.41216774  0.53577316]] [ 0.00426292]
91 0.0 129.015151978 [[ 0.4120237   0.53604982]] [ 0.00426151]
92 0.0 129.009963989 [[ 0.41190048  0.53606672]] [ 0.00426289]
93 0.0 129.02041626 [[ 0.41257135  0.5356705 ]] [ 0.00424299]
94 0.0 128.949630737 [[ 0.41270508  0.53563359]] [ 0.00421771]
95 0.0 129.03288269 [[ 0.41245736  0.53629641]] [ 0.00419888]
96 0.0 129.042114258 [[ 0.41237995  0.53602953]] [ 0.00422548]
97 0.0 129.100387573 [[ 0.4121075   0.53590586]] [ 0.00426082]
98 0.0 129.066802979 [[ 0.41220835  0.53574828]] [ 0.0042564]
99 0.0 129.020629883 [[ 0.41259513  0.53535744]] [ 0.00424894]
100 0.0 129.011779785 [[ 0.41260603  0.53536308]] [ 0.00424565]
101 0.0 129.055786133 [[ 0.41254698  0.53578986]] [ 0.00422198]
102 0.0 129.076873779 [[ 0.41265699  0.53547306]] [ 0.0042284]
103 0.0 129.040802002 [[ 0.41270731  0.53493977]] [ 0.00425997]
104 0.0 129.057144165 [[ 0.41311439  0.53471063]] [ 0.00423155]
105 0.0 129.020111084 [[ 0.41306172  0.53485889]] [ 0.00422251]
106 0.0 128.917953491 [[ 0.41343425  0.53467711]] [ 0.00420126]
107 0.0 128.949279785 [[ 0.41343334  0.5345002 ]] [ 0.0042088]
108 0.0 129.033981323 [[ 0.41339465  0.53429153]] [ 0.00422389]
109 0.0 128.956832886 [[ 0.41334244  0.53405392]] [ 0.00424495]
110 0.0 128.939743042 [[ 0.41338398  0.53470608]] [ 0.00419832]
111 0.0 129.011077881 [[ 0.4131415   0.53439663]] [ 0.00423297]
112 0.0 128.979690552 [[ 0.41323829  0.53452049]] [ 0.00421774]
113 0.0 128.971496582 [[ 0.41352447  0.53409234]] [ 0.00421814]
114 0.0 129.019302368 [[ 0.4133516   0.53441801]] [ 0.00422278]
115 0.0 129.035980225 [[ 0.41346931  0.53373801]] [ 0.00425016]
116 0.0 129.060256958 [[ 0.41384658  0.53322597]] [ 0.00425012]
117 0.0 129.167114258 [[ 0.41387763  0.53340382]] [ 0.00422624]
118 0.0 129.059951782 [[ 0.41368523  0.5341818 ]] [ 0.00419643]
119 0.0 129.043518066 [[ 0.413579    0.53413522]] [ 0.00420801]
120 0.0 129.027526855 [[ 0.41351185  0.53383734]] [ 0.00423495]
121 0.0 128.957839966 [[ 0.41363264  0.53359303]] [ 0.00422461]
122 0.0 128.971450806 [[ 0.41368817  0.5337766 ]] [ 0.0042088]
123 0.0 128.959075928 [[ 0.41314189  0.53406254]] [ 0.00423883]
124 0.0 128.987594604 [[ 0.41336915  0.53400754]] [ 0.00423231]
125 0.0 129.009216309 [[ 0.41308573  0.53432516]] [ 0.00423716]
126 0.0 129.069213867 [[ 0.41301832  0.53437816]] [ 0.00424212]
127 0.0 129.059356689 [[ 0.41304237  0.53476153]] [ 0.00420822]
128 0.0 128.974090576 [[ 0.41309796  0.53452084]] [ 0.00421924]
129 0.0 128.977432251 [[ 0.41305305  0.53449507]] [ 0.00423051]
130 0.0 129.004592896 [[ 0.41309777  0.53429386]] [ 0.00423469]
131 0.0 129.00881958 [[ 0.41302134  0.53429624]] [ 0.00423465]
132 0.0 128.934432983 [[ 0.41325097  0.5344052 ]] [ 0.00420529]
133 0.0 128.959503174 [[ 0.41277194  0.53425618]] [ 0.0042545]
134 0.0 129.025054932 [[ 0.4126793   0.53488691]] [ 0.00422629]
135 0.0 128.972763062 [[ 0.41247769  0.53502753]] [ 0.0042283]
136 0.0 128.977050781 [[ 0.41202576  0.53556467]] [ 0.00423224]
137 0.0 129.088150024 [[ 0.41205978  0.53520981]] [ 0.00424761]
138 0.0 129.007873535 [[ 0.41223793  0.53560483]] [ 0.0042035]
139 0.0 129.034240723 [[ 0.41233348  0.53556773]] [ 0.00420675]
140 0.0 128.996673584 [[ 0.41232451  0.53510212]] [ 0.00422718]
141 0.0 129.12437439 [[ 0.41235619  0.53510273]] [ 0.00421305]
142 0.0 128.956542969 [[ 0.41200565  0.53550817]] [ 0.00421875]
143 0.0 129.059875488 [[ 0.41223832  0.53528507]] [ 0.00421033]
144 0.0 128.996429443 [[ 0.41184218  0.53521964]] [ 0.00424147]
145 0.0 129.053451538 [[ 0.41150751  0.53560096]] [ 0.00425231]
146 0.0 129.075820923 [[ 0.41161783  0.53543466]] [ 0.00424359]
147 0.0 128.999038696 [[ 0.41164231  0.53556396]] [ 0.00424214]
148 0.0 129.075500488 [[ 0.41149792  0.53609423]] [ 0.00422214]
149 0.0 129.012130737 [[ 0.41129763  0.53616594]] [ 0.00424556]
150 0.0 129.012069702 [[ 0.41128809  0.53634068]] [ 0.00422787]
151 0.0 129.087982178 [[ 0.4115641   0.53590973]] [ 0.00422802]
152 0.0 129.04637146 [[ 0.41105076  0.53646029]] [ 0.00423853]
153 0.0 128.929443359 [[ 0.41097205  0.53676152]] [ 0.0042208]
154 0.0 129.007751465 [[ 0.41059619  0.53721608]] [ 0.0042334]
155 0.0 128.969116211 [[ 0.41056163  0.53741529]] [ 0.00421695]
156 0.0 128.977706909 [[ 0.41048083  0.53700175]] [ 0.00423463]
157 0.0 128.982040405 [[ 0.41082848  0.5364168 ]] [ 0.00424031]
158 0.0 128.956100464 [[ 0.41078911  0.5366642 ]] [ 0.00422593]
159 0.0 128.966415405 [[ 0.41069248  0.53677182]] [ 0.0042258]
160 0.0 129.110015869 [[ 0.41067798  0.53700632]] [ 0.00420597]
161 0.0 128.964553833 [[ 0.41058498  0.5368202 ]] [ 0.00422187]
162 0.0 128.978744507 [[ 0.41079623  0.53678894]] [ 0.00420902]
163 0.0 129.035827637 [[ 0.41086063  0.53662512]] [ 0.00421863]
164 0.0 129.013442993 [[ 0.4107966   0.53661082]] [ 0.00421926]
165 0.0 128.992538452 [[ 0.41083235  0.53658011]] [ 0.00420769]
166 0.0 129.034576416 [[ 0.41095147  0.53572066]] [ 0.00425916]
167 0.0 128.949050903 [[ 0.41137101  0.53588724]] [ 0.00420173]
168 0.0 128.984054565 [[ 0.41068437  0.53659972]] [ 0.00422339]
169 0.0 128.9375 [[ 0.410337    0.53667498]] [ 0.00424157]
170 0.0 129.099456787 [[ 0.41018504  0.53704118]] [ 0.00422764]
171 0.0 128.904876709 [[ 0.4103481   0.53689677]] [ 0.00423434]
172 0.0 128.956253052 [[ 0.41039328  0.53674012]] [ 0.00423748]
173 0.0 128.964630127 [[ 0.41077055  0.53642707]] [ 0.00420677]
174 0.0 128.973999023 [[ 0.41071529  0.53611596]] [ 0.00424336]
175 0.0 128.917770386 [[ 0.4107825   0.53604368]] [ 0.00423637]
176 0.0 129.023773193 [[ 0.41076406  0.53533153]] [ 0.00427975]
177 0.0 128.98059082 [[ 0.41117826  0.53536213]] [ 0.00424893]
178 0.0 128.963882446 [[ 0.41098342  0.53541893]] [ 0.00427131]
179 0.0 129.050262451 [[ 0.41091995  0.53557083]] [ 0.00425053]
180 0.0 128.954483032 [[ 0.41084638  0.53608825]] [ 0.0042277]
181 0.0 129.003768921 [[ 0.4109867   0.53580672]] [ 0.00423557]
182 0.0 129.092163086 [[ 0.41103016  0.53569898]] [ 0.00424067]
183 0.0 128.93901062 [[ 0.41103988  0.53590475]] [ 0.00422665]
184 0.0 129.005889893 [[ 0.41121973  0.53541883]] [ 0.00423408]
185 0.0 128.99559021 [[ 0.4113625   0.53563461]] [ 0.00419578]
186 0.0 128.975906372 [[ 0.41140134  0.53544242]] [ 0.00420764]
187 0.0 128.907730103 [[ 0.41147967  0.53527521]] [ 0.00420406]
188 0.0 129.001495361 [[ 0.41168709  0.53508509]] [ 0.00419068]
189 0.0 128.907211304 [[ 0.41154891  0.53484419]] [ 0.00422529]
190 0.0 128.934570312 [[ 0.4114835  0.5352005]] [ 0.00421073]
191 0.0 128.878723145 [[ 0.41133693  0.53531576]] [ 0.00420755]
192 0.0 128.958953857 [[ 0.41157936  0.53509766]] [ 0.00419816]
193 0.0 128.962081909 [[ 0.41155973  0.53520499]] [ 0.00418553]
194 0.0 128.924041748 [[ 0.41156827  0.53498422]] [ 0.00419793]
195 0.0 129.037445068 [[ 0.41091422  0.53536171]] [ 0.00423838]
196 0.0 128.867141724 [[ 0.41076506  0.53589647]] [ 0.00422171]
197 0.0 128.963912964 [[ 0.4109392   0.53570003]] [ 0.00420902]
198 0.0 128.971801758 [[ 0.41063192  0.53634816]] [ 0.00417323]
199 0.0 128.925415039 [[ 0.41026805  0.53662141]] [ 0.004193]
200 0.0 128.951950073 [[ 0.41027187  0.53698469]] [ 0.00416456]
201 0.0 128.914993286 [[ 0.41007575  0.53655712]] [ 0.00421525]
202 0.0 128.912490845 [[ 0.41029718  0.53647186]] [ 0.00419675]
203 0.0 128.905090332 [[ 0.40999661  0.53700031]] [ 0.00419294]
204 0.0 128.860336304 [[ 0.40959295  0.53743954]] [ 0.0041975]
205 0.0 128.85949707 [[ 0.40990082  0.53694906]] [ 0.00419771]
206 0.0 128.897415161 [[ 0.40981708  0.53697364]] [ 0.00420234]
207 0.0 128.906021118 [[ 0.40948674  0.53698187]] [ 0.0042273]
208 0.0 128.961349487 [[ 0.40978962  0.53703305]] [ 0.00420518]
209 0.0 128.985855103 [[ 0.40983953  0.536715  ]] [ 0.00421093]
210 0.0 128.941452026 [[ 0.40983352  0.53623788]] [ 0.00423751]
211 0.0 128.955062866 [[ 0.41017563  0.53585645]] [ 0.00423471]
212 0.0 129.321090698 [[ 0.41006665  0.53601368]] [ 0.00421688]
213 0.0 129.013442993 [[ 0.41030259  0.53684791]] [ 0.00416417]
214 0.0 128.969482422 [[ 0.40999756  0.53642496]] [ 0.00421423]
215 0.0 128.943267822 [[ 0.40990723  0.53671353]] [ 0.00419544]
216 0.0 128.944229126 [[ 0.41037099  0.53589072]] [ 0.00421253]
217 0.0 128.8646698 [[ 0.41047751  0.53558845]] [ 0.00422758]
218 0.0 128.883865356 [[ 0.41076619  0.5352353 ]] [ 0.00421389]
219 0.0 128.958465576 [[ 0.411       0.53598122]] [ 0.00415457]
220 0.0 129.019943237 [[ 0.4108767   0.53530029]] [ 0.00419869]
221 0.0 129.092712402 [[ 0.41235419  0.5355887 ]] [ 0.00402216]
222 0.0 129.061233521 [[ 0.41162644  0.53524678]] [ 0.00411057]
223 0.0 129.002288818 [[ 0.41135946  0.53518321]] [ 0.00413889]
224 0.0 128.976776123 [[ 0.41127505  0.53484942]] [ 0.00417566]
225 0.0 128.932495117 [[ 0.4112275  0.5345484]] [ 0.00420118]
226 0.0 128.960723877 [[ 0.41126017  0.53443183]] [ 0.00419929]
227 0.0 128.916610718 [[ 0.4109369   0.53464712]] [ 0.00421706]
228 0.0 128.918029785 [[ 0.41092348  0.53468459]] [ 0.00421649]
229 0.0 129.051651001 [[ 0.41100666  0.534896  ]] [ 0.00419237]
230 0.0 128.950012207 [[ 0.41082167  0.53493904]] [ 0.00420697]
231 0.0 129.017883301 [[ 0.41035568  0.53502536]] [ 0.00424885]
232 0.0 129.022232056 [[ 0.41039088  0.53516413]] [ 0.00422942]
233 0.0 129.105056763 [[ 0.41016336  0.5354699 ]] [ 0.00422585]
234 0.0 129.056015015 [[ 0.41047912  0.53547162]] [ 0.00419401]
235 0.0 128.976669312 [[ 0.41029121  0.53503706]] [ 0.0042331]
236 0.0 128.94102478 [[ 0.41028532  0.53521105]] [ 0.00422558]
237 0.0 129.023635864 [[ 0.41012058  0.53538676]] [ 0.00422651]
238 0.0 129.013061523 [[ 0.41006255  0.53518448]] [ 0.00424165]
239 0.0 128.941757202 [[ 0.41042672  0.5348491 ]] [ 0.00422415]
240 0.0 129.051742554 [[ 0.41039998  0.53479672]] [ 0.00422984]
241 0.0 128.932327271 [[ 0.41029197  0.53468236]] [ 0.0042405]
242 0.0 129.093429565 [[ 0.41042887  0.53670329]] [ 0.00409322]
243 0.0 128.979400635 [[ 0.40963533  0.53675822]] [ 0.00414941]
244 0.0 129.121231079 [[ 0.40947315  0.53569911]] [ 0.00422306]
245 0.0 129.083374023 [[ 0.40954112  0.5359725 ]] [ 0.00421235]
246 0.0 129.135772705 [[ 0.40957476  0.53586035]] [ 0.00421694]
247 0.0 129.051849365 [[ 0.40954422  0.53631677]] [ 0.00419029]
248 0.0 128.964508057 [[ 0.40944286  0.53562593]] [ 0.00423149]
249 0.0 129.021469116 [[ 0.40908383  0.5360417 ]] [ 0.00423991]
250 0.0 129.008163452 [[ 0.40894816  0.53632077]] [ 0.00423373]
251 0.0 128.913787842 [[ 0.40897592  0.53623504]] [ 0.00423298]
252 0.0 129.038818359 [[ 0.4090022   0.53682481]] [ 0.00420599]

Final loss on VX: 128.8758544921875
Final loss on TX: 129.88035583496094
Final loss on  X: 126.67559051513672

Final estimated test NLL: 127.171700548