(50000L, 784L)
compiled score function
Old best loss:
garray(128.8869171142578)
Compiled loss functions
0 0.0 128.911499023 [[ 0.41916054  0.5442475 ]] [ 0.0028769]
1 0.0 128.904022217 [[ 0.41902102  0.54434648]] [ 0.00287707]
2 0.0 128.865783691 [[ 0.41891309  0.54476302]] [ 0.00286681]
3 0.0 128.880249023 [[ 0.41885549  0.54492185]] [ 0.00286156]
4 0.0 128.88760376 [[ 0.41866774  0.54473571]] [ 0.00288378]
5 0.0 128.912994385 [[ 0.41890193  0.54451847]] [ 0.0028794]
6 0.0 128.870269775 [[ 0.41879373  0.54460643]] [ 0.00288044]
7 0.0 128.932922363 [[ 0.41880085  0.54483813]] [ 0.00286262]
8 0.0 128.922470093 [[ 0.41859266  0.54493887]] [ 0.00287426]
9 0.0 128.895797729 [[ 0.41856362  0.54501069]] [ 0.0028706]
10 0.0 128.854660034 [[ 0.41843077  0.54496437]] [ 0.0028822]
11 0.0 128.874862671 [[ 0.41832835  0.54512278]] [ 0.00287898]
12 0.0 128.884811401 [[ 0.41828526  0.54508606]] [ 0.0028832]
13 0.0 128.911758423 [[ 0.41837263  0.54510692]] [ 0.00288003]
14 0.0 128.897415161 [[ 0.41849963  0.54503499]] [ 0.00287044]
15 0.0 128.952316284 [[ 0.41837812  0.54527974]] [ 0.00286828]
16 0.0 128.898971558 [[ 0.41847798  0.54536233]] [ 0.00285559]
17 0.0 128.940032959 [[ 0.41825762  0.54528386]] [ 0.00287315]
18 0.0 128.879547119 [[ 0.41820846  0.54514435]] [ 0.00287794]
19 0.0 128.88961792 [[ 0.41834259  0.54514101]] [ 0.00286853]
20 0.0 128.927352905 [[ 0.4182724   0.54529426]] [ 0.00286672]
21 0.0 128.927597046 [[ 0.41818812  0.54536256]] [ 0.00286444]
22 0.0 128.943756104 [[ 0.41822269  0.5452436 ]] [ 0.00286919]
23 0.0 128.876739502 [[ 0.41815828  0.54525894]] [ 0.00287249]
24 0.0 128.948974609 [[ 0.41829753  0.54536057]] [ 0.00285552]
25 0.0 128.923629761 [[ 0.41813814  0.5455706 ]] [ 0.00285513]
26 0.0 128.824203491 [[ 0.41808454  0.54540898]] [ 0.0028627]
27 0.0 128.881713867 [[ 0.41810692  0.54506875]] [ 0.00287968]
28 0.0 128.921829224 [[ 0.41815773  0.54522985]] [ 0.00286862]
29 0.0 128.919403076 [[ 0.41819659  0.54532007]] [ 0.00285899]
30 0.0 128.926315308 [[ 0.41823805  0.54537705]] [ 0.00285311]
31 0.0 128.898422241 [[ 0.41807781  0.54540972]] [ 0.00286032]
32 0.0 128.916137695 [[ 0.41794112  0.54545173]] [ 0.00286429]
33 0.0 128.899658203 [[ 0.41776526  0.54532745]] [ 0.00287876]
34 0.0 128.940673828 [[ 0.4176998   0.54526407]] [ 0.00288451]
35 0.0 128.938491821 [[ 0.41768922  0.54536522]] [ 0.00288079]
36 0.0 128.935440063 [[ 0.41768803  0.54558393]] [ 0.00286955]
37 0.0 128.87789917 [[ 0.41779659  0.54563083]] [ 0.00285735]
38 0.0 128.93359375 [[ 0.41803468  0.54561392]] [ 0.00284271]
39 0.0 128.878753662 [[ 0.41790433  0.54524503]] [ 0.00287348]
40 0.0 128.886398315 [[ 0.41793794  0.54528003]] [ 0.00286896]
41 0.0 128.903457642 [[ 0.41804223  0.54528198]] [ 0.00286362]
42 0.0 128.970397949 [[ 0.41784323  0.54530629]] [ 0.00287316]
43 0.0 128.888412476 [[ 0.41770077  0.54538853]] [ 0.00287639]
44 0.0 128.905975342 [[ 0.4177682   0.54517402]] [ 0.0028834]
45 0.0 128.922042847 [[ 0.41777022  0.54525325]] [ 0.00287559]
46 0.0 128.936752319 [[ 0.41796621  0.5451942 ]] [ 0.00286424]
47 0.0 128.872909546 [[ 0.41782849  0.54530948]] [ 0.00286946]
48 0.0 128.856750488 [[ 0.41766224  0.54548762]] [ 0.00286736]
49 0.0 128.912277222 [[ 0.41760157  0.54560982]] [ 0.00286582]
50 0.0 128.89050293 [[ 0.41733343  0.54583901]] [ 0.00287559]
51 0.0 128.872116089 [[ 0.41720428  0.54588912]] [ 0.00287841]
52 0.0 128.926727295 [[ 0.41731266  0.54595273]] [ 0.00287292]
53 0.0 128.906204224 [[ 0.41733687  0.5458586 ]] [ 0.00287369]
54 0.0 128.974441528 [[ 0.4173966   0.54579626]] [ 0.00286656]
55 0.0 128.839981079 [[ 0.41726889  0.54611807]] [ 0.00285464]
56 0.0 128.850189209 [[ 0.41699947  0.54617061]] [ 0.00287237]
57 0.0 128.914550781 [[ 0.41729403  0.54578836]] [ 0.00286882]
58 0.0 128.937316895 [[ 0.41746803  0.54569344]] [ 0.00285857]
59 0.0 128.881469727 [[ 0.41744787  0.54571331]] [ 0.00285635]
60 0.0 128.876693726 [[ 0.417281    0.54558085]] [ 0.00287669]
61 0.0 128.923995972 [[ 0.41735363  0.54561808]] [ 0.00287035]
62 0.0 128.903060913 [[ 0.41733624  0.54539188]] [ 0.00287975]
63 0.0 128.868469238 [[ 0.41743936  0.54544483]] [ 0.00286759]
64 0.0 128.894851685 [[ 0.41745407  0.54538801]] [ 0.0028672]
65 0.0 128.877304077 [[ 0.41739475  0.54554069]] [ 0.00286224]
66 0.0 128.840011597 [[ 0.41730048  0.54569728]] [ 0.00285763]
67 0.0 128.859573364 [[ 0.41718617  0.54552891]] [ 0.0028699]
68 0.0 128.830657959 [[ 0.41719092  0.54552745]] [ 0.00287284]
69 0.0 128.895141602 [[ 0.41723041  0.54546876]] [ 0.00287206]
70 0.0 128.89024353 [[ 0.41727712  0.5455428 ]] [ 0.00286558]
71 0.0 128.862854004 [[ 0.41726697  0.54547361]] [ 0.0028667]
72 0.0 128.868606567 [[ 0.41737779  0.54529735]] [ 0.00286726]
73 0.0 128.846969604 [[ 0.41732953  0.54526817]] [ 0.00286966]
74 0.0 128.879837036 [[ 0.41744695  0.54523157]] [ 0.0028636]
75 0.0 128.953674316 [[ 0.41754453  0.54486898]] [ 0.00287582]
76 0.0 128.924468994 [[ 0.41748435  0.5450244 ]] [ 0.00287118]
77 0.0 128.903549194 [[ 0.41758621  0.54521064]] [ 0.00285381]
78 0.0 128.861984253 [[ 0.41761688  0.54517019]] [ 0.00285167]
79 0.0 128.865997314 [[ 0.41731376  0.54507632]] [ 0.00287445]
80 0.0 128.883422852 [[ 0.41720112  0.54499598]] [ 0.00288286]
81 0.0 128.883499146 [[ 0.41744275  0.54481507]] [ 0.00287533]
82 0.0 128.832962036 [[ 0.4174013   0.54496466]] [ 0.00287259]
83 0.0 128.922088623 [[ 0.41735806  0.54502398]] [ 0.00286867]
84 0.0 128.863311768 [[ 0.41744275  0.54502437]] [ 0.00285916]
85 0.0 128.851043701 [[ 0.41735214  0.54496671]] [ 0.0028686]
86 0.0 128.861053467 [[ 0.41742901  0.54497122]] [ 0.00286366]
87 0.0 128.837890625 [[ 0.41736266  0.54503398]] [ 0.00285811]
88 0.0 129.090118408 [[ 0.41702594  0.54505234]] [ 0.00288106]
89 0.0 128.893493652 [[ 0.41722119  0.54417786]] [ 0.00289966]
90 0.0 128.838424683 [[ 0.41746775  0.54413547]] [ 0.00288438]
91 0.0 128.910583496 [[ 0.4177631   0.54399654]] [ 0.00286881]
92 0.0 128.881256104 [[ 0.41777321  0.54406055]] [ 0.00286516]
93 0.0 128.859634399 [[ 0.4176114   0.54394894]] [ 0.00287969]
94 0.0 128.840896606 [[ 0.41767366  0.54385337]] [ 0.00287999]
95 0.0 128.890090942 [[ 0.41748545  0.54426606]] [ 0.00287553]
96 0.0 128.842102051 [[ 0.41741127  0.54394752]] [ 0.00289017]
97 0.0 128.928329468 [[ 0.41773571  0.54387418]] [ 0.0028689]
98 0.0 128.94203186 [[ 0.41768021  0.54397984]] [ 0.00286689]
99 0.0 128.885803223 [[ 0.41743143  0.54436894]] [ 0.00286795]
100 0.0 128.899291992 [[ 0.41734132  0.54440427]] [ 0.00287031]
101 0.0 128.907730103 [[ 0.41745039  0.54455437]] [ 0.00285309]
102 0.0 128.915496826 [[ 0.41743451  0.54455807]] [ 0.00285415]
103 0.0 128.947280884 [[ 0.41732095  0.54465347]] [ 0.00285364]
104 0.0 128.942855835 [[ 0.41716966  0.544542  ]] [ 0.00286733]
105 0.0 128.927124023 [[ 0.41739346  0.54455064]] [ 0.00285212]
106 0.0 128.844161987 [[ 0.41720942  0.54457073]] [ 0.0028626]
107 0.0 128.869796753 [[ 0.41716581  0.5445003 ]] [ 0.00286445]
108 0.0 128.878646851 [[ 0.41690453  0.54438662]] [ 0.00288615]
109 0.0 128.831283569 [[ 0.41693254  0.5441979 ]] [ 0.00288952]
110 0.0 128.889160156 [[ 0.41704449  0.54418084]] [ 0.00288268]
111 0.0 128.892471313 [[ 0.41724655  0.54430087]] [ 0.00286424]
112 0.0 128.847518921 [[ 0.41715502  0.54412882]] [ 0.00287243]
113 0.0 128.877044678 [[ 0.4170426   0.54414351]] [ 0.00288211]
114 0.0 128.876373291 [[ 0.41703283  0.54383762]] [ 0.00289185]
115 0.0 128.904144287 [[ 0.41725533  0.54377814]] [ 0.00287999]
116 0.0 128.849594116 [[ 0.41730373  0.54374813]] [ 0.00287618]
117 0.0 128.885940552 [[ 0.41744377  0.54389516]] [ 0.00286103]
118 0.0 128.924911499 [[ 0.41734331  0.54365619]] [ 0.00287852]
119 0.0 128.86529541 [[ 0.41727908  0.54349296]] [ 0.00288951]
120 0.0 128.926422119 [[ 0.41754022  0.54341823]] [ 0.00287287]
121 0.0 128.899810791 [[ 0.41760349  0.54340874]] [ 0.00286924]
122 0.0 128.912811279 [[ 0.41763386  0.54348554]] [ 0.00286441]
123 0.0 128.929901123 [[ 0.41732396  0.5432438 ]] [ 0.0028966]
124 0.0 128.906860352 [[ 0.41737124  0.54329377]] [ 0.00288523]
125 0.0 128.889450073 [[ 0.41750799  0.54349296]] [ 0.00286353]
126 0.0 128.911483765 [[ 0.4173802   0.54335478]] [ 0.00287697]
127 0.0 128.900894165 [[ 0.41756837  0.54354593]] [ 0.00285486]
128 0.0 128.945892334 [[ 0.41759747  0.54343757]] [ 0.00285782]
129 0.0 128.877212524 [[ 0.41745056  0.54330983]] [ 0.00287132]
130 0.0 128.930557251 [[ 0.41743541  0.5429369 ]] [ 0.00288534]
131 0.0 128.964370728 [[ 0.41731801  0.54342668]] [ 0.00286943]
132 0.0 128.920959473 [[ 0.417321    0.54321249]] [ 0.00288011]
133 0.0 128.934371948 [[ 0.41751705  0.54306697]] [ 0.00287095]
134 0.0 128.873764038 [[ 0.41749276  0.54308057]] [ 0.00286971]
135 0.0 128.902236938 [[ 0.41731744  0.54295482]] [ 0.00288467]
136 0.0 128.922683716 [[ 0.41739709  0.54332534]] [ 0.00285929]
137 0.0 128.882217407 [[ 0.41718667  0.54370463]] [ 0.00284973]
138 0.0 128.866851807 [[ 0.41690066  0.54361419]] [ 0.00287219]
139 0.0 128.887283325 [[ 0.41684676  0.54387347]] [ 0.0028646]
140 0.0 128.876571655 [[ 0.41673172  0.5439432 ]] [ 0.00286562]
141 0.0 128.920394897 [[ 0.41699562  0.54373471]] [ 0.00285538]
142 0.0 128.876831055 [[ 0.41684927  0.5435353 ]] [ 0.00287477]
143 0.0 128.858642578 [[ 0.41687253  0.54372239]] [ 0.00286177]
144 0.0 128.889221191 [[ 0.41688679  0.54367722]] [ 0.00285794]
145 0.0 128.906021118 [[ 0.41679817  0.54360616]] [ 0.00286673]
146 0.0 128.911437988 [[ 0.41673691  0.54350624]] [ 0.00287766]
147 0.0 128.901473999 [[ 0.41663811  0.54351936]] [ 0.00288012]
148 0.0 128.912780762 [[ 0.41674334  0.5433073 ]] [ 0.00288057]
149 0.0 128.921081543 [[ 0.41679553  0.54350867]] [ 0.00286603]
150 0.0 128.853607178 [[ 0.41687365  0.54346348]] [ 0.00285988]
151 0.0 129.074249268 [[ 0.41691105  0.54336961]] [ 0.00286016]
152 0.0 128.85848999 [[ 0.41686644  0.54302515]] [ 0.00287609]
153 0.0 128.901626587 [[ 0.41688764  0.54287373]] [ 0.00287998]
154 0.0 128.887557983 [[ 0.4170991   0.54289751]] [ 0.00286496]
155 0.0 128.851837158 [[ 0.41720229  0.54272885]] [ 0.00286412]
156 0.0 128.861175537 [[ 0.41696791  0.5427712 ]] [ 0.00287986]
157 0.0 128.899078369 [[ 0.4169692   0.54286745]] [ 0.00287167]
158 0.0 128.894592285 [[ 0.41718801  0.54273471]] [ 0.00286064]
159 0.0 128.857681274 [[ 0.41720142  0.5427724 ]] [ 0.00285591]
160 0.0 128.892425537 [[ 0.41716377  0.54237885]] [ 0.00287631]
161 0.0 128.834503174 [[ 0.41708806  0.54242039]] [ 0.00287732]
162 0.0 128.864181519 [[ 0.41712742  0.54242304]] [ 0.00287373]
163 0.0 128.891098022 [[ 0.41710494  0.54257732]] [ 0.00286608]
164 0.0 128.894042969 [[ 0.41718749  0.54256189]] [ 0.00285653]
165 0.0 128.847839355 [[ 0.41707173  0.54221371]] [ 0.00288322]
166 0.0 128.822433472 [[ 0.41711489  0.5423089 ]] [ 0.00287363]
167 0.0 128.856613159 [[ 0.41706064  0.54238496]] [ 0.00287177]
168 0.0 128.873199463 [[ 0.41708898  0.54260025]] [ 0.00285832]
169 0.0 128.870101929 [[ 0.41684577  0.5427448 ]] [ 0.00286372]
170 0.0 128.876159668 [[ 0.41690931  0.54294563]] [ 0.00284946]
171 0.0 128.88079834 [[ 0.41678282  0.54301179]] [ 0.0028528]
172 0.0 128.928878784 [[ 0.41671835  0.54297473]] [ 0.00286352]
173 0.0 128.911239624 [[ 0.41660707  0.5427647 ]] [ 0.00287421]
174 0.0 128.899719238 [[ 0.41679844  0.54273577]] [ 0.00286309]
175 0.0 128.874023438 [[ 0.41671744  0.54286493]] [ 0.00285852]
176 0.0 128.830154419 [[ 0.41677636  0.54266539]] [ 0.00286253]
177 0.0 128.919937134 [[ 0.41669093  0.54274888]] [ 0.00286504]
178 0.0 128.909317017 [[ 0.41650229  0.54292114]] [ 0.00286828]
179 0.0 128.869262695 [[ 0.41652245  0.54295864]] [ 0.00286403]
180 0.0 128.897262573 [[ 0.41646769  0.54311469]] [ 0.00285852]
181 0.0 128.86895752 [[ 0.41621717  0.5431154 ]] [ 0.00287346]
182 0.0 128.902450562 [[ 0.41606579  0.54319682]] [ 0.00287608]
183 0.0 128.918121338 [[ 0.41619006  0.54290318]] [ 0.00287981]
184 0.0 128.922912598 [[ 0.41641601  0.54285412]] [ 0.0028664]
185 0.0 128.875427246 [[ 0.41622332  0.54301389]] [ 0.0028686]
186 0.0 128.900222778 [[ 0.4161207  0.5431255]] [ 0.00286719]
187 0.0 128.861480713 [[ 0.41608283  0.54327583]] [ 0.00286177]
188 0.0 128.834518433 [[ 0.41589523  0.54334979]] [ 0.00286768]
189 0.0 128.834213257 [[ 0.41574989  0.54347048]] [ 0.00287366]
190 0.0 128.822280884 [[ 0.41575671  0.54345237]] [ 0.00287306]
191 0.0 128.876693726 [[ 0.41544178  0.54372923]] [ 0.00287939]
192 0.0 128.879211426 [[ 0.41532525  0.54360655]] [ 0.00289223]
193 0.0 128.810440063 [[ 0.4154951   0.54387684]] [ 0.00286299]
194 0.0 128.768356323 [[ 0.41559705  0.54396483]] [ 0.00284911]
195 0.0 128.875411987 [[ 0.41544857  0.54396836]] [ 0.00285855]
196 0.0 128.844909668 [[ 0.4154063   0.54369083]] [ 0.00287233]
197 0.0 128.864181519 [[ 0.41538471  0.54389036]] [ 0.00286417]
198 0.0 128.889953613 [[ 0.41527512  0.5438794 ]] [ 0.00287175]
199 0.0 128.874053955 [[ 0.41524675  0.54371685]] [ 0.00287904]
200 0.0 128.830856323 [[ 0.41546964  0.54373383]] [ 0.00286218]
201 0.0 128.845397949 [[ 0.41540573  0.54400705]] [ 0.00285111]
202 0.0 128.861831665 [[ 0.41541155  0.54404255]] [ 0.00284814]
203 0.0 128.832321167 [[ 0.41526116  0.54401668]] [ 0.00285675]
204 0.0 128.832977295 [[ 0.41536243  0.54394881]] [ 0.00284856]
205 0.0 128.862503052 [[ 0.41509768  0.54393011]] [ 0.00286647]
206 0.0 128.85118103 [[ 0.41515573  0.54387058]] [ 0.00286527]
207 0.0 128.897399902 [[ 0.41512292  0.54357975]] [ 0.00288323]
208 0.0 128.857406616 [[ 0.41518035  0.54391798]] [ 0.00285724]
209 0.0 128.874984741 [[ 0.41500721  0.54428669]] [ 0.00284863]
210 0.0 128.847015381 [[ 0.41485682  0.54427303]] [ 0.0028591]
211 0.0 128.860183716 [[ 0.41478843  0.54420682]] [ 0.00286773]
212 0.0 128.926193237 [[ 0.41475023  0.54444156]] [ 0.00285847]
213 0.0 128.878753662 [[ 0.41479777  0.54412681]] [ 0.00286919]
214 0.0 128.852310181 [[ 0.41504019  0.54398308]] [ 0.00285671]
215 0.0 128.87348938 [[ 0.41511639  0.5437502 ]] [ 0.00285962]
216 0.0 128.828872681 [[ 0.41505602  0.54374498]] [ 0.00286629]
217 0.0 128.885452271 [[ 0.4151705   0.54386708]] [ 0.00284572]
218 0.0 128.860153198 [[ 0.41507532  0.54390952]] [ 0.00284894]
219 0.0 128.873199463 [[ 0.414941    0.54390274]] [ 0.00285611]
220 0.0 128.907440186 [[ 0.4148422   0.54379856]] [ 0.00286652]
221 0.0 128.881240845 [[ 0.41480573  0.54407618]] [ 0.00285409]
222 0.0 128.866638184 [[ 0.4148536  0.543837 ]] [ 0.00286126]
223 0.0 128.826522827 [[ 0.41492171  0.54405416]] [ 0.00284367]
224 0.0 128.878051758 [[ 0.4147091   0.54396412]] [ 0.00286351]
225 0.0 128.844940186 [[ 0.41455916  0.54400951]] [ 0.00286926]
226 0.0 128.859481812 [[ 0.41461528  0.54406194]] [ 0.00286075]
227 0.0 128.844039917 [[ 0.41461431  0.54406953]] [ 0.00286098]
228 0.0 128.872619629 [[ 0.41460361  0.5442401 ]] [ 0.00285337]
229 0.0 128.912780762 [[ 0.41426499  0.54418548]] [ 0.00287585]
230 0.0 128.838272095 [[ 0.41428253  0.54430551]] [ 0.00286613]
231 0.0 128.914306641 [[ 0.41430016  0.54436507]] [ 0.0028628]
232 0.0 128.869491577 [[ 0.41406896  0.54433396]] [ 0.00287574]
233 0.0 128.91569519 [[ 0.41415518  0.54414604]] [ 0.00287716]
234 0.0 128.824645996 [[ 0.41411245  0.54430907]] [ 0.00287186]
235 0.0 128.862854004 [[ 0.41412928  0.544041  ]] [ 0.00287891]
236 0.0 128.919082642 [[ 0.41431739  0.54413534]] [ 0.00286268]
237 0.0 128.833343506 [[ 0.41432599  0.54411208]] [ 0.00285989]
238 0.0 128.876312256 [[ 0.41425754  0.54402673]] [ 0.00287045]
239 0.0 128.86505127 [[ 0.41429487  0.54403068]] [ 0.0028627]
240 0.0 128.85295105 [[ 0.41438558  0.54408361]] [ 0.0028536]
241 0.0 128.880493164 [[ 0.41417572  0.54437354]] [ 0.00285652]
242 0.0 128.847610474 [[ 0.41412156  0.5443995 ]] [ 0.00285743]
243 0.0 128.894439697 [[ 0.41414962  0.54443111]] [ 0.00285061]
244 0.0 128.849853516 [[ 0.41389954  0.54424465]] [ 0.00287655]
245 0.0 128.887237549 [[ 0.41400902  0.54415279]] [ 0.00287124]
246 0.0 129.040100098 [[ 0.41393852  0.54413933]] [ 0.00287813]
247 0.0 128.885223389 [[ 0.41418218  0.54391561]] [ 0.00286743]
248 0.0 128.930633545 [[ 0.41410043  0.54354836]] [ 0.00289372]
249 0.0 129.083114624 [[ 0.41407491  0.54375626]] [ 0.00287894]
250 0.0 128.942962646 [[ 0.41413815  0.54348778]] [ 0.00288769]
251 0.0 128.915420532 [[ 0.41426302  0.54356705]] [ 0.00287334]
252 0.0 129.076187134 [[ 0.41412798  0.54362826]] [ 0.00287671]
253 0.0 128.909637451 [[ 0.41440356  0.54351994]] [ 0.00285901]
254 0.0 128.870056152 [[ 0.4144982   0.54316516]] [ 0.00286612]
255 0.0 128.902694702 [[ 0.41445082  0.54346542]] [ 0.00285566]
256 0.0 128.944702148 [[ 0.4142648   0.54340148]] [ 0.00287246]
257 0.0 128.899719238 [[ 0.4142642   0.54329276]] [ 0.00287568]
258 0.0 129.007781982 [[ 0.41423257  0.54338315]] [ 0.00286875]
259 0.0 128.912918091 [[ 0.41424171  0.54354207]] [ 0.00286072]
260 0.0 128.891540527 [[ 0.41417811  0.54353867]] [ 0.00286718]
261 0.0 128.89515686 [[ 0.41423314  0.54359381]] [ 0.00285704]
262 0.0 128.953582764 [[ 0.41422835  0.54360421]] [ 0.0028558]
263 0.0 128.959945679 [[ 0.41392665  0.54363739]] [ 0.0028734]
264 0.0 128.890655518 [[ 0.41404956  0.54356948]] [ 0.0028621]
265 0.0 128.906799316 [[ 0.41415318  0.54361157]] [ 0.00285437]
266 0.0 128.930374146 [[ 0.41433542  0.54327055]] [ 0.00286034]
267 0.0 128.89251709 [[ 0.41425586  0.54347313]] [ 0.00285139]
268 0.0 128.906448364 [[ 0.41416979  0.54345703]] [ 0.00285712]
269 0.0 128.87550354 [[ 0.41401711  0.54357376]] [ 0.00286119]
270 0.0 128.895751953 [[ 0.41402984  0.54363548]] [ 0.00285494]
271 0.0 128.929580688 [[ 0.41373887  0.54352532]] [ 0.00287868]
272 0.0 128.931411743 [[ 0.41388602  0.54372878]] [ 0.00285353]
273 0.0 128.934661865 [[ 0.41382026  0.54364151]] [ 0.00286531]
274 0.0 128.891159058 [[ 0.4136233   0.54353465]] [ 0.002881]
275 0.0 128.911468506 [[ 0.41372757  0.54380922]] [ 0.00285847]
276 0.0 128.888778687 [[ 0.4137474   0.54373863]] [ 0.00285536]
277 0.0 128.874633789 [[ 0.41384921  0.54380381]] [ 0.00284786]
278 0.0 128.919387817 [[ 0.41375995  0.54363082]] [ 0.00285817]
279 0.0 128.908920288 [[ 0.41389796  0.54351479]] [ 0.00285287]
280 0.0 128.939331055 [[ 0.41372535  0.54375393]] [ 0.00285016]
281 0.0 128.838699341 [[ 0.41373251  0.54347449]] [ 0.00286191]
282 0.0 128.921051025 [[ 0.41389683  0.54374822]] [ 0.00283886]
283 0.0 128.914703369 [[ 0.413863    0.54369481]] [ 0.00284462]
284 0.0 128.972579956 [[ 0.41382857  0.54365596]] [ 0.00284614]
285 0.0 128.930725098 [[ 0.41382988  0.54342131]] [ 0.00285674]
286 0.0 128.859481812 [[ 0.41369502  0.54351162]] [ 0.00286093]
287 0.0 128.91015625 [[ 0.41371063  0.54320971]] [ 0.00287182]
288 0.0 128.8828125 [[ 0.41366275  0.54361017]] [ 0.00285727]
289 0.0 128.912155151 [[ 0.41360508  0.54351774]] [ 0.00286281]
290 0.0 128.891464233 [[ 0.41358999  0.54353102]] [ 0.00286115]
291 0.0 128.860198975 [[ 0.41363097  0.54355529]] [ 0.0028569]
292 0.0 128.930969238 [[ 0.41368052  0.54360301]] [ 0.00284804]
293 0.0 128.918212891 [[ 0.41343181  0.5438028 ]] [ 0.0028556]
294 0.0 128.890823364 [[ 0.41345495  0.54380964]] [ 0.00285339]
295 0.0 128.925857544 [[ 0.41372787  0.54344061]] [ 0.00285043]
296 0.0 128.915878296 [[ 0.41368701  0.54335689]] [ 0.00285308]
297 0.0 128.894714355 [[ 0.41373307  0.54322467]] [ 0.00285305]
298 0.0 128.877868652 [[ 0.41386345  0.54318397]] [ 0.00284747]
299 0.0 128.931732178 [[ 0.41390711  0.54316095]] [ 0.00284445]
300 0.0 128.92767334 [[ 0.41396258  0.54282355]] [ 0.00285912]
301 0.0 128.903701782 [[ 0.41385802  0.5427493 ]] [ 0.00286467]
302 0.0 128.857910156 [[ 0.41387068  0.54273943]] [ 0.00286228]
303 0.0 128.897964478 [[ 0.41394237  0.54296696]] [ 0.0028462]
304 0.0 128.929656982 [[ 0.41398572  0.54301143]] [ 0.00284318]
305 0.0 128.902664185 [[ 0.41387953  0.54289897]] [ 0.00285397]
306 0.0 128.899673462 [[ 0.41413155  0.54258175]] [ 0.00285034]
307 0.0 128.931533813 [[ 0.41417192  0.5426867 ]] [ 0.00283821]
308 0.0 128.905639648 [[ 0.41393304  0.54276651]] [ 0.00284932]
309 0.0 128.913330078 [[ 0.41395226  0.54282668]] [ 0.00284296]
310 0.0 128.923171997 [[ 0.41372198  0.54282251]] [ 0.00285929]
311 0.0 128.944396973 [[ 0.41388047  0.54285134]] [ 0.00284478]
312 0.0 128.920837402 [[ 0.41360035  0.54298149]] [ 0.00285693]
313 0.0 128.914199829 [[ 0.41356687  0.54293538]] [ 0.00285854]
314 0.0 128.921478271 [[ 0.41356717  0.54279291]] [ 0.00286083]
315 0.0 128.879867554 [[ 0.41343782  0.54304503]] [ 0.00285664]
316 0.0 128.939453125 [[ 0.41345872  0.54285914]] [ 0.00286338]
317 0.0 128.914215088 [[ 0.41349795  0.54295796]] [ 0.00285378]
318 0.0 128.896774292 [[ 0.41348132  0.54269249]] [ 0.00286395]
319 0.0 128.907211304 [[ 0.41337452  0.54268188]] [ 0.00287035]
320 0.0 128.877975464 [[ 0.41336814  0.54292661]] [ 0.00286044]
321 0.0 128.893630981 [[ 0.41316563  0.54282037]] [ 0.00287361]
322 0.0 128.925857544 [[ 0.41349445  0.54300269]] [ 0.0028405]
323 0.0 128.919342041 [[ 0.41333662  0.54293991]] [ 0.00285527]
324 0.0 128.982849121 [[ 0.41328925  0.54299094]] [ 0.00285441]
325 0.0 128.963317871 [[ 0.41349334  0.54248318]] [ 0.00286155]
326 0.0 128.895980835 [[ 0.41363464  0.5423108 ]] [ 0.00285779]
327 0.0 128.921661377 [[ 0.41377746  0.5419736 ]] [ 0.00286327]
328 0.0 128.893310547 [[ 0.41393573  0.54210187]] [ 0.00284426]
329 0.0 128.918823242 [[ 0.41375857  0.54219228]] [ 0.00285098]
330 0.0 128.902679443 [[ 0.41371159  0.54214762]] [ 0.00285413]
331 0.0 128.900436401 [[ 0.41373993  0.54202607]] [ 0.00285563]
332 0.0 128.958648682 [[ 0.41357774  0.54217648]] [ 0.00285923]
333 0.0 128.888900757 [[ 0.41363454  0.54217283]] [ 0.00285498]
334 0.0 128.913711548 [[ 0.41375956  0.54209699]] [ 0.0028457]
335 0.0 128.924530029 [[ 0.41364287  0.54201279]] [ 0.0028576]
336 0.0 128.880935669 [[ 0.41364031  0.54213363]] [ 0.00284726]
337 0.0 128.906723022 [[ 0.41372249  0.54185616]] [ 0.00285651]
338 0.0 128.947723389 [[ 0.4137946   0.54169609]] [ 0.00285711]
339 0.0 128.937332153 [[ 0.41364201  0.54168672]] [ 0.00286886]
340 0.0 128.921737671 [[ 0.41377766  0.54184104]] [ 0.00284864]
341 0.0 128.900680542 [[ 0.41391831  0.54172786]] [ 0.00284253]
342 0.0 128.895767212 [[ 0.41378812  0.54165279]] [ 0.00285413]
343 0.0 128.928131104 [[ 0.41378891  0.5418641 ]] [ 0.00284251]
344 0.0 128.930114746 [[ 0.41368496  0.54219584]] [ 0.00283438]
345 0.0 128.926315308 [[ 0.41362845  0.54229597]] [ 0.00282822]
346 0.0 128.903289795 [[ 0.41341485  0.54203641]] [ 0.00285713]
347 0.0 128.850402832 [[ 0.41335789  0.54221552]] [ 0.0028484]
348 0.0 128.97517395 [[ 0.41320304  0.54233689]] [ 0.00285492]
349 0.0 128.911178589 [[ 0.41314832  0.54242469]] [ 0.00284934]
350 0.0 128.891342163 [[ 0.41323555  0.54234646]] [ 0.00284964]
351 0.0 128.939956665 [[ 0.41319528  0.5425138 ]] [ 0.00284401]
352 0.0 128.91053772 [[ 0.41311057  0.54238043]] [ 0.00285273]
353 0.0 128.842300415 [[ 0.41313409  0.5425011 ]] [ 0.00284302]
354 0.0 128.892471313 [[ 0.41299148  0.54265562]] [ 0.00284521]
355 0.0 128.844863892 [[ 0.41288961  0.54269799]] [ 0.00284577]
356 0.0 128.958053589 [[ 0.41278215  0.54292683]] [ 0.00284433]
357 0.0 128.896072388 [[ 0.41262614  0.54273205]] [ 0.00286422]
358 0.0 128.887893677 [[ 0.41261235  0.54257489]] [ 0.00287013]
359 0.0 128.891860962 [[ 0.41261763  0.54269844]] [ 0.0028624]
360 0.0 128.910522461 [[ 0.41261618  0.54281678]] [ 0.00285237]
361 0.0 128.913726807 [[ 0.41247915  0.5426464 ]] [ 0.00286499]
362 0.0 128.902099609 [[ 0.41271457  0.54280967]] [ 0.00284213]
363 0.0 128.938430786 [[ 0.41255761  0.54274739]] [ 0.00285637]
364 0.0 128.919143677 [[ 0.41253051  0.54300072]] [ 0.00284522]
365 0.0 128.910415649 [[ 0.41237442  0.54289146]] [ 0.00285963]
366 0.0 128.904983521 [[ 0.41226752  0.54300541]] [ 0.00286286]
367 0.0 128.902297974 [[ 0.41230032  0.54304681]] [ 0.00285426]
368 0.0 128.924499512 [[ 0.41221184  0.54325536]] [ 0.00284863]
369 0.0 128.912399292 [[ 0.41187284  0.54341369]] [ 0.00286163]
370 0.0 128.914047241 [[ 0.41195109  0.54353653]] [ 0.00285055]
371 0.0 128.887130737 [[ 0.41195573  0.54352092]] [ 0.00285209]
372 0.0 128.831085205 [[ 0.41188794  0.54355986]] [ 0.00285152]
373 0.0 128.851287842 [[ 0.41202886  0.5435907 ]] [ 0.00283734]
374 0.0 128.877563477 [[ 0.41202817  0.54336424]] [ 0.00284857]
375 0.0 128.921554565 [[ 0.41194677  0.54316377]] [ 0.00286124]
376 0.0 128.945770264 [[ 0.4119752   0.54324992]] [ 0.0028542]
377 0.0 128.843444824 [[ 0.41210203  0.54319524]] [ 0.00284564]
378 0.0 128.928253174 [[ 0.41209908  0.54302965]] [ 0.0028508]
379 0.0 128.902770996 [[ 0.41202839  0.54305995]] [ 0.0028522]
380 0.0 128.991912842 [[ 0.41204266  0.54307652]] [ 0.0028508]
381 0.0 128.889099121 [[ 0.41212052  0.54304813]] [ 0.00284647]
382 0.0 128.866973877 [[ 0.41214946  0.54293945]] [ 0.00284508]
383 0.0 128.890823364 [[ 0.41203053  0.54300687]] [ 0.00284527]
384 0.0 128.914154053 [[ 0.41185882  0.54336181]] [ 0.00284365]
385 0.0 128.861801147 [[ 0.41170719  0.54347738]] [ 0.00284561]
386 0.0 128.905212402 [[ 0.4117925   0.54363289]] [ 0.00283146]
387 0.0 128.917236328 [[ 0.4116921   0.54349571]] [ 0.0028448]
388 0.0 128.878555298 [[ 0.41158647  0.54348748]] [ 0.0028497]
389 0.0 128.916870117 [[ 0.41150741  0.54343935]] [ 0.00285401]
390 0.0 128.908401489 [[ 0.41153125  0.54356015]] [ 0.00284642]
391 0.0 128.902954102 [[ 0.41155583  0.54364617]] [ 0.00283973]
392 0.0 128.864379883 [[ 0.41155235  0.5434891 ]] [ 0.00284402]
393 0.0 128.884963989 [[ 0.41179971  0.54310002]] [ 0.00284814]
394 0.0 128.932220459 [[ 0.41183786  0.54296457]] [ 0.00284824]
395 0.0 128.919174194 [[ 0.4118087   0.54306788]] [ 0.00284156]
396 0.0 128.896072388 [[ 0.41187009  0.54301023]] [ 0.00284151]
397 0.0 128.89855957 [[ 0.41187805  0.54291554]] [ 0.00284501]
398 0.0 128.884490967 [[ 0.41169936  0.54264724]] [ 0.00287505]
399 0.0 128.888290405 [[ 0.41174194  0.54279472]] [ 0.00285772]
400 0.0 128.853439331 [[ 0.41163571  0.5428328 ]] [ 0.00286024]
401 0.0 128.922805786 [[ 0.41182996  0.54301978]] [ 0.0028379]
402 0.0 128.966552734 [[ 0.41188084  0.54285674]] [ 0.00284136]
403 0.0 128.963851929 [[ 0.41175617  0.542642  ]] [ 0.00286181]
404 0.0 128.964981079 [[ 0.4117925   0.54270776]] [ 0.00285208]
405 0.0 128.868392944 [[ 0.41151965  0.54296444]] [ 0.00285667]
406 0.0 128.917037964 [[ 0.41175139  0.54303891]] [ 0.00283328]
407 0.0 128.955978394 [[ 0.41177672  0.54282652]] [ 0.00284135]
408 0.0 128.913162231 [[ 0.41160367  0.5427032 ]] [ 0.00285706]
409 0.0 128.877761841 [[ 0.41153368  0.54279388]] [ 0.00285755]
410 0.0 128.92539978 [[ 0.41177188  0.54276072]] [ 0.00284075]
411 0.0 128.904891968 [[ 0.41187697  0.5422607 ]] [ 0.00285844]
412 0.0 128.932891846 [[ 0.41182586  0.54242783]] [ 0.00285516]
413 0.0 128.926239014 [[ 0.41170098  0.54232903]] [ 0.00286541]
414 0.0 128.920806885 [[ 0.41164057  0.54268308]] [ 0.00284929]
415 0.0 128.941741943 [[ 0.4114767   0.54254828]] [ 0.00286619]
416 0.0 128.887054443 [[ 0.41141353  0.54276816]] [ 0.00285489]
417 0.0 128.857055664 [[ 0.41115691  0.54269611]] [ 0.00287393]
418 0.0 128.923171997 [[ 0.41123843  0.54291874]] [ 0.00285869]
419 0.0 128.89666748 [[ 0.41120774  0.54292923]] [ 0.00285793]
420 0.0 128.887680054 [[ 0.41114383  0.54314664]] [ 0.00284929]
421 0.0 128.901733398 [[ 0.41127834  0.54314062]] [ 0.00283944]
422 0.0 128.858596802 [[ 0.41126569  0.54305364]] [ 0.0028434]
423 0.0 128.844009399 [[ 0.41132703  0.54290059]] [ 0.00284208]
424 0.0 128.874343872 [[ 0.41118287  0.54283186]] [ 0.00285501]
425 0.0 128.874755859 [[ 0.4113005   0.54273487]] [ 0.00284727]
426 0.0 128.876403809 [[ 0.41131469  0.54261985]] [ 0.00285097]
427 0.0 128.885528564 [[ 0.41127419  0.54277692]] [ 0.0028466]
428 0.0 128.877258301 [[ 0.41137883  0.54272413]] [ 0.00284084]
429 0.0 128.874969482 [[ 0.41141346  0.54242304]] [ 0.00284998]
430 0.0 128.917282104 [[ 0.41090707  0.54292214]] [ 0.0028632]
431 0.0 128.944839478 [[ 0.41083634  0.54276314]] [ 0.00287377]
432 0.0 128.875534058 [[ 0.41098337  0.54294923]] [ 0.00285252]
433 0.0 128.90057373 [[ 0.41095304  0.54286946]] [ 0.00285647]
434 0.0 128.90435791 [[ 0.41076514  0.54316888]] [ 0.00285503]
435 0.0 128.93421936 [[ 0.41055546  0.54323739]] [ 0.00285997]
436 0.0 128.917861938 [[ 0.41069664  0.54357087]] [ 0.00283468]
437 0.0 128.900650024 [[ 0.41065874  0.5435213 ]] [ 0.00283658]
438 0.0 128.86781311 [[ 0.41056276  0.54340735]] [ 0.00284766]
439 0.0 128.857833862 [[ 0.41066202  0.54341917]] [ 0.00283832]
440 0.0 128.904846191 [[ 0.41057296  0.54317455]] [ 0.00285549]
441 0.0 128.926071167 [[ 0.41076923  0.54308866]] [ 0.00284431]
442 0.0 128.891540527 [[ 0.41071536  0.54314988]] [ 0.00284273]
443 0.0 128.917984009 [[ 0.41063265  0.54312997]] [ 0.00284828]
444 0.0 128.878448486 [[ 0.41066969  0.54346863]] [ 0.00282777]
445 0.0 128.929519653 [[ 0.41056195  0.54325734]] [ 0.00284521]
446 0.0 128.943984985 [[ 0.4105204   0.54317179]] [ 0.00285106]
447 0.0 128.921340942 [[ 0.4105077   0.54300525]] [ 0.0028591]
448 0.0 128.958831787 [[ 0.41070489  0.54283911]] [ 0.00284836]
449 0.0 128.873001099 [[ 0.41047171  0.54310277]] [ 0.0028493]
450 0.0 128.947235107 [[ 0.41055997  0.54291635]] [ 0.00284978]
451 0.0 128.946594238 [[ 0.4106037   0.54271685]] [ 0.00285438]
452 0.0 128.932312012 [[ 0.41055067  0.54284205]] [ 0.00285486]
453 0.0 128.915344238 [[ 0.41059716  0.54278479]] [ 0.00284969]
454 0.0 128.925323486 [[ 0.41055603  0.54264637]] [ 0.00285728]
455 0.0 128.924362183 [[ 0.41055466  0.54268709]] [ 0.00285032]
456 0.0 128.90687561 [[ 0.41057649  0.54262502]] [ 0.00285376]
457 0.0 128.911453247 [[ 0.41065867  0.54280239]] [ 0.00283762]
458 0.0 128.929534912 [[ 0.41053684  0.54271096]] [ 0.00285242]
459 0.0 128.879302979 [[ 0.41067962  0.54249405]] [ 0.00285098]
460 0.0 128.90625 [[ 0.4106199   0.54240533]] [ 0.00285834]
461 0.0 128.856842041 [[ 0.41054687  0.54252244]] [ 0.00285602]
462 0.0 128.887435913 [[ 0.4106656  0.5423462]] [ 0.00285606]
463 0.0 128.871200562 [[ 0.41074677  0.54228714]] [ 0.00285078]
464 0.0 128.893173218 [[ 0.41079736  0.5423098 ]] [ 0.00284374]
465 0.0 128.891479492 [[ 0.41077525  0.54233133]] [ 0.0028424]
466 0.0 128.934585571 [[ 0.41076102  0.54216575]] [ 0.00285043]
467 0.0 128.883560181 [[ 0.41088892  0.54185929]] [ 0.00285098]
468 0.0 128.890670776 [[ 0.41115677  0.54171865]] [ 0.00283914]
469 0.0 128.889251709 [[ 0.41108526  0.5416792 ]] [ 0.00284594]
470 0.0 128.875320435 [[ 0.41121019  0.54184918]] [ 0.00282369]
471 0.0 128.849197388 [[ 0.41106568  0.5415216 ]] [ 0.00285112]
472 0.0 128.862701416 [[ 0.41095468  0.54137127]] [ 0.00286537]
473 0.0 128.90687561 [[ 0.41102759  0.54163539]] [ 0.00284614]
474 0.0 128.891311646 [[ 0.41119723  0.54153031]] [ 0.00284194]
475 0.0 128.855773926 [[ 0.41124904  0.54158803]] [ 0.0028316]
476 0.0 128.859359741 [[ 0.41108136  0.5414504 ]] [ 0.00284899]
477 0.0 128.87512207 [[ 0.4110256  0.5415206]] [ 0.00284689]
478 0.0 128.856445312 [[ 0.41083634  0.54175815]] [ 0.00284791]
479 0.0 128.846832275 [[ 0.41083987  0.5416988 ]] [ 0.00285052]
480 0.0 128.819839478 [[ 0.41060145  0.54196879]] [ 0.00285266]
481 0.0 128.860305786 [[ 0.41067796  0.54213728]] [ 0.00284149]
482 0.0 128.890701294 [[ 0.41078815  0.54191636]] [ 0.00284053]
483 0.0 128.876922607 [[ 0.41069025  0.5421229 ]] [ 0.00283262]
484 0.0 128.839828491 [[ 0.41075189  0.54211615]] [ 0.00283033]
485 0.0 128.926254272 [[ 0.41068753  0.54238334]] [ 0.0028222]
486 0.0 128.891616821 [[ 0.41041598  0.54227754]] [ 0.00284263]
487 0.0 128.861999512 [[ 0.41053055  0.54227638]] [ 0.00283113]
488 0.0 128.899276733 [[ 0.41042652  0.54221419]] [ 0.00283695]
489 0.0 128.870941162 [[ 0.41047225  0.54211608]] [ 0.00284016]
490 0.0 128.83354187 [[ 0.41053738  0.54191081]] [ 0.0028433]
491 0.0 128.854217529 [[ 0.41064553  0.54169021]] [ 0.00284724]
492 0.0 128.841369629 [[ 0.41063395  0.54139951]] [ 0.00286084]
493 0.0 128.841125488 [[ 0.41062673  0.54113267]] [ 0.00286977]
494 0.0 128.895843506 [[ 0.4109126   0.54145237]] [ 0.00283708]
495 0.0 128.847122192 [[ 0.4107493   0.54153761]] [ 0.00283719]
496 0.0 128.847290039 [[ 0.41078171  0.54156198]] [ 0.0028337]
497 0.0 128.886672974 [[ 0.41076864  0.54133555]] [ 0.00284303]
498 0.0 128.873641968 [[ 0.41053601  0.54142   ]] [ 0.00285507]
499 0.0 128.850875854 [[ 0.4104642   0.54144453]] [ 0.00285856]
500 0.0 128.827011108 [[ 0.4104914   0.54147344]] [ 0.0028505]
501 0.0 128.868789673 [[ 0.41026559  0.54167823]] [ 0.0028559]
502 0.0 128.857437134 [[ 0.41054822  0.54150259]] [ 0.00284143]
503 0.0 128.822463989 [[ 0.41035338  0.54160311]] [ 0.00284801]
504 0.0 128.835250854 [[ 0.41018042  0.54170852]] [ 0.00284975]
505 0.0 128.805938721 [[ 0.41002129  0.54178266]] [ 0.00285274]
506 0.0 128.851135254 [[ 0.41018309  0.54135433]] [ 0.00286259]
507 0.0 128.866485596 [[ 0.41021974  0.54142381]] [ 0.0028574]
508 0.0 128.838973999 [[ 0.41003236  0.5416834 ]] [ 0.00285384]
509 0.0 128.872421265 [[ 0.41001811  0.54187018]] [ 0.00284779]
510 0.0 128.808013916 [[ 0.41006807  0.54173444]] [ 0.00284996]
511 0.0 128.821853638 [[ 0.41016125  0.54182486]] [ 0.00283521]
512 0.0 128.863327026 [[ 0.41023891  0.54147525]] [ 0.00284654]
513 0.0 128.882476807 [[ 0.4104069   0.54134201]] [ 0.00284238]
514 0.0 128.855163574 [[ 0.41040243  0.54148338]] [ 0.00283171]
515 0.0 129.008270264 [[ 0.41020372  0.54118989]] [ 0.00285341]
516 0.0 128.843673706 [[ 0.41033739  0.54099844]] [ 0.00285348]
517 0.0 128.866394043 [[ 0.41031689  0.54103321]] [ 0.00285159]
518 0.0 128.844421387 [[ 0.41037339  0.54098971]] [ 0.00285006]
519 0.0 128.943832397 [[ 0.41044918  0.54059594]] [ 0.00286256]
520 0.0 128.823822021 [[ 0.4105944   0.54067982]] [ 0.00284552]
521 0.0 128.839431763 [[ 0.41054445  0.54082154]] [ 0.00283845]
522 0.0 128.83102417 [[ 0.41057639  0.54086603]] [ 0.00283411]
523 0.0 128.867370605 [[ 0.41052047  0.54095175]] [ 0.00283473]
524 0.0 128.842483521 [[ 0.41067448  0.54070238]] [ 0.00283484]
525 0.0 128.835388184 [[ 0.4105052  0.5405085]] [ 0.00285296]
526 0.0 128.844818115 [[ 0.41058816  0.54026721]] [ 0.00285506]
527 0.0 128.845306396 [[ 0.4105815   0.54027823]] [ 0.0028494]
528 0.0 128.854202271 [[ 0.41054086  0.54037742]] [ 0.00284799]
529 0.0 128.854431152 [[ 0.4106361   0.54049406]] [ 0.00283709]
530 0.0 128.848373413 [[ 0.41055595  0.54051162]] [ 0.00283817]
531 0.0 128.862792969 [[ 0.41040458  0.54041549]] [ 0.00285261]
532 0.0 128.886459351 [[ 0.41066797  0.54070032]] [ 0.00282199]
533 0.0 128.894378662 [[ 0.41047499  0.5407476 ]] [ 0.00283095]
534 0.0 128.952011108 [[ 0.41022531  0.540984  ]] [ 0.00283343]
535 0.0 128.887191772 [[ 0.41009899  0.54088518]] [ 0.00284405]
536 0.0 128.853134155 [[ 0.41008147  0.54072607]] [ 0.0028533]
537 0.0 128.908752441 [[ 0.41010848  0.54079633]] [ 0.00284618]
538 0.0 128.88659668 [[ 0.41011192  0.54075752]] [ 0.00285121]
539 0.0 128.814422607 [[ 0.41003417  0.54067618]] [ 0.00285569]
540 0.0 128.805923462 [[ 0.41011525  0.5407456 ]] [ 0.00284478]
541 0.0 128.796813965 [[ 0.41005627  0.54067579]] [ 0.00284549]
542 0.0 128.847824097 [[ 0.41007699  0.54069951]] [ 0.00284564]
543 0.0 128.828781128 [[ 0.41010821  0.54056684]] [ 0.00284794]
544 0.0 128.833618164 [[ 0.41022915  0.54060483]] [ 0.00283605]
545 0.0 128.817672729 [[ 0.41027094  0.54057896]] [ 0.0028314]
546 0.0 128.829421997 [[ 0.41027948  0.54054058]] [ 0.0028322]
547 0.0 128.822814941 [[ 0.41019656  0.54032995]] [ 0.00284547]
548 0.0 128.84236145 [[ 0.41017609  0.54029127]] [ 0.00284812]
549 0.0 128.863433838 [[ 0.4102741   0.54017606]] [ 0.00284454]
550 0.0 128.857269287 [[ 0.41013808  0.54019792]] [ 0.00285153]
551 0.0 128.830230713 [[ 0.4102182   0.54020014]] [ 0.00284126]
552 0.0 128.857131958 [[ 0.41024434  0.54042074]] [ 0.00283116]
553 0.0 128.831359863 [[ 0.41020903  0.54026109]] [ 0.00283759]
554 0.0 128.894317627 [[ 0.41013436  0.54029546]] [ 0.00284568]
555 0.0 128.83605957 [[ 0.41015338  0.54009586]] [ 0.00284919]
556 0.0 128.841445923 [[ 0.41034595  0.53991613]] [ 0.00284336]
557 0.0 128.834976196 [[ 0.41041373  0.53978381]] [ 0.00284619]
558 0.0 128.879898071 [[ 0.41046278  0.53962274]] [ 0.00285175]
559 0.0 128.832214355 [[ 0.41035157  0.53980022]] [ 0.00284473]
560 0.0 128.887817383 [[ 0.41022441  0.53983198]] [ 0.00285064]
561 0.0 128.915359497 [[ 0.40996465  0.54018153]] [ 0.00284972]
562 0.0 128.906951904 [[ 0.41007012  0.54012287]] [ 0.00284299]
563 0.0 128.943954468 [[ 0.40992088  0.54041449]] [ 0.00283433]
564 0.0 128.841537476 [[ 0.40990068  0.54026061]] [ 0.00284017]
565 0.0 128.809829712 [[ 0.40992909  0.54030061]] [ 0.00283592]
566 0.0 128.849609375 [[ 0.40988663  0.54051246]] [ 0.00282656]
567 0.0 128.807861328 [[ 0.40991104  0.54009773]] [ 0.00284284]
568 0.0 128.888397217 [[ 0.40979336  0.54018932]] [ 0.00284114]
569 0.0 128.821640015 [[ 0.40991057  0.53999202]] [ 0.0028442]
570 0.0 128.879592896 [[ 0.40972344  0.54049062]] [ 0.00283243]
571 0.0 128.876083374 [[ 0.40971909  0.54032895]] [ 0.00284067]
572 0.0 128.806472778 [[ 0.4097368   0.54026654]] [ 0.00284205]
573 0.0 128.828826904 [[ 0.409723    0.54001133]] [ 0.00285457]
574 0.0 128.835739136 [[ 0.40962593  0.5403694 ]] [ 0.00284314]
575 0.0 128.792724609 [[ 0.4095461   0.54065787]] [ 0.00283473]
576 0.0 128.873840332 [[ 0.40947932  0.54086038]] [ 0.00282957]
577 0.0 128.86227417 [[ 0.4093777   0.54060967]] [ 0.00284586]
578 0.0 128.842895508 [[ 0.40960181  0.54051156]] [ 0.00283556]
579 0.0 128.86505127 [[ 0.40976244  0.54001593]] [ 0.00284549]
580 0.0 128.849639893 [[ 0.40975497  0.54024812]] [ 0.0028358]
581 0.0 128.848403931 [[ 0.40976066  0.54029481]] [ 0.00282789]
582 0.0 128.875442505 [[ 0.40959693  0.54040609]] [ 0.00282962]
583 0.0 128.876342773 [[ 0.40941677  0.54035629]] [ 0.00284744]
584 0.0 128.885070801 [[ 0.40959373  0.54045234]] [ 0.00282847]
585 0.0 128.904541016 [[ 0.40942514  0.54053749]] [ 0.00283557]
586 0.0 128.825073242 [[ 0.40939959  0.54063667]] [ 0.00283172]
587 0.0 128.863113403 [[ 0.40943078  0.54051558]] [ 0.00283375]
588 0.0 128.846969604 [[ 0.40934428  0.54056056]] [ 0.00283704]
589 0.0 128.833190918 [[ 0.40907034  0.54086815]] [ 0.00283932]
590 0.0 128.847900391 [[ 0.40897487  0.54113983]] [ 0.00283547]
591 0.0 128.836349487 [[ 0.40885956  0.54123147]] [ 0.00283696]
592 0.0 128.832168579 [[ 0.4088583  0.5411438]] [ 0.00283867]
593 0.0 128.814819336 [[ 0.40905259  0.54084227]] [ 0.00283611]
594 0.0 128.846160889 [[ 0.40891871  0.54088556]] [ 0.00284291]
595 0.0 128.858551025 [[ 0.40889449  0.5411397 ]] [ 0.00282936]
596 0.0 128.851593018 [[ 0.40872713  0.54092399]] [ 0.00284888]
597 0.0 128.839263916 [[ 0.40875849  0.5407935 ]] [ 0.00285341]
598 0.0 128.828567505 [[ 0.40885179  0.54089852]] [ 0.0028396]
599 0.0 128.793502808 [[ 0.40883573  0.54085107]] [ 0.00284075]
600 0.0 128.849212646 [[ 0.40890587  0.54069242]] [ 0.00284322]
601 0.0 128.840438843 [[ 0.40887389  0.54066635]] [ 0.00283876]
602 0.0 128.891159058 [[ 0.40870679  0.54085935]] [ 0.00284833]
603 0.0 128.848052979 [[ 0.40877184  0.54084459]] [ 0.0028432]
604 0.0 128.806182861 [[ 0.4089513   0.54066841]] [ 0.0028356]
605 0.0 128.839935303 [[ 0.40902061  0.54043498]] [ 0.0028382]
606 0.0 128.857971191 [[ 0.40915259  0.54022593]] [ 0.00283754]
607 0.0 128.83631897 [[ 0.40915754  0.54024883]] [ 0.00284011]
608 0.0 128.810302734 [[ 0.40899408  0.54027713]] [ 0.00284581]
609 0.0 128.85333252 [[ 0.40919857  0.53997927]] [ 0.00284631]
610 0.0 128.849212646 [[ 0.40917352  0.53997895]] [ 0.0028438]
611 0.0 128.825836182 [[ 0.40924811  0.5399663 ]] [ 0.00283575]
612 0.0 128.840927124 [[ 0.40914813  0.54010806]] [ 0.00283836]
613 0.0 128.84526062 [[ 0.40917469  0.54008552]] [ 0.00283153]
614 0.0 128.828781128 [[ 0.40919276  0.54029671]] [ 0.00282387]
615 0.0 128.845291138 [[ 0.40912674  0.54017876]] [ 0.00283039]
616 0.0 128.840621948 [[ 0.40917598  0.54017557]] [ 0.00282435]
617 0.0 128.834518433 [[ 0.4091903   0.54002115]] [ 0.00282724]
618 0.0 128.882171631 [[ 0.40907973  0.53996376]] [ 0.00283639]
619 0.0 128.833953857 [[ 0.40904213  0.53992218]] [ 0.00284349]
620 0.0 128.830749512 [[ 0.40925298  0.53995072]] [ 0.00282276]
621 0.0 128.846878052 [[ 0.409078    0.53984408]] [ 0.00283911]
622 0.0 128.825500488 [[ 0.40909482  0.53966572]] [ 0.00284389]
623 0.0 128.840881348 [[ 0.40923364  0.53962387]] [ 0.00283389]
624 0.0 128.783752441 [[ 0.40932056  0.53957624]] [ 0.00282888]
625 0.0 128.819824219 [[ 0.40923506  0.53966417]] [ 0.00282958]
626 0.0 128.79675293 [[ 0.40916959  0.53958646]] [ 0.00283592]
627 0.0 128.80255127 [[ 0.40910658  0.53988282]] [ 0.00282991]
628 0.0 128.837890625 [[ 0.40904152  0.53969708]] [ 0.00284153]
629 0.0 128.818771362 [[ 0.40906408  0.53954601]] [ 0.00284329]
630 0.0 128.887283325 [[ 0.40890238  0.5396193 ]] [ 0.00284972]
631 0.0 128.84828186 [[ 0.40911531  0.5393453 ]] [ 0.00284617]
632 0.0 128.839553833 [[ 0.4090699  0.5393155]] [ 0.00284769]
633 0.0 128.816894531 [[ 0.40903679  0.53940771]] [ 0.00284559]
634 0.0 128.837738037 [[ 0.40931439  0.53934366]] [ 0.00282865]
635 0.0 128.863189697 [[ 0.40935494  0.53912671]] [ 0.00283661]
636 0.0 128.863082886 [[ 0.40929651  0.53921474]] [ 0.00283734]
637 0.0 128.86366272 [[ 0.40914025  0.53951787]] [ 0.00283115]
638 0.0 128.857437134 [[ 0.40901892  0.53923457]] [ 0.0028503]
639 0.0 128.873336792 [[ 0.40915647  0.53917382]] [ 0.00284106]
640 0.0 128.852111816 [[ 0.40907671  0.53917881]] [ 0.00284153]
641 0.0 128.851730347 [[ 0.40911989  0.53910608]] [ 0.00283837]
642 0.0 128.814834595 [[ 0.40909087  0.53897702]] [ 0.00284282]
643 0.0 128.823364258 [[ 0.40912257  0.53911453]] [ 0.00283483]
644 0.0 128.878845215 [[ 0.40896788  0.53895729]] [ 0.00284889]
645 0.0 128.854904175 [[ 0.40911679  0.53901316]] [ 0.00283516]
646 0.0 128.8334198 [[ 0.40924476  0.53901448]] [ 0.00282671]
647 0.0 128.879257202 [[ 0.4090959  0.5392176]] [ 0.00282573]
648 0.0 128.860351562 [[ 0.40911026  0.53896009]] [ 0.00283459]
649 0.0 128.838287354 [[ 0.40910836  0.53901779]] [ 0.0028331]
650 0.0 128.847335815 [[ 0.409016    0.53877101]] [ 0.0028519]
651 0.0 128.81880188 [[ 0.40912796  0.53891733]] [ 0.0028326]
652 0.0 128.857559204 [[ 0.40900469  0.53887721]] [ 0.00284308]
653 0.0 128.854263306 [[ 0.40905176  0.53888357]] [ 0.00283759]
654 0.0 128.866088867 [[ 0.40892861  0.53890503]] [ 0.00284274]
655 0.0 128.846374512 [[ 0.40882735  0.53878228]] [ 0.00285828]
656 0.0 128.899002075 [[ 0.40884596  0.53890908]] [ 0.00284845]
657 0.0 128.833465576 [[ 0.40873271  0.53916245]] [ 0.00284023]
658 0.0 128.856262207 [[ 0.40838511  0.53932065]] [ 0.0028553]
659 0.0 128.859054565 [[ 0.40865191  0.53936003]] [ 0.00283175]
660 0.0 128.771881104 [[ 0.40846141  0.53934447]] [ 0.00284426]
661 0.0 128.880111694 [[ 0.40867006  0.53933672]] [ 0.00282823]
662 0.0 128.924362183 [[ 0.4086325   0.53921371]] [ 0.00283847]
663 0.0 128.912979126 [[ 0.40863442  0.53933261]] [ 0.00282929]
664 0.0 128.836456299 [[ 0.40854933  0.53931345]] [ 0.0028322]
665 0.0 128.874664307 [[ 0.40867705  0.53910814]] [ 0.00283356]
666 0.0 128.880783081 [[ 0.40871278  0.53897676]] [ 0.00283684]
667 0.0 128.869979858 [[ 0.40848154  0.53919224]] [ 0.0028403]
668 0.0 128.873764038 [[ 0.40849807  0.53917954]] [ 0.00283652]
669 0.0 128.839691162 [[ 0.40839541  0.53928092]] [ 0.0028372]
670 0.0 128.884170532 [[ 0.40827518  0.53949906]] [ 0.00283153]
671 0.0 128.884658813 [[ 0.40823933  0.53958704]] [ 0.00283008]
672 0.0 128.908004761 [[ 0.40822877  0.53948516]] [ 0.00283468]
673 0.0 128.881729126 [[ 0.40823955  0.53916097]] [ 0.00284896]
674 0.0 128.83265686 [[ 0.40818897  0.53930981]] [ 0.00284196]
675 0.0 128.919723511 [[ 0.40794887  0.53931165]] [ 0.00285714]
676 0.0 128.810928345 [[ 0.40812201  0.53931682]] [ 0.00284714]
677 0.0 128.836730957 [[ 0.40806468  0.53930512]] [ 0.00284951]
678 0.0 128.869155884 [[ 0.40801901  0.5393499 ]] [ 0.00284773]
679 0.0 128.853012085 [[ 0.40806972  0.53935398]] [ 0.0028427]
680 0.0 128.850463867 [[ 0.40789478  0.53959341]] [ 0.00283972]
681 0.0 128.842163086 [[ 0.40786575  0.53965858]] [ 0.00283647]
682 0.0 128.881591797 [[ 0.40803756  0.53984765]] [ 0.00281301]
683 0.0 128.914306641 [[ 0.40800843  0.53944626]] [ 0.00282825]
684 0.0 128.928756714 [[ 0.40792376  0.53931345]] [ 0.00283804]
685 0.0 128.859893799 [[ 0.40795705  0.53928754]] [ 0.00283532]
686 0.0 128.814956665 [[ 0.40792838  0.53925691]] [ 0.00283431]
687 0.0 128.870132446 [[ 0.408021    0.53916068]] [ 0.00283329]
688 0.0 128.868255615 [[ 0.40793737  0.53927249]] [ 0.00283346]
689 0.0 128.820510864 [[ 0.40794734  0.53915326]] [ 0.00283692]
690 0.0 128.873840332 [[ 0.40796315  0.53876304]] [ 0.00285411]
691 0.0 128.894515991 [[ 0.40820356  0.53881552]] [ 0.00283425]
692 0.0 128.836883545 [[ 0.40810472  0.53871263]] [ 0.00284429]
693 0.0 128.870223999 [[ 0.40829742  0.53884182]] [ 0.00282209]
694 0.0 128.834365845 [[ 0.40826848  0.53870871]] [ 0.00282586]
695 0.0 128.811920166 [[ 0.40830864  0.53878896]] [ 0.00281931]
696 0.0 128.871307373 [[ 0.40799948  0.53883658]] [ 0.00283992]
697 0.0 128.890914917 [[ 0.4080112   0.53847702]] [ 0.00285955]
698 0.0 128.842987061 [[ 0.40818889  0.53835597]] [ 0.00285075]
699 0.0 128.875549316 [[ 0.40827561  0.53835524]] [ 0.00284279]
700 0.0 128.855529785 [[ 0.40821743  0.53822555]] [ 0.00284806]
701 0.0 128.837875366 [[ 0.40839723  0.5381332 ]] [ 0.00283756]
702 0.0 128.837921143 [[ 0.40817785  0.53815559]] [ 0.00285214]
703 0.0 128.84413147 [[ 0.40812922  0.53848592]] [ 0.00283817]
704 0.0 128.862442017 [[ 0.40806449  0.53843469]] [ 0.0028432]
705 0.0 128.884521484 [[ 0.40812868  0.5386469 ]] [ 0.00282907]
706 0.0 128.84526062 [[ 0.40819697  0.538339  ]] [ 0.00283624]
707 0.0 128.848800659 [[ 0.40818395  0.53825843]] [ 0.00284123]
708 0.0 128.835968018 [[ 0.40810674  0.53835135]] [ 0.00283883]
709 0.0 128.882522583 [[ 0.40811897  0.53832081]] [ 0.00283534]
710 0.0 128.887313843 [[ 0.40802747  0.53851358]] [ 0.0028303]
711 0.0 128.85484314 [[ 0.40800169  0.53844933]] [ 0.00283565]
712 0.0 128.905014038 [[ 0.40802297  0.53827374]] [ 0.00284455]
713 0.0 128.862060547 [[ 0.40821052  0.53837545]] [ 0.00282267]
714 0.0 128.847259521 [[ 0.40797599  0.53860972]] [ 0.00282612]
715 0.0 128.874420166 [[ 0.40797514  0.53817355]] [ 0.00284425]
716 0.0 128.822052002 [[ 0.40784392  0.53850999]] [ 0.0028349]
717 0.0 128.828933716 [[ 0.40798063  0.53803243]] [ 0.00284593]
718 0.0 128.842056274 [[ 0.40819663  0.53820268]] [ 0.00282625]
719 0.0 128.838378906 [[ 0.40810472  0.53822658]] [ 0.00282936]
720 0.0 128.823532104 [[ 0.40795323  0.53819992]] [ 0.00283685]
721 0.0 128.830169678 [[ 0.40807244  0.5379901 ]] [ 0.00284087]
722 0.0 128.852249146 [[ 0.40798715  0.53787056]] [ 0.00285022]
723 0.0 128.804489136 [[ 0.40795768  0.53819976]] [ 0.00283754]
724 0.0 128.878204346 [[ 0.40801516  0.53817233]] [ 0.00283315]
725 0.0 128.856063843 [[ 0.40804063  0.53813361]] [ 0.00283064]
726 0.0 128.866821289 [[ 0.40798479  0.53809756]] [ 0.00283644]
727 0.0 128.847427368 [[ 0.40818658  0.53802733]] [ 0.00282393]
728 0.0 128.874786377 [[ 0.40828744  0.53795601]] [ 0.00282198]
729 0.0 128.870681763 [[ 0.40814311  0.53793517]] [ 0.00282835]
730 0.0 128.848937988 [[ 0.40777447  0.53787332]] [ 0.0028545]
731 0.0 128.849334717 [[ 0.40806111  0.53810683]] [ 0.00282406]
732 0.0 128.908493042 [[ 0.40799372  0.53784588]] [ 0.00284025]
733 0.0 128.826477051 [[ 0.40794083  0.53793225]] [ 0.00283716]
734 0.0 128.817138672 [[ 0.40791479  0.53793446]] [ 0.00283716]
735 0.0 128.830444336 [[ 0.40803034  0.5378999 ]] [ 0.00282962]
736 0.0 128.855651855 [[ 0.40804549  0.53787749]] [ 0.00282966]
737 0.0 128.869995117 [[ 0.40774409  0.53801277]] [ 0.00283755]
738 0.0 128.814834595 [[ 0.4077098   0.53785809]] [ 0.00284918]
739 0.0 128.900726318 [[ 0.40781696  0.53772478]] [ 0.00284254]
740 0.0 128.881317139 [[ 0.40791537  0.53781238]] [ 0.00282815]
741 0.0 128.833236694 [[ 0.40779287  0.5377476 ]] [ 0.0028345]
742 0.0 128.81149292 [[ 0.40793256  0.53788842]] [ 0.00282099]
743 0.0 128.815628052 [[ 0.4078208   0.53778638]] [ 0.00283253]
744 0.0 128.858169556 [[ 0.40768764  0.53781526]] [ 0.0028385]
745 0.0 128.815093994 [[ 0.4076337   0.53765645]] [ 0.00284825]
746 0.0 128.829483032 [[ 0.40749146  0.53791317]] [ 0.00284826]
747 0.0 128.822036743 [[ 0.40743077  0.5379387 ]] [ 0.00284612]
748 0.0 128.823806763 [[ 0.40749387  0.53833855]] [ 0.00282155]
749 0.0 128.851531982 [[ 0.40740513  0.5381817 ]] [ 0.00283601]
750 0.0 128.856781006 [[ 0.40743259  0.53818186]] [ 0.00283255]
751 0.0 128.806137085 [[ 0.40740493  0.53835491]] [ 0.00282566]
752 0.0 128.81413269 [[ 0.40731378  0.53806966]] [ 0.00284315]
753 0.0 128.851760864 [[ 0.40750324  0.53805366]] [ 0.00282924]
754 0.0 128.831192017 [[ 0.40763161  0.53780523]] [ 0.00282973]
755 0.0 128.885162354 [[ 0.40770582  0.53774744]] [ 0.00282713]
756 0.0 128.894515991 [[ 0.40763005  0.53773718]] [ 0.00283269]
757 0.0 128.847396851 [[ 0.40751689  0.53776103]] [ 0.00283735]
758 0.0 128.848922729 [[ 0.40754441  0.53773949]] [ 0.00283286]
759 0.0 128.884719849 [[ 0.40750108  0.53780962]] [ 0.00283225]
760 0.0 128.845428467 [[ 0.40756147  0.53769904]] [ 0.00282973]
761 0.0 128.844589233 [[ 0.40765046  0.53771003]] [ 0.00281945]
762 0.0 128.841262817 [[ 0.40774839  0.5375921 ]] [ 0.00281596]
763 0.0 128.834915161 [[ 0.40773148  0.53776879]] [ 0.00280481]
764 0.0 128.839660645 [[ 0.40768166  0.53761777]] [ 0.00281383]
765 0.0 128.839813232 [[ 0.40746331  0.53751203]] [ 0.00283696]
766 0.0 128.884918213 [[ 0.40744811  0.53754584]] [ 0.00283304]
767 0.0 128.859786987 [[ 0.40753181  0.53754337]] [ 0.00282265]
768 0.0 128.900177002 [[ 0.40754497  0.53758867]] [ 0.0028195]
769 0.0 128.861557007 [[ 0.40752131  0.53742285]] [ 0.0028285]
770 0.0 128.87399292 [[ 0.40742375  0.53740991]] [ 0.00283184]
771 0.0 128.901321411 [[ 0.40740602  0.5372196 ]] [ 0.00284566]
772 0.0 128.876525879 [[ 0.40711793  0.5374117 ]] [ 0.00285555]
773 0.0 128.827697754 [[ 0.40743247  0.53744386]] [ 0.00283099]
774 0.0 128.946090698 [[ 0.40739529  0.5374239 ]] [ 0.00283209]
775 0.0 128.868682861 [[ 0.40727077  0.5374767 ]] [ 0.0028361]
776 0.0 128.853530884 [[ 0.40715664  0.53738761]] [ 0.00284545]
777 0.0 128.88835144 [[ 0.407538    0.53727545]] [ 0.00282656]
778 0.0 128.901580811 [[ 0.40735049  0.53738768]] [ 0.00283123]
779 0.0 128.91986084 [[ 0.40737608  0.53720622]] [ 0.00284024]
780 0.0 128.904571533 [[ 0.40716174  0.53707223]] [ 0.00285485]
781 0.0 128.891113281 [[ 0.40729288  0.53724983]] [ 0.00283724]
782 0.0 128.872512817 [[ 0.40721447  0.53722498]] [ 0.00283958]
783 0.0 128.853439331 [[ 0.40704293  0.53748538]] [ 0.00283764]
784 0.0 128.87322998 [[ 0.40723098  0.53736654]] [ 0.00282834]
785 0.0 128.895462036 [[ 0.40697777  0.53726591]] [ 0.00285116]
786 0.0 128.900650024 [[ 0.40679362  0.53733191]] [ 0.00285707]
787 0.0 128.827163696 [[ 0.40685919  0.53729329]] [ 0.00285364]
788 0.0 128.865982056 [[ 0.40707297  0.53727331]] [ 0.00284052]
789 0.0 128.836868286 [[ 0.40701057  0.53739488]] [ 0.00283714]
790 0.0 128.884933472 [[ 0.40699975  0.53742275]] [ 0.0028325]
791 0.0 128.847839355 [[ 0.40707496  0.53715124]] [ 0.00283586]
792 0.0 128.843048096 [[ 0.4069997   0.53713255]] [ 0.0028398]
793 0.0 128.857940674 [[ 0.40695616  0.53737973]] [ 0.00283248]
794 0.0 128.885803223 [[ 0.40682107  0.53756218]] [ 0.0028342]
795 0.0 128.851409912 [[ 0.40669636  0.53776494]] [ 0.00282846]
796 0.0 128.890182495 [[ 0.40668407  0.53804012]] [ 0.00281478]
797 0.0 128.809631348 [[ 0.40645131  0.53804625]] [ 0.0028285]
798 0.0 128.855072021 [[ 0.40640702  0.53777013]] [ 0.00284671]
799 0.0 128.853210449 [[ 0.4065072   0.53781623]] [ 0.00283296]
800 0.0 128.85333252 [[ 0.40652113  0.53772503]] [ 0.00283355]
801 0.0 128.8359375 [[ 0.40644212  0.53748672]] [ 0.00284997]
802 0.0 128.822540283 [[ 0.40676724  0.53741763]] [ 0.00282924]
803 0.0 128.879074097 [[ 0.4066647   0.53702242]] [ 0.00285812]
804 0.0 128.877990723 [[ 0.40670894  0.53724279]] [ 0.00283991]
805 0.0 128.830062866 [[ 0.40668487  0.53718586]] [ 0.00284073]
806 0.0 128.855987549 [[ 0.40664853  0.53717369]] [ 0.00284353]
807 0.0 128.868850708 [[ 0.40669672  0.53714631]] [ 0.00283778]
808 0.0 128.918670654 [[ 0.40677556  0.53703436]] [ 0.00283444]
809 0.0 128.862579346 [[ 0.40680063  0.53685002]] [ 0.0028396]
810 0.0 128.813842773 [[ 0.40691771  0.53710854]] [ 0.00281955]
811 0.0 128.837539673 [[ 0.40687285  0.53712742]] [ 0.00281963]
812 0.0 128.808120728 [[ 0.40668138  0.53720523]] [ 0.00282707]
813 0.0 128.862854004 [[ 0.40652336  0.53729194]] [ 0.00283472]
814 0.0 128.794937134 [[ 0.406457    0.53717663]] [ 0.00284365]
815 0.0 128.879180908 [[ 0.40658719  0.53711846]] [ 0.00283076]
816 0.0 128.840133667 [[ 0.40657236  0.53718816]] [ 0.00282853]
817 0.0 128.918533325 [[ 0.40658341  0.53718733]] [ 0.00282986]
818 0.0 128.872741699 [[ 0.40643057  0.53704041]] [ 0.00284614]
819 0.0 128.883422852 [[ 0.40641582  0.53711862]] [ 0.0028407]
820 0.0 128.831985474 [[ 0.40633116  0.53727427]] [ 0.0028389]
821 0.0 128.829483032 [[ 0.40639532  0.53704474]] [ 0.00284086]
822 0.0 128.849212646 [[ 0.40649286  0.53698981]] [ 0.00283498]
823 0.0 128.83392334 [[ 0.40648176  0.53697268]] [ 0.00283376]
824 0.0 128.843490601 [[ 0.40632092  0.53711158]] [ 0.00283972]
825 0.0 128.820053101 [[ 0.40641286  0.53690967]] [ 0.00284197]
826 0.0 128.834381104 [[ 0.40636233  0.53689044]] [ 0.00284434]
827 0.0 128.915237427 [[ 0.40621623  0.53688   ]] [ 0.0028535]
828 0.0 128.840499878 [[ 0.40640375  0.53700924]] [ 0.00283391]
829 0.0 128.856613159 [[ 0.4064679  0.5370038]] [ 0.00282838]
830 0.0 128.830291748 [[ 0.40647294  0.536856  ]] [ 0.00283406]
831 0.0 128.853622437 [[ 0.4065009   0.53674805]] [ 0.00283347]
832 0.0 128.878311157 [[ 0.40656703  0.53678161]] [ 0.00282755]
833 0.0 128.853057861 [[ 0.4064774   0.53668224]] [ 0.00283934]
834 0.0 128.8621521 [[ 0.40627837  0.53697723]] [ 0.00283463]
835 0.0 128.921859741 [[ 0.40623163  0.53703568]] [ 0.00283292]
836 0.0 128.892608643 [[ 0.40619485  0.537073  ]] [ 0.00282914]
837 0.0 128.843902588 [[ 0.40618248  0.53703923]] [ 0.00282724]
838 0.0 128.839447021 [[ 0.40612637  0.53719229]] [ 0.00282145]
839 0.0 128.892349243 [[ 0.4059713   0.53726229]] [ 0.00282831]
840 0.0 128.914230347 [[ 0.40591589  0.53707361]] [ 0.00284359]
841 0.0 128.826766968 [[ 0.40581325  0.53716367]] [ 0.00284283]
842 0.0 128.837509155 [[ 0.40584126  0.53697214]] [ 0.00284779]
843 0.0 128.89276123 [[ 0.40597406  0.53687498]] [ 0.00284186]
844 0.0 128.852844238 [[ 0.40590922  0.53700466]] [ 0.0028393]
845 0.0 128.884292603 [[ 0.40586581  0.53697589]] [ 0.00284661]
846 0.0 128.855255127 [[ 0.40588343  0.5373257 ]] [ 0.00282637]
847 0.0 128.815536499 [[ 0.40583824  0.5372221 ]] [ 0.00283406]
848 0.0 128.853057861 [[ 0.40600523  0.53681514]] [ 0.00283738]
849 0.0 128.858261108 [[ 0.40610112  0.53693402]] [ 0.00282482]
850 0.0 128.861679077 [[ 0.40603778  0.53663733]] [ 0.00284433]
851 0.0 128.847122192 [[ 0.40600126  0.53655335]] [ 0.00284668]
852 0.0 128.825302124 [[ 0.40597241  0.53671046]] [ 0.00284054]
853 0.0 128.92829895 [[ 0.40594369  0.53711699]] [ 0.00282031]
854 0.0 128.879974365 [[ 0.40601077  0.5371711 ]] [ 0.00281014]
855 0.0 128.807189941 [[ 0.40591074  0.5369321 ]] [ 0.00282856]
856 0.0 128.818130493 [[ 0.40586487  0.53689098]] [ 0.00283245]
857 0.0 128.869979858 [[ 0.40603495  0.53690996]] [ 0.00281833]
858 0.0 128.861740112 [[ 0.40587677  0.53712169]] [ 0.00281666]
859 0.0 128.921981812 [[ 0.40571658  0.5369731 ]] [ 0.00283207]
860 0.0 128.859542847 [[ 0.40573293  0.53715605]] [ 0.00282191]
861 0.0 128.834335327 [[ 0.40552184  0.53702409]] [ 0.00284006]
862 0.0 128.851638794 [[ 0.40556846  0.53703046]] [ 0.00283617]
863 0.0 128.855194092 [[ 0.40556863  0.53694401]] [ 0.00284236]
864 0.0 128.862701416 [[ 0.40559266  0.53713114]] [ 0.00282465]
865 0.0 128.867004395 [[ 0.40556201  0.53735392]] [ 0.00281759]
866 0.0 128.864074707 [[ 0.40547528  0.53738105]] [ 0.00282032]
867 0.0 128.9190979 [[ 0.40516499  0.53752318]] [ 0.00283783]
868 0.0 128.926010132 [[ 0.40512427  0.53772394]] [ 0.00283035]
869 0.0 128.823684692 [[ 0.40513265  0.53757083]] [ 0.00283335]
870 0.0 128.826278687 [[ 0.4052086   0.53744815]] [ 0.00283289]
871 0.0 128.824691772 [[ 0.40509892  0.53744066]] [ 0.00283761]
872 0.0 128.811355591 [[ 0.40491741  0.53771898]] [ 0.00283216]
873 0.0 128.833358765 [[ 0.40500841  0.53773055]] [ 0.00282827]
874 0.0 128.779891968 [[ 0.40513214  0.53787964]] [ 0.00281261]
875 0.0 128.812591553 [[ 0.40509392  0.53767164]] [ 0.00282447]
876 0.0 128.824356079 [[ 0.40507917  0.53780462]] [ 0.00282082]
877 0.0 128.831329346 [[ 0.4050911   0.53793437]] [ 0.00281367]
878 0.0 128.831619263 [[ 0.40484455  0.53792308]] [ 0.00282412]
879 0.0 128.83921814 [[ 0.40470426  0.53778584]] [ 0.00284038]
880 0.0 128.811569214 [[ 0.40479168  0.53784671]] [ 0.00282734]
881 0.0 128.843322754 [[ 0.40497659  0.53767023]] [ 0.00282168]
882 0.0 128.869827271 [[ 0.40492361  0.53764587]] [ 0.0028253]
883 0.0 128.850479126 [[ 0.4048251   0.53766962]] [ 0.00282422]
884 0.0 128.909088135 [[ 0.40492827  0.53754212]] [ 0.00282467]
885 0.0 128.823379517 [[ 0.4047962   0.53745418]] [ 0.00283527]
886 0.0 128.894699097 [[ 0.40482539  0.53724942]] [ 0.0028439]
887 0.0 128.897613525 [[ 0.40495163  0.5373773 ]] [ 0.00282808]
888 0.0 128.840637207 [[ 0.40509238  0.53726495]] [ 0.0028212]
889 0.0 128.846206665 [[ 0.40487732  0.5371336 ]] [ 0.00284123]
890 0.0 128.839172363 [[ 0.40509691  0.53695729]] [ 0.00283389]
891 0.0 128.886398315 [[ 0.40518216  0.53698837]] [ 0.00282365]
892 0.0 128.882278442 [[ 0.40507098  0.53700914]] [ 0.0028299]
893 0.0 128.831634521 [[ 0.40523928  0.53704454]] [ 0.00281423]
894 0.0 128.862670898 [[ 0.40529844  0.53700744]] [ 0.00281045]
895 0.0 128.807281494 [[ 0.40524075  0.53682087]] [ 0.00282212]
896 0.0 128.830734253 [[ 0.40522336  0.53682765]] [ 0.00281762]
897 0.0 128.813018799 [[ 0.40554954  0.53654752]] [ 0.00281072]
898 0.0 128.834701538 [[ 0.4053722  0.5364098]] [ 0.00282661]
899 0.0 128.773880005 [[ 0.40539286  0.53616722]] [ 0.00283739]
900 0.0 128.760375977 [[ 0.40540786  0.53630657]] [ 0.00282526]
901 0.0 128.760772705 [[ 0.40519988  0.5363458 ]] [ 0.00283355]
902 0.0 128.822418213 [[ 0.40526636  0.53654762]] [ 0.00282021]
903 0.0 128.812728882 [[ 0.40520172  0.53665198]] [ 0.00281571]
904 0.0 128.796096802 [[ 0.40506652  0.53672997]] [ 0.00281831]
905 0.0 128.836380005 [[ 0.40506451  0.5366825 ]] [ 0.00282104]
906 0.0 128.831634521 [[ 0.40518721  0.53656802]] [ 0.00281612]
907 0.0 128.804870605 [[ 0.4049875   0.53647484]] [ 0.00282779]
908 0.0 128.814498901 [[ 0.40511594  0.5364168 ]] [ 0.00282434]
909 0.0 128.902572632 [[ 0.40511807  0.53627595]] [ 0.00283105]
910 0.0 128.842010498 [[ 0.40506934  0.53639254]] [ 0.0028275]
911 0.0 128.834716797 [[ 0.40506601  0.5361955 ]] [ 0.00283346]
912 0.0 128.809783936 [[ 0.40529496  0.53604534]] [ 0.00282082]
913 0.0 128.832199097 [[ 0.40512942  0.53613088]] [ 0.00282843]
914 0.0 128.850601196 [[ 0.40525954  0.53604039]] [ 0.00282332]
915 0.0 128.841491699 [[ 0.4053367   0.53567382]] [ 0.00282999]
916 0.0 128.821472168 [[ 0.40529025  0.53563436]] [ 0.00283111]
917 0.0 128.828231812 [[ 0.4051937   0.53570026]] [ 0.00283543]
918 0.0 128.847961426 [[ 0.40536901  0.53572871]] [ 0.00282289]
919 0.0 128.852020264 [[ 0.40532595  0.53562408]] [ 0.0028266]
920 0.0 128.849441528 [[ 0.40519143  0.53578421]] [ 0.00282692]
921 0.0 128.859924316 [[ 0.40517815  0.53579063]] [ 0.00282751]
922 0.0 128.859237671 [[ 0.40517006  0.5356681 ]] [ 0.00283099]
923 0.0 128.869827271 [[ 0.40510522  0.53580452]] [ 0.00282586]
924 0.0 128.845809937 [[ 0.40480824  0.53593707]] [ 0.00283966]
925 0.0 128.857940674 [[ 0.40486434  0.53582809]] [ 0.00284068]
926 0.0 128.807525635 [[ 0.40467755  0.53618754]] [ 0.00283349]
927 0.0 128.84487915 [[ 0.40463247  0.53607234]] [ 0.00284092]
928 0.0 128.86555481 [[ 0.40455029  0.5360825 ]] [ 0.0028455]
929 0.0 128.84954834 [[ 0.40454525  0.5362026 ]] [ 0.00284167]
930 0.0 128.829742432 [[ 0.40464489  0.53616309]] [ 0.00282988]
931 0.0 128.844116211 [[ 0.40463706  0.53608678]] [ 0.00282983]
932 0.0 128.867050171 [[ 0.40451894  0.53622935]] [ 0.00283208]
933 0.0 128.795974731 [[ 0.40449047  0.53634094]] [ 0.00282539]
934 0.0 128.807693481 [[ 0.40439522  0.5363988 ]] [ 0.0028274]
935 0.0 128.815750122 [[ 0.40429325  0.53640027]] [ 0.00283526]
936 0.0 128.850219727 [[ 0.40447853  0.53635436]] [ 0.00282031]
937 0.0 128.832580566 [[ 0.40435822  0.5362655 ]] [ 0.00282951]
938 0.0 128.851913452 [[ 0.40446363  0.53595439]] [ 0.00283127]
939 0.0 128.890136719 [[ 0.40453305  0.5361931 ]] [ 0.00281759]
940 0.0 128.86177063 [[ 0.40432591  0.53632828]] [ 0.00282234]
941 0.0 128.885177612 [[ 0.40429091  0.53643925]] [ 0.00281728]
942 0.0 128.857330322 [[ 0.40407959  0.536881  ]] [ 0.0028094]
943 0.0 128.865890503 [[ 0.40400734  0.53709288]] [ 0.00280424]
944 0.0 128.861419678 [[ 0.4037384   0.53698238]] [ 0.0028221]
945 0.0 128.905853271 [[ 0.40376793  0.53692068]] [ 0.00282562]
946 0.0 128.914199829 [[ 0.40354345  0.53694801]] [ 0.00283324]
947 0.0 128.863037109 [[ 0.40353474  0.53747503]] [ 0.00280816]
948 0.0 128.821502686 [[ 0.40357217  0.53737778]] [ 0.00280843]
949 0.0 128.791870117 [[ 0.4035524   0.53720536]] [ 0.00281569]
950 0.0 128.778213501 [[ 0.40346485  0.53710258]] [ 0.00282406]
951 0.0 128.84928894 [[ 0.40358874  0.53708494]] [ 0.00281239]
952 0.0 128.816131592 [[ 0.40374749  0.53686154]] [ 0.00281047]
953 0.0 128.807189941 [[ 0.40377753  0.53641767]] [ 0.00282479]
954 0.0 128.810928345 [[ 0.40378342  0.53648488]] [ 0.00282296]
955 0.0 128.785827637 [[ 0.40378756  0.53650966]] [ 0.00281712]
956 0.0 128.801635742 [[ 0.40376648  0.53657855]] [ 0.00281282]
957 0.0 128.846389771 [[ 0.4035382   0.53671356]] [ 0.0028236]
958 0.0 128.854385376 [[ 0.40366633  0.53658824]] [ 0.00281689]
959 0.0 128.84185791 [[ 0.40360758  0.53615747]] [ 0.00283829]
960 0.0 128.817993164 [[ 0.40370894  0.53629062]] [ 0.00282574]
961 0.0 128.837661743 [[ 0.40364167  0.5363849 ]] [ 0.00282291]
962 0.0 128.866897583 [[ 0.40370656  0.53625696]] [ 0.00281858]
963 0.0 128.8409729 [[ 0.4035821   0.53624018]] [ 0.00282913]
964 0.0 128.77293396 [[ 0.40368678  0.53589951]] [ 0.00283574]
965 0.0 128.80178833 [[ 0.40382439  0.53592675]] [ 0.0028217]
966 0.0 128.819015503 [[ 0.40362947  0.53615552]] [ 0.00282426]
967 0.0 128.850036621 [[ 0.40340197  0.53596918]] [ 0.00284781]
968 0.0 128.871398926 [[ 0.40344924  0.53616671]] [ 0.00283588]
969 0.0 128.785430908 [[ 0.40344436  0.53613005]] [ 0.00283613]
970 0.0 128.788101196 [[ 0.40360659  0.53618694]] [ 0.00282085]
971 0.0 128.818557739 [[ 0.40353594  0.53604956]] [ 0.00282592]
972 0.0 128.819091797 [[ 0.40367526  0.5360456 ]] [ 0.00281772]
973 0.0 128.873016357 [[ 0.40359055  0.5357555 ]] [ 0.00283175]
974 0.0 128.931640625 [[ 0.40368259  0.53569068]] [ 0.00282846]
975 0.0 128.884613037 [[ 0.40358116  0.53554063]] [ 0.0028424]
976 0.0 128.828399658 [[ 0.40361554  0.53554156]] [ 0.00283844]
977 0.0 128.896270752 [[ 0.40363791  0.5354803 ]] [ 0.0028365]
978 0.0 128.835922241 [[ 0.40371217  0.53554465]] [ 0.00282331]
979 0.0 128.845962524 [[ 0.40360861  0.53546326]] [ 0.00283513]
980 0.0 128.856567383 [[ 0.40372639  0.53529199]] [ 0.00283459]
981 0.0 128.821899414 [[ 0.40370208  0.53542707]] [ 0.00282416]
982 0.0 128.814056396 [[ 0.40362649  0.53541714]] [ 0.00283305]
983 0.0 128.832275391 [[ 0.40346615  0.53528628]] [ 0.00284529]
984 0.0 128.843490601 [[ 0.40330361  0.5356471 ]] [ 0.00283985]
985 0.0 128.839172363 [[ 0.40340303  0.53598429]] [ 0.00281525]
986 0.0 128.81149292 [[ 0.40344616  0.53589912]] [ 0.00281617]
987 0.0 128.826263428 [[ 0.40340406  0.536021  ]] [ 0.00281293]
988 0.0 128.784637451 [[ 0.40331893  0.53574094]] [ 0.00283347]
989 0.0 128.821594238 [[ 0.40323429  0.53597314]] [ 0.00282403]
990 0.0 128.85508728 [[ 0.40312995  0.53597327]] [ 0.00282894]
991 0.0 128.791549683 [[ 0.40316984  0.53580347]] [ 0.0028326]
992 0.0 128.809875488 [[ 0.40308987  0.53595835]] [ 0.00282909]
993 0.0 128.829940796 [[ 0.40314326  0.53581956]] [ 0.00283148]
994 0.0 128.845108032 [[ 0.40325455  0.53581151]] [ 0.0028187]
995 0.0 128.869415283 [[ 0.4032708  0.5360996]] [ 0.00280551]
996 0.0 128.856201172 [[ 0.40333809  0.53582537]] [ 0.00280861]
997 0.0 128.811187744 [[ 0.40310123  0.53563295]] [ 0.00283092]
998 0.0 128.839950562 [[ 0.40317551  0.53584211]] [ 0.00281423]
999 0.0 128.812011719 [[ 0.40281503  0.53605553]] [ 0.00283089]
creating pickled numpy output
wrote pickled numpy output
Final validation loss
garray(128.7965545654297)
Final test loss
garray(129.77500915527344)
Final estimated test NLL
127.274264046
Theano: Initializing cuBLAS
