compiled score function
Old best loss
garray(130.62295532226562)
Compiled loss functions
0 127.944473267 130.646560669
1 127.902458191 130.6769104
2 127.812477112 130.637390137
3 127.872245789 130.615615845
4 127.881744385 130.636779785
5 127.8853302 130.659240723
6 127.969779968 130.620742798
7 127.918304443 130.694625854
8 127.923439026 130.656539917
9 127.843482971 130.608047485
10 127.921455383 130.752548218
11 127.952629089 130.723999023
12 127.935974121 130.578765869
13 127.894317627 130.656234741
14 127.924385071 130.613540649
15 127.933616638 130.670776367
16 127.923667908 130.658508301
17 127.946426392 130.640167236
18 127.894233704 130.628128052
19 127.881019592 130.626434326
20 127.8854599 130.693695068
21 127.894699097 130.69090271
22 127.938858032 130.680831909
23 127.755653381 130.61907959
24 127.882667542 130.763427734
25 127.941413879 130.667861938
26 127.844673157 130.759902954
27 127.882705688 130.661315918
28 127.921554565 130.641586304
29 127.840499878 130.627029419
30 127.982467651 130.711685181
31 127.845153809 130.630096436
32 128.021972656 130.658401489
33 127.863929749 130.70715332
34 127.890335083 130.730133057
35 127.832244873 130.647888184
36 127.926773071 130.669036865
37 127.828926086 130.603164673
38 127.81728363 130.578140259
39 127.957580566 130.59854126
40 127.918457031 130.571578979
41 127.919219971 130.592773438
42 127.940910339 130.633789062
43 127.800018311 130.610519409
44 128.000839233 130.742874146
45 127.930488586 130.651153564
46 127.902534485 130.689483643
47 127.847175598 130.72567749
48 127.848129272 130.828765869
49 127.934677124 130.787521362
50 127.903305054 130.737060547
51 127.908866882 130.76789856
52 127.950653076 130.769515991
53 127.877128601 130.748321533
54 127.936386108 130.73274231
55 127.817779541 130.72416687
56 127.916343689 130.800552368
57 127.999389648 130.716629028
58 127.885177612 130.659194946
59 127.84336853 130.657730103
60 127.98235321 130.69758606
61 127.93686676 130.747390747
62 127.870849609 130.769577026
63 127.848594666 130.724014282
64 127.904060364 130.78364563
65 127.982933044 130.790115356
66 127.864959717 130.792663574
67 127.8854599 130.707839966
68 127.955718994 130.837417603
69 127.833839417 130.721191406
70 127.952636719 130.709701538
71 127.873390198 130.773910522
72 128.023696899 130.768325806
73 127.817100525 130.65864563
74 127.945999146 130.655059814
75 127.881996155 130.676361084
76 127.896133423 130.624710083
77 127.847053528 130.647033691
78 127.962799072 130.690795898
79 127.837478638 130.619628906
80 127.914558411 130.645233154
81 127.786514282 130.702804565
82 127.853363037 130.629226685
83 127.985847473 130.675765991
84 127.828025818 130.632080078
85 127.974807739 130.60269165
86 127.86491394 130.598434448
87 127.884239197 130.596725464
88 127.872634888 130.629394531
89 127.921836853 130.613647461
90 127.867538452 130.629165649
91 127.924697876 130.682800293
92 127.908576965 130.636413574
93 127.858360291 130.672485352
94 127.97052002 130.694961548
95 127.883453369 130.619262695
96 127.936309814 130.648651123
97 127.885047913 130.570541382
98 127.92351532 130.604049683
99 127.846725464 130.594451904
100 127.84173584 130.612045288
101 127.873893738 130.63180542
102 127.869499207 130.607574463
103 127.852989197 130.799530029
104 127.89087677 130.73097229
105 127.926368713 130.719741821
106 127.897949219 130.697570801
107 127.872276306 130.688491821
108 127.888717651 130.672714233
109 127.900543213 130.662445068
110 127.955459595 130.650177002
111 127.907447815 130.659500122
112 127.896743774 130.685302734
113 127.915298462 130.68057251
114 127.8565979 130.744796753
115 127.852073669 130.609954834
116 127.943893433 130.747619629
117 127.909454346 130.676864624
118 127.910125732 130.801986694
119 127.852027893 130.678253174
120 127.909599304 130.713745117
121 127.934524536 130.714736938
122 127.932060242 130.679672241
123 127.86378479 130.628341675
124 127.921325684 130.627319336
125 127.962684631 130.648864746
126 127.776947021 130.694702148
127 127.902099609 130.695526123
128 127.903953552 130.661987305
129 127.890609741 130.635742188
130 127.822090149 130.704345703
131 127.902397156 130.642227173
132 127.894203186 130.636703491
133 127.810997009 130.666641235
134 127.902175903 130.666259766
135 127.849304199 130.599319458
136 127.92539978 130.698608398
137 127.907775879 130.673446655
138 127.871658325 130.734161377
139 127.838119507 130.648849487
140 127.80292511 130.713287354
141 127.907829285 130.637619019
142 127.805908203 130.729400635
143 127.751373291 130.702270508
144 127.901939392 130.714401245
145 127.901893616 130.659683228
146 127.875495911 130.711715698
147 127.860046387 130.782165527
148 127.852920532 130.787185669
149 127.832878113 130.682601929
150 127.85773468 130.721939087
151 127.944869995 130.635391235
152 127.953804016 130.612304688
153 127.935974121 130.682556152
154 127.939254761 130.671554565
155 127.840034485 130.672988892
156 127.895256042 130.716583252
157 127.872955322 130.668289185
158 127.895195007 130.675216675
159 127.825508118 130.705703735
160 127.835403442 130.674026489
161 127.871116638 130.647659302
162 127.915466309 130.602828979
163 127.882080078 130.685089111
164 127.836654663 130.650253296
165 127.841758728 130.622665405
166 127.822753906 130.742141724
167 127.824615479 130.72567749
168 127.832397461 130.684158325
169 127.786598206 130.718902588
170 127.88609314 130.704376221
171 127.902618408 130.73890686
172 127.894889832 130.740127563
173 127.77671814 130.789077759
174 127.837646484 130.744750977
175 127.833763123 130.790313721
176 127.858726501 130.778839111
177 127.848930359 130.838851929
178 127.829544067 130.721252441
179 127.929595947 130.778579712
180 127.830986023 130.804489136
181 127.888824463 130.761642456
182 127.83921051 130.757232666
183 127.834640503 130.743225098
184 127.884925842 130.756103516
185 127.858917236 130.707611084
186 127.879508972 130.804214478
187 127.831459045 130.783889771
188 127.864028931 130.826721191
189 127.871635437 130.798950195
190 127.879943848 130.840423584
191 127.846229553 130.827270508
192 127.884300232 130.746795654
193 127.959594727 130.789306641
194 127.856315613 130.791763306
195 127.823425293 130.735961914
196 127.872810364 130.776245117
197 127.81829834 130.744064331
198 127.881896973 130.757125854
199 127.916168213 130.779144287
200 127.854347229 130.676635742
201 127.837799072 130.684127808
202 127.973045349 130.749694824
203 127.85760498 130.739517212
204 127.956924438 130.689956665
205 127.841964722 130.744689941
206 127.848495483 130.755493164
207 127.769035339 130.718414307
208 127.923828125 130.7681427
209 127.847229004 130.642852783
210 127.842636108 130.736053467
211 127.803573608 130.69569397
212 127.869117737 130.759216309
213 127.854728699 130.718643188
214 127.83568573 130.691268921
215 127.897880554 130.63722229
216 127.912063599 130.718688965
217 127.930778503 130.665512085
218 127.925819397 130.698318481
219 127.828948975 130.618041992
220 127.844596863 130.678146362
221 127.849113464 130.594177246
222 127.921539307 130.698410034
223 127.816833496 130.652374268
224 127.932144165 130.640609741
225 127.786384583 130.569396973
226 127.891136169 130.620910645
227 127.849967957 130.629745483
228 127.892990112 130.688232422
229 127.839378357 130.634887695
230 127.912384033 130.657348633
231 127.851959229 130.605758667
232 127.884628296 130.642669678
233 127.911598206 130.665298462
234 127.920768738 130.593688965
235 127.789176941 130.575942993
236 127.901924133 130.649749756
237 127.874176025 130.658569336
238 127.836296082 130.594100952
239 127.82068634 130.627746582
240 127.860847473 130.574905396
241 127.865745544 130.647140503
242 127.817657471 130.620666504
243 127.86870575 130.687774658
244 127.722389221 130.654815674
245 127.781356812 130.701034546
246 127.825393677 130.807800293
247 127.835968018 130.766769409
248 127.840995789 130.712463379
249 127.847236633 130.776748657
250 127.780677795 130.701675415
251 127.826210022 130.624038696
252 127.881546021 130.645950317
253 127.855369568 130.682937622
254 127.826004028 130.680709839
255 127.829208374 130.739746094
256 127.789344788 130.708190918
257 127.781776428 130.613067627
258 127.832855225 130.710998535
259 127.809577942 130.675323486
260 127.82736969 130.705184937
261 127.812294006 130.679519653
262 127.82976532 130.814758301
263 127.866485596 130.705123901
264 127.818115234 130.752731323
265 127.796783447 130.677978516
266 127.867469788 130.722229004
267 127.899185181 130.734161377
268 127.824996948 130.701965332
269 127.827789307 130.767868042
270 127.848556519 130.721633911
271 127.804885864 130.703491211
272 127.769706726 130.667495728
273 127.85609436 130.682983398
274 127.888908386 130.660858154
275 127.750183105 130.695907593
276 127.901344299 130.677841187
277 127.839073181 130.692703247
278 127.836517334 130.712753296
279 127.813995361 130.691436768
280 127.887817383 130.638977051
281 127.729423523 130.724578857
282 127.852470398 130.708816528
283 127.848197937 130.689804077
284 127.857063293 130.781021118
285 127.901847839 130.704864502
286 127.81855011 130.705291748
287 127.835098267 130.680419922
288 127.825233459 130.701065063
289 127.867256165 130.621078491
290 127.870826721 130.716766357
291 127.901817322 130.63470459
292 127.806938171 130.705383301
293 127.820678711 130.66192627
294 127.780197144 130.677764893
295 127.887489319 130.61630249
296 127.84563446 130.725128174
297 127.81211853 130.69329834
298 127.8695755 130.768768311
299 127.75226593 130.734039307
300 127.796104431 130.748291016
301 127.896484375 130.754669189
302 127.83807373 130.648849487
303 127.900688171 130.655166626
304 127.88053894 130.751586914
305 127.938018799 130.665405273
306 127.80039978 130.727966309
307 127.850616455 130.726501465
308 127.793968201 130.708877563
309 127.884346008 130.733062744
310 127.8490448 130.742843628
311 127.853805542 130.760971069
312 127.812149048 130.730102539
313 127.818519592 130.631958008
314 127.928344727 130.721786499
315 127.815795898 130.676818848
316 127.814468384 130.634002686
317 127.817848206 130.672698975
318 127.818687439 130.744308472
319 127.87865448 130.830001831
320 127.804199219 130.720367432
321 127.823509216 130.712844849
322 127.841537476 130.77053833
323 127.746055603 130.751220703
324 127.904930115 130.731536865
325 127.821937561 130.679260254
326 127.870117188 130.711898804
327 127.838127136 130.640426636
328 127.790855408 130.658233643
329 127.803649902 130.596069336
330 127.82019043 130.655502319
331 127.850166321 130.690063477
332 127.8048172 130.638412476
333 127.844314575 130.643844604
334 127.855583191 130.628265381
335 127.858978271 130.669464111
336 127.871330261 130.698654175
337 127.858528137 130.622634888
338 127.890975952 130.5730896
339 127.900009155 130.638839722
340 127.870315552 130.678497314
341 127.829803467 130.609039307
342 127.846763611 130.612030029
343 127.882385254 130.571517944
344 127.779968262 130.673980713
345 127.806564331 130.660263062
346 127.843383789 130.516799927
347 127.851860046 130.575241089
348 127.838294983 130.658981323
349 127.808746338 130.579269409
350 127.78427887 130.572814941
351 127.812973022 130.656860352
352 127.845169067 130.679229736
353 127.805648804 130.705749512
354 127.82232666 130.7081604
355 127.893257141 130.670333862
356 127.825469971 130.637481689
357 127.889335632 130.637878418
358 127.837860107 130.70930481
359 127.883979797 130.697601318
360 127.792068481 130.661026001
361 127.882026672 130.64944458
362 127.86655426 130.656585693
363 127.808006287 130.646957397
364 127.885177612 130.685897827
365 127.855186462 130.668716431
366 127.81942749 130.649841309
367 128.008911133 130.619979858
368 127.946128845 130.642349243
369 127.878707886 130.60218811
370 127.815155029 130.63734436
371 127.769348145 130.639022827
372 127.889343262 130.652374268
373 127.854568481 130.635955811
374 127.851890564 130.695999146
375 127.859687805 130.59664917
376 127.845527649 130.608520508
377 127.814178467 130.619003296
378 127.858848572 130.571807861
379 127.850845337 130.560562134
380 127.78691864 130.612365723
381 127.841827393 130.670684814
382 127.837623596 130.617599487
383 127.709846497 130.588943481
384 127.850326538 130.590148926
385 127.890167236 130.612365723
386 127.774909973 130.573486328
387 127.853515625 130.555770874
388 127.767356873 130.556091309
389 127.766723633 130.643432617
390 127.882469177 130.569824219
391 127.801544189 130.602828979
392 127.814567566 130.594650269
393 127.864837646 130.608322144
394 127.753189087 130.561553955
395 127.775817871 130.583740234
396 127.784385681 130.664413452
397 127.9165802 130.641525269
398 127.828186035 130.53894043
399 127.857513428 130.524353027
400 127.8020401 130.609832764
401 127.863449097 130.587081909
402 127.824615479 130.649246216
403 127.876586914 130.670166016
404 127.827583313 130.687316895
405 127.831329346 130.703094482
406 127.860107422 130.667129517
407 127.856925964 130.643264771
408 127.781707764 130.666152954
409 127.806259155 130.629669189
410 127.81451416 130.601516724
411 127.768104553 130.63899231
412 127.90296936 130.604217529
413 127.831970215 130.613861084
414 127.782836914 130.627960205
415 127.925949097 130.60975647
416 127.883094788 130.610977173
417 127.85660553 130.577697754
418 127.803466797 130.644866943
419 127.881256104 130.604095459
420 127.799575806 130.503997803
421 127.865653992 130.639541626
422 127.80443573 130.59526062
423 127.786346436 130.635284424
424 127.831085205 130.711273193
425 127.783126831 130.599212646
426 127.850799561 130.685531616
427 127.855796814 130.624481201
428 127.848953247 130.673141479
429 127.858306885 130.62802124
430 127.878433228 130.663299561
431 127.859733582 130.624099731
432 127.823448181 130.640182495
433 127.887893677 130.622894287
434 127.81427002 130.612503052
435 127.858924866 130.675186157
436 127.807418823 130.608200073
437 127.884277344 130.592773438
438 127.814498901 130.592102051
439 127.836448669 130.529769897
440 127.79876709 130.646987915
441 127.920288086 130.681854248
442 127.838287354 130.731491089
443 127.820808411 130.674804688
444 127.783607483 130.716156006
445 127.845344543 130.680389404
446 127.89515686 130.658966064
447 127.849525452 130.690475464
448 127.890304565 130.786499023
449 127.788154602 130.710037231
450 127.87046051 130.687850952
451 127.77759552 130.715087891
452 127.812149048 130.646591187
453 127.86882782 130.695953369
454 127.851623535 130.631072998
455 127.834396362 130.691925049
456 127.859909058 130.688781738
457 127.862129211 130.600814819
458 127.81401825 130.695877075
459 127.867645264 130.662261963
460 127.922058105 130.70362854
461 127.919616699 130.679458618
462 127.877685547 130.752502441
463 127.848930359 130.689575195
464 127.934280396 130.721847534
465 127.827064514 130.68157959
466 127.717483521 130.616500854
467 127.862358093 130.715148926
468 127.755836487 130.703994751
469 127.810134888 130.767089844
470 127.834144592 130.732315063
471 127.849822998 130.694351196
472 127.860908508 130.641586304
473 127.80329895 130.672973633
474 127.844734192 130.614044189
475 127.836196899 130.598571777
476 127.85370636 130.58795166
477 127.848007202 130.607330322
478 127.870300293 130.653289795
479 127.91129303 130.596115112
480 127.857818604 130.650482178
481 127.798744202 130.623657227
482 127.822906494 130.691223145
483 127.776123047 130.64201355
484 127.764709473 130.656204224
485 127.812736511 130.664367676
486 127.843727112 130.651153564
487 127.82774353 130.596313477
488 127.906967163 130.568328857
489 127.891387939 130.592651367
490 127.787025452 130.595306396
491 127.860877991 130.602722168
492 127.913024902 130.658737183
493 127.799835205 130.660552979
494 127.852325439 130.67427063
495 127.835723877 130.673690796
496 127.863586426 130.63168335
497 127.809394836 130.684555054
498 127.94519043 130.665054321
499 127.906227112 130.641937256
500 127.820129395 130.631454468
501 127.785499573 130.636352539
502 127.889923096 130.679336548
503 127.850196838 130.665878296
504 127.796226501 130.655227661
505 127.856208801 130.618942261
506 127.793228149 130.654174805
507 127.912658691 130.691726685
508 127.819046021 130.682357788
509 127.866844177 130.756958008
510 127.85861969 130.642120361
511 127.771995544 130.650848389
512 127.849098206 130.600265503
513 127.815910339 130.610794067
514 127.794998169 130.646728516
515 127.838577271 130.701919556
516 127.796173096 130.702728271
517 127.799346924 130.606704712
518 127.834487915 130.622329712
519 127.857887268 130.684173584
520 127.814590454 130.620544434
521 127.826019287 130.624908447
522 127.722236633 130.654281616
523 127.824859619 130.691635132
524 127.837715149 130.664321899
525 127.81073761 130.672775269
526 127.836997986 130.624252319
527 127.898124695 130.704971313
528 127.811225891 130.728408813
529 127.851158142 130.679077148
530 127.78527832 130.683578491
531 127.797538757 130.649887085
532 127.834968567 130.736862183
533 127.871932983 130.725097656
534 127.81816864 130.682983398
535 127.834465027 130.706161499
536 127.774917603 130.740844727
537 127.797309875 130.812728882
538 127.875259399 130.748062134
539 127.846855164 130.815551758
540 127.778587341 130.827148438
541 127.76675415 130.774581909
542 127.778144836 130.822998047
543 127.805259705 130.763748169
544 127.832870483 130.767929077
545 127.878097534 130.776489258
546 127.825714111 130.789855957
547 127.898643494 130.750946045
548 127.879226685 130.718231201
549 127.789855957 130.754348755
550 127.800018311 130.699066162
551 127.788276672 130.618225098
552 127.84197998 130.65057373
553 127.868003845 130.683822632
554 127.867889404 130.781738281
555 127.86428833 130.679962158
556 127.907714844 130.673660278
557 127.791160583 130.739929199
558 127.817253113 130.740966797
559 127.828056335 130.634963989
560 127.850257874 130.727798462
561 127.817497253 130.698532104
562 127.861747742 130.680252075
563 127.927703857 130.704727173
564 127.876777649 130.682952881
565 127.844779968 130.721038818
566 127.869033813 130.619094849
567 127.864318848 130.666641235
568 127.84375 130.635192871
569 127.859695435 130.652740479
570 127.822814941 130.746551514
571 127.815246582 130.709289551
572 127.799697876 130.700653076
573 127.875228882 130.646942139
574 127.802688599 130.691879272
575 127.844177246 130.688674927
576 127.89831543 130.643127441
577 127.829696655 130.6615448
578 127.842590332 130.647125244
579 127.889755249 130.64666748
580 127.868164062 130.663299561
581 127.840377808 130.613754272
582 127.789093018 130.639770508
583 127.825569153 130.673583984
584 127.85370636 130.689483643
585 127.729278564 130.66998291
586 127.863937378 130.69909668
587 127.77204895 130.802597046
588 127.861328125 130.774780273
589 127.808494568 130.694488525
590 127.836090088 130.727828979
591 127.821304321 130.790786743
592 127.877593994 130.680465698
593 127.836387634 130.673599243
594 127.768959045 130.69392395
595 127.82975769 130.715316772
596 127.878959656 130.6534729
597 127.800765991 130.700149536
598 127.818954468 130.690246582
599 127.860107422 130.659790039
600 127.83417511 130.710571289
601 127.837860107 130.841842651
602 127.901496887 130.777084351
603 127.742118835 130.776809692
604 127.922515869 130.789428711
605 127.849716187 130.752502441
606 127.814155579 130.689559937
607 127.900695801 130.787384033
608 127.832633972 130.748428345
609 127.780548096 130.711898804
610 127.865585327 130.681259155
611 127.832015991 130.598800659
612 127.775756836 130.623916626
613 127.818817139 130.622970581
614 127.757118225 130.660125732
615 127.885658264 130.659439087
616 127.812667847 130.700164795
617 127.791557312 130.700088501
618 127.7657547 130.702102661
619 127.789466858 130.762237549
620 127.864990234 130.716522217
621 127.860954285 130.706695557
622 127.802375793 130.630996704
623 127.802574158 130.663162231
624 127.796867371 130.702590942
625 127.809829712 130.625106812
626 127.795326233 130.639312744
627 127.779640198 130.668151855
628 127.923500061 130.589569092
629 127.858406067 130.579772949
630 127.853744507 130.621765137
631 127.780136108 130.671966553
632 127.786514282 130.683013916
633 127.842544556 130.665878296
634 127.784118652 130.744369507
635 127.781219482 130.714813232
636 127.751983643 130.687286377
637 127.747146606 130.634674072
638 127.829338074 130.625137329
639 127.790527344 130.643539429
640 127.766815186 130.62159729
641 127.829597473 130.662078857
642 127.870254517 130.682632446
643 127.907173157 130.575378418
644 127.885307312 130.693054199
645 127.888023376 130.795455933
646 127.760848999 130.668365479
647 127.739334106 130.671478271
648 127.867935181 130.699691772
649 127.869873047 130.680252075
650 127.886703491 130.712677002
651 127.863098145 130.628845215
652 127.872123718 130.603866577
653 127.870727539 130.627655029
654 127.784454346 130.750732422
655 127.696578979 130.649703979
656 127.707359314 130.734939575
657 127.774597168 130.732086182
658 127.802528381 130.798965454
659 127.73865509 130.766616821
660 127.888710022 130.786102295
661 127.867584229 130.755554199
662 127.812423706 130.808425903
663 127.805473328 130.67666626
664 127.823249817 130.681427002
665 127.869384766 130.588317871
666 127.788314819 130.66027832
667 127.842559814 130.662506104
668 127.807060242 130.704772949
669 127.839263916 130.724533081
670 127.884048462 130.714508057
671 127.791366577 130.737228394
672 127.800216675 130.630096436
673 127.816307068 130.620986938
674 127.75528717 130.568084717
675 127.841186523 130.628295898
676 127.85345459 130.613830566
677 127.860588074 130.641586304
678 127.777938843 130.667877197
679 127.85382843 130.636886597
680 127.86290741 130.560470581
681 127.770805359 130.506271362
682 127.756439209 130.579040527
683 127.827438354 130.554107666
684 127.801933289 130.51864624
685 127.766494751 130.628540039
686 127.790763855 130.604827881
687 127.790245056 130.607070923
688 127.763969421 130.691726685
689 127.898674011 130.605438232
690 127.833068848 130.59526062
691 127.771568298 130.663650513
692 127.772140503 130.705200195
693 127.867126465 130.645645142
694 127.784675598 130.647064209
695 127.877868652 130.672027588
696 127.795722961 130.711044312
697 127.815536499 130.686889648
698 127.77482605 130.714050293
699 127.799247742 130.709747314
700 127.751464844 130.663497925
701 127.836868286 130.679946899
702 127.724822998 130.728759766
703 127.785926819 130.712219238
704 127.751296997 130.66885376
705 127.87978363 130.682739258
706 127.844009399 130.67276001
707 127.778327942 130.711761475
708 127.771827698 130.721405029
709 127.741920471 130.675689697
710 127.767936707 130.718566895
711 127.771018982 130.660614014
712 127.754928589 130.669952393
713 127.770858765 130.665359497
714 127.825439453 130.573226929
715 127.780540466 130.640350342
716 127.835578918 130.699630737
717 127.72681427 130.684356689
718 127.840179443 130.728988647
719 127.770874023 130.738494873
720 127.799873352 130.733093262
721 127.75164032 130.75958252
722 127.763404846 130.72102356
723 127.80506897 130.690765381
724 127.793197632 130.809082031
725 127.748886108 130.758255005
726 127.841423035 130.763687134
727 127.825218201 130.740707397
728 127.854515076 130.688278198
729 127.795700073 130.632263184
730 127.711738586 130.669616699
731 127.720787048 130.647705078
732 127.84488678 130.661453247
733 127.802597046 130.738723755
734 127.860099792 130.661102295
735 127.835494995 130.702026367
736 127.789833069 130.67376709
737 127.823348999 130.59211731
738 127.76587677 130.559509277
739 127.759399414 130.617370605
740 127.815574646 130.616027832
741 127.736808777 130.621063232
742 127.815589905 130.613021851
743 127.810455322 130.664657593
744 127.731658936 130.767089844
745 127.797798157 130.775253296
746 127.798477173 130.69581604
747 127.853317261 130.692382812
748 127.811607361 130.68309021
749 127.758140564 130.607040405
750 127.874168396 130.608474731
751 127.84967041 130.619567871
752 127.842674255 130.689468384
753 127.733070374 130.645584106
754 127.802108765 130.650054932
755 127.862815857 130.637664795
756 127.744377136 130.623291016
757 127.776123047 130.662597656
758 127.794395447 130.600387573
759 127.834228516 130.653015137
760 127.766799927 130.699539185
761 127.721343994 130.611358643
762 127.859054565 130.612121582
763 127.841918945 130.657897949
764 127.774749756 130.6746521
765 127.808868408 130.674758911
766 127.78263855 130.63269043
767 127.750396729 130.726348877
768 127.76322937 130.634857178
769 127.845245361 130.659103394
770 127.784629822 130.686920166
771 127.730270386 130.702636719
772 127.756378174 130.653549194
773 127.845283508 130.633178711
774 127.843925476 130.55178833
775 127.79574585 130.616424561
776 127.743278503 130.651916504
777 127.747055054 130.696411133
778 127.808135986 130.691772461
779 127.772270203 130.712005615
780 127.860107422 130.67098999
781 127.745925903 130.841003418
782 127.779647827 130.697143555
783 127.759269714 130.689071655
784 127.750236511 130.639755249
785 127.775733948 130.666595459
786 127.694839478 130.75718689
787 127.776123047 130.721282959
788 127.701728821 130.724060059
789 127.768333435 130.725891113
790 127.771369934 130.76612854
791 127.805839539 130.736465454
792 127.738510132 130.754440308
793 127.847434998 130.784484863
794 127.710594177 130.684524536
795 127.775276184 130.767227173
796 127.828056335 130.682540894
797 127.720024109 130.746810913
798 127.781394958 130.68421936
799 127.778747559 130.715866089
800 127.722167969 130.885559082
801 127.807800293 130.722518921
802 127.751068115 130.733474731
803 127.782363892 130.743301392
804 127.69783783 130.727874756
805 127.791870117 130.741165161
806 127.720046997 130.738265991
807 127.743217468 130.722488403
808 127.755020142 130.749465942
809 127.784767151 130.857330322
810 127.797973633 130.733428955
811 127.798713684 130.844696045
812 127.845687866 130.778610229
813 127.676460266 130.78717041
814 127.727539062 130.827148438
815 127.779945374 130.741821289
816 127.748069763 130.780151367
817 127.797134399 130.72354126
818 127.769859314 130.702514648
819 127.776298523 130.762390137
820 127.811973572 130.703353882
821 127.767837524 130.778762817
822 127.828437805 130.779342651
823 127.79725647 130.772003174
824 127.73374939 130.733078003
825 127.621635437 130.738189697
826 127.766159058 130.734710693
827 127.722816467 130.677429199
828 127.734413147 130.670669556
829 127.604644775 130.675354004
830 127.75806427 130.721328735
831 127.829185486 130.664123535
832 127.765480042 130.746582031
833 127.800674438 130.725921631
834 127.76008606 130.76159668
835 127.746406555 130.677429199
836 127.835578918 130.725494385
837 127.762619019 130.641525269
838 127.702278137 130.648971558
839 127.768676758 130.684249878
840 127.699523926 130.628005981
841 127.764808655 130.609313965
842 127.846496582 130.649581909
843 127.78792572 130.644058228
844 127.774597168 130.624435425
845 127.859519958 130.635360718
846 127.766166687 130.682632446
847 127.780380249 130.651428223
848 127.692504883 130.683578491
849 127.768814087 130.668487549
850 127.766525269 130.694946289
851 127.810073853 130.664596558
852 127.760978699 130.659790039
853 127.792289734 130.6690979
854 127.697868347 130.607345581
855 127.799224854 130.683059692
856 127.818153381 130.724090576
857 127.788795471 130.747848511
858 127.713287354 130.750946045
859 127.674957275 130.626968384
860 127.796104431 130.667144775
861 127.780235291 130.668777466
862 127.828643799 130.683303833
863 127.892936707 130.715484619
864 127.737037659 130.657730103
865 127.836967468 130.738876343
866 127.722198486 130.752349854
867 127.790023804 130.741744995
868 127.795646667 130.653106689
869 127.743186951 130.744689941
870 127.716873169 130.698364258
871 127.731399536 130.663787842
872 127.736869812 130.65322876
873 127.764778137 130.64352417
874 127.768478394 130.642822266
875 127.788917542 130.701171875
876 127.864234924 130.662536621
877 127.765525818 130.623794556
878 127.810844421 130.705078125
879 127.768829346 130.660888672
880 127.658409119 130.699203491
881 127.716545105 130.697067261
882 127.69909668 130.714172363
883 127.670974731 130.708984375
884 127.82068634 130.694351196
885 127.784759521 130.662490845
886 127.748184204 130.599075317
887 127.778160095 130.650039673
888 127.788665771 130.623428345
889 127.743545532 130.713989258
890 127.747283936 130.661117554
891 127.778610229 130.6668396
892 127.774223328 130.662689209
893 127.80431366 130.593704224
894 127.81741333 130.652526855
895 127.752838135 130.599853516
896 127.827728271 130.558364868
897 127.751350403 130.619552612
898 127.715805054 130.624694824
899 127.742675781 130.540664673
900 127.814407349 130.671218872
901 127.752548218 130.604507446
902 127.84941864 130.634552002
903 127.761138916 130.574645996
904 127.773948669 130.619049072
905 127.693817139 130.594055176
906 127.78830719 130.526367188
907 127.74041748 130.571838379
908 127.767166138 130.639694214
909 127.759239197 130.630661011
910 127.740974426 130.631515503
911 127.824134827 130.62550354
912 127.649307251 130.615402222
913 127.75302887 130.587310791
914 127.736869812 130.558792114
915 127.791740417 130.565597534
916 127.794830322 130.595977783
917 127.830024719 130.53187561
918 127.832466125 130.569610596
919 127.811683655 130.626159668
920 127.73474884 130.607391357
921 127.770599365 130.614898682
922 127.806175232 130.614883423
923 127.769340515 130.6534729
924 127.758033752 130.620040894
925 127.788909912 130.644241333
926 127.795875549 130.610778809
927 127.773933411 130.644927979
928 127.816413879 130.672973633
929 127.769813538 130.576934814
930 127.689147949 130.620315552
931 127.769889832 130.614486694
932 127.747215271 130.632476807
933 127.789039612 130.568466187
934 127.792427063 130.576278687
935 127.75856781 130.707015991
936 127.759460449 130.635314941
937 127.744224548 130.647064209
938 127.723983765 130.6199646
939 127.866378784 130.642242432
940 127.723068237 130.632003784
941 127.747337341 130.677459717
942 127.753059387 130.590316772
943 127.755989075 130.618850708
944 127.685394287 130.619949341
945 127.762886047 130.613998413
946 127.698379517 130.644561768
947 127.779258728 130.59916687
948 127.774353027 130.699630737
949 127.814346313 130.69342041
950 127.739486694 130.674621582
951 127.717605591 130.637954712
952 127.787879944 130.681747437
953 127.650596619 130.694366455
954 127.798187256 130.692077637
955 127.765304565 130.641265869
956 127.702354431 130.657211304
957 127.810096741 130.5909729
958 127.747924805 130.662216187
959 127.715507507 130.648300171
960 127.819908142 130.635375977
961 127.697433472 130.625518799
962 127.777938843 130.670761108
963 127.761604309 130.727478027
964 127.763328552 130.631759644
965 127.81375885 130.636077881
966 127.737640381 130.576705933
967 127.761940002 130.645004272
968 127.746315002 130.666244507
969 127.792106628 130.687011719
970 127.800018311 130.68598938
971 127.766609192 130.664291382
972 127.821884155 130.598480225
973 127.816703796 130.610595703
974 127.747375488 130.656341553
975 127.818367004 130.575027466
976 127.80317688 130.573898315
977 127.796707153 130.572113037
978 127.763725281 130.540863037
979 127.78817749 130.575302124
980 127.774909973 130.613372803
981 127.685096741 130.605316162
982 127.786766052 130.680145264
983 127.775146484 130.72416687
984 127.703979492 130.676300049
985 127.774688721 130.625732422
986 127.678199768 130.70098877
987 127.760398865 130.65045166
988 127.826133728 130.638534546
989 127.771026611 130.613143921
990 127.716163635 130.597320557
991 127.808609009 130.626739502
992 127.749275208 130.677841187
993 127.795097351 130.673278809
994 127.770233154 130.641815186
995 127.718933105 130.60786438
996 127.762268066 130.608840942
997 127.728904724 130.627639771
998 127.722335815 130.639297485
999 127.792030334 130.629074097
1000 127.848594666 130.585769653
1001 127.710258484 130.589660645
1002 127.652870178 130.674072266
1003 127.831230164 130.691940308
1004 127.786766052 130.661331177
1005 127.775314331 130.592697144
1006 127.792114258 130.577880859
1007 127.764709473 130.621429443
1008 127.842475891 130.616653442
1009 127.772087097 130.672790527
1010 127.730888367 130.66973877
1011 127.843727112 130.666107178
1012 127.762908936 130.611877441
1013 127.775588989 130.601577759
1014 127.807235718 130.677215576
1015 127.82661438 130.651702881
1016 127.776573181 130.601272583
1017 127.847068787 130.737014771
1018 127.746948242 130.717697144
1019 127.765518188 130.740249634
1020 127.812255859 130.638687134
1021 127.711715698 130.694656372
1022 127.791908264 130.73286438
1023 127.836158752 130.589126587
1024 127.754737854 130.735183716
1025 127.726425171 130.636703491
1026 127.77658844 130.585708618
1027 127.775947571 130.592575073
1028 127.745986938 130.53755188
1029 127.739906311 130.631500244
1030 127.792358398 130.605621338
1031 127.707847595 130.596008301
1032 127.839569092 130.543991089
1033 127.835998535 130.632614136
1034 127.794273376 130.616439819
1035 127.754257202 130.637634277
1036 127.788787842 130.708908081
1037 127.738937378 130.644348145
1038 127.809028625 130.757141113
1039 127.775444031 130.724258423
1040 127.747657776 130.667999268
1041 127.733169556 130.625366211
1042 127.715057373 130.64440918
1043 127.769744873 130.741516113
1044 127.824134827 130.743972778
1045 127.798660278 130.669265747
1046 127.684829712 130.743499756
1047 127.772369385 130.720199585
1048 127.7498703 130.7368927
1049 127.733283997 130.755966187
1050 127.742729187 130.733566284
1051 127.74243927 130.588928223
1052 127.806396484 130.646575928
1053 127.70967865 130.68170166
1054 127.842849731 130.7003479
1055 127.708755493 130.681243896
1056 127.742919922 130.638809204
1057 127.861175537 130.591629028
1058 127.752586365 130.609237671
1059 127.780670166 130.690032959
1060 127.711593628 130.694915771
1061 127.730934143 130.761962891
1062 127.829086304 130.715454102
1063 127.816635132 130.748245239
1064 127.759300232 130.658721924
1065 127.771446228 130.711090088
1066 127.877937317 130.761230469
1067 127.721168518 130.613189697
1068 127.727157593 130.592529297
1069 127.760978699 130.641571045
1070 127.779335022 130.771881104
1071 127.793479919 130.657165527
1072 127.752960205 130.679351807
1073 127.724067688 130.699127197
1074 127.757080078 130.627975464
1075 127.738693237 130.635391235
1076 127.817405701 130.572753906
1077 127.726539612 130.693099976
1078 127.748504639 130.669876099
1079 127.738189697 130.66065979
1080 127.85710907 130.743209839
1081 127.729415894 130.633056641
1082 127.765060425 130.742797852
1083 127.79523468 130.695404053
1084 127.758583069 130.693984985
1085 127.789886475 130.679885864
1086 127.742027283 130.732666016
1087 127.9167099 130.69418335
1088 127.823905945 130.697189331
1089 127.709320068 130.665466309
1090 127.760375977 130.717071533
1091 127.703948975 130.744491577
1092 127.744216919 130.73475647
1093 127.781135559 130.721923828
1094 127.704208374 130.726486206
1095 127.789413452 130.737945557
1096 127.762260437 130.634689331
1097 127.726158142 130.654754639
1098 127.706283569 130.733642578
1099 127.819595337 130.672836304
1100 127.783287048 130.736236572
1101 127.704696655 130.645767212
1102 127.72605896 130.646179199
1103 127.754997253 130.615615845
1104 127.753036499 130.662368774
1105 127.737747192 130.607711792
1106 127.749839783 130.665084839
1107 127.800514221 130.715774536
1108 127.797409058 130.718017578
1109 127.783416748 130.661087036
1110 127.778343201 130.625366211
1111 127.733085632 130.619400024
1112 127.756645203 130.665374756
1113 127.696899414 130.661178589
1114 127.709854126 130.643066406
1115 127.720947266 130.746505737
1116 127.765083313 130.641418457
1117 127.766227722 130.729125977
1118 127.729866028 130.638931274
1119 127.706283569 130.717636108
1120 127.828086853 130.683364868
1121 127.738967896 130.648635864
1122 127.712287903 130.678131104
1123 127.734283447 130.693359375
1124 127.758056641 130.667358398
1125 127.680870056 130.655487061
1126 127.807189941 130.644302368
1127 127.804893494 130.672515869
1128 127.719894409 130.704956055
1129 127.732170105 130.733825684
1130 127.769866943 130.692214966
1131 127.790534973 130.753601074
1132 127.749694824 130.676116943
1133 127.740577698 130.664718628
1134 127.77936554 130.678344727
1135 127.793014526 130.62878418
1136 127.827529907 130.689971924
1137 127.668945312 130.634674072
1138 127.793403625 130.63180542
1139 127.880180359 130.602844238
1140 127.804710388 130.710708618
1141 127.74571991 130.641052246
1142 127.703887939 130.711151123
1143 127.721443176 130.698364258
1144 127.761360168 130.779708862
1145 127.732345581 130.690872192
1146 127.740150452 130.770675659
1147 127.707878113 130.718887329
1148 127.753356934 130.657333374
1149 127.70438385 130.642166138
1150 127.853225708 130.678665161
1151 127.777687073 130.65184021
1152 127.678565979 130.687850952
1153 127.743858337 130.645736694
1154 127.660873413 130.647216797
1155 127.738136292 130.672958374
1156 127.722297668 130.685577393
1157 127.698905945 130.65864563
1158 127.822914124 130.673248291
1159 127.681404114 130.658843994
1160 127.722755432 130.655105591
1161 127.69997406 130.715515137
1162 127.756500244 130.758850098
1163 127.683929443 130.734710693
1164 127.774177551 130.755340576
1165 127.702476501 130.685073853
1166 127.68862915 130.649627686
1167 127.686859131 130.556015015
1168 127.778587341 130.63343811
1169 127.77495575 130.694015503
1170 127.749267578 130.738632202
1171 127.689735413 130.710281372
1172 127.748039246 130.706787109
1173 127.709518433 130.684524536
1174 127.743713379 130.67767334
1175 127.726364136 130.796890259
1176 127.730293274 130.630126953
1177 127.716400146 130.722061157
1178 127.733520508 130.652801514
1179 127.727600098 130.648193359
1180 127.744918823 130.626678467
1181 127.741004944 130.67276001
1182 127.70186615 130.658828735
1183 127.783058167 130.746337891
1184 127.827079773 130.67817688
1185 127.775474548 130.718841553
1186 127.788734436 130.723098755
1187 127.712226868 130.788375854
1188 127.714195251 130.8465271
1189 127.757087708 130.744857788
1190 127.771980286 130.773727417
1191 127.737129211 130.725479126
1192 127.71938324 130.743057251
1193 127.706993103 130.717391968
1194 127.774658203 130.746704102
1195 127.78036499 130.764541626
1196 127.734703064 130.755828857
1197 127.726768494 130.794189453
1198 127.724899292 130.721908569
1199 127.777114868 130.743392944
1200 127.744377136 130.73677063
1201 127.831413269 130.743637085
1202 127.775657654 130.669219971
1203 127.765274048 130.751983643
1204 127.748428345 130.723571777
1205 127.773948669 130.740829468
1206 127.729476929 130.689346313
1207 127.705245972 130.724014282
1208 127.726074219 130.72984314
1209 127.785339355 130.7134552
1210 127.729316711 130.740737915
1211 127.710113525 130.68951416
1212 127.753608704 130.689376831
1213 127.709213257 130.639251709
1214 127.739624023 130.716491699
1215 127.757408142 130.712753296
1216 127.687355042 130.671783447
1217 127.762878418 130.699066162
1218 127.705833435 130.64364624
1219 127.801750183 130.663711548
1220 127.738548279 130.656097412
1221 127.731216431 130.71131897
1222 127.720336914 130.718490601
1223 127.789169312 130.685043335
1224 127.718254089 130.653091431
1225 127.701026917 130.734970093
1226 127.715934753 130.734451294
1227 127.818077087 130.707778931
1228 127.723678589 130.798828125
1229 127.788238525 130.718307495
1230 127.707069397 130.727706909
1231 127.727165222 130.74559021
1232 127.741386414 130.758666992
1233 127.661323547 130.631378174
1234 127.818473816 130.683914185
1235 127.711288452 130.740325928
1236 127.726730347 130.677505493
1237 127.757736206 130.694656372
1238 127.763519287 130.721496582
1239 127.754066467 130.697723389
1240 127.697723389 130.751678467
1241 127.745773315 130.758773804
1242 127.676544189 130.644241333
1243 127.694046021 130.675415039
1244 127.692077637 130.632354736
1245 127.712776184 130.620285034
1246 127.719429016 130.678878784
1247 127.74356842 130.632568359
1248 127.755134583 130.661315918
1249 127.837120056 130.653579712
1250 127.713127136 130.660522461
1251 127.712585449 130.677352905
1252 127.799835205 130.659179688
1253 127.725997925 130.657440186
1254 127.719207764 130.696868896
1255 127.765945435 130.771240234
1256 127.70362854 130.637664795
1257 127.778144836 130.591003418
1258 127.744506836 130.688690186
1259 127.732757568 130.656478882
1260 127.803283691 130.762130737
1261 127.757049561 130.753356934
1262 127.759590149 130.728820801
1263 127.690437317 130.666564941
1264 127.686508179 130.717849731
1265 127.743659973 130.732040405
1266 127.65864563 130.699401855
1267 127.724784851 130.687820435
1268 127.711448669 130.777328491
1269 127.689865112 130.767410278
1270 127.729133606 130.789840698
1271 127.601707458 130.747085571
1272 127.793083191 130.726119995
1273 127.72984314 130.734741211
1274 127.733467102 130.692626953
1275 127.739753723 130.723342896
1276 127.781616211 130.770294189
1277 127.714759827 130.754806519
1278 127.703414917 130.78793335
1279 127.684997559 130.753677368
1280 127.720733643 130.694442749
1281 127.618507385 130.685470581
1282 127.770263672 130.769485474
1283 127.637657166 130.677703857
1284 127.719039917 130.680328369
1285 127.837745667 130.755447388
1286 127.764205933 130.752288818
1287 127.734268188 130.698989868
1288 127.693885803 130.714141846
1289 127.706794739 130.674850464
1290 127.787338257 130.687179565
1291 127.700538635 130.692779541
1292 127.760055542 130.642547607
1293 127.757530212 130.584701538
1294 127.712333679 130.566711426
1295 127.690475464 130.565979004
1296 127.690498352 130.656265259
1297 127.730026245 130.609390259
1298 127.707733154 130.559753418
1299 127.647506714 130.566085815
1300 127.78830719 130.559326172
1301 127.757904053 130.625717163
1302 127.697303772 130.652984619
1303 127.782325745 130.676940918
1304 127.718315125 130.627624512
1305 127.701713562 130.622528076
1306 127.837882996 130.589172363
1307 127.749855042 130.645812988
1308 127.772064209 130.585159302
1309 127.739219666 130.570343018
1310 127.718605042 130.660308838
1311 127.704338074 130.632232666
1312 127.722206116 130.694519043
1313 127.743858337 130.659759521
1314 127.785873413 130.633728027
1315 127.741165161 130.640762329
1316 127.738456726 130.791564941
1317 127.639038086 130.678741455
1318 127.769386292 130.660766602
1319 127.792480469 130.703567505
1320 127.714317322 130.701858521
1321 127.772224426 130.65071106
1322 127.729377747 130.595794678
1323 127.788314819 130.675476074
1324 127.747253418 130.566040039
1325 127.774467468 130.665298462
1326 127.772224426 130.661758423
1327 127.72568512 130.575714111
1328 127.740119934 130.572967529
1329 127.690223694 130.513397217
1330 127.750045776 130.579986572
1331 127.718414307 130.598892212
1332 127.699386597 130.57673645
1333 127.769119263 130.608093262
1334 127.727523804 130.626998901
1335 127.686027527 130.715698242
1336 127.729660034 130.651611328
1337 127.715065002 130.614578247
1338 127.789085388 130.583969116
1339 127.854118347 130.549179077
1340 127.703407288 130.582641602
1341 127.84488678 130.564590454
1342 127.846076965 130.633972168
1343 127.646484375 130.670074463
1344 127.765464783 130.594284058
1345 127.871238708 130.677932739
1346 127.835136414 130.602752686
1347 127.671440125 130.608093262
1348 127.695014954 130.651428223
1349 127.735557556 130.601715088
1350 127.702766418 130.581451416
1351 127.807624817 130.696990967
1352 127.752586365 130.592269897
1353 127.72088623 130.568847656
1354 127.721366882 130.53364563
1355 127.685874939 130.550949097
1356 127.78087616 130.547805786
1357 127.795974731 130.629211426
1358 127.788803101 130.493423462
1359 127.787666321 130.607650757
1360 127.780807495 130.627761841
1361 127.694160461 130.554260254
1362 127.710914612 130.608047485
1363 127.744155884 130.625442505
1364 127.742385864 130.559814453
1365 127.828239441 130.639587402
1366 127.673339844 130.663040161
1367 127.75843811 130.602462769
1368 127.753303528 130.635009766
1369 127.712493896 130.678848267
1370 127.704338074 130.661590576
1371 127.701164246 130.631759644
1372 127.723144531 130.685974121
1373 127.756523132 130.646743774
1374 127.745536804 130.651550293
1375 127.722824097 130.615615845
1376 127.735519409 130.576660156
1377 127.726799011 130.601196289
1378 127.67565918 130.556945801
1379 127.665809631 130.547103882
1380 127.732833862 130.597961426
1381 127.747413635 130.614196777
1382 127.770355225 130.575393677
1383 127.7241745 130.555526733
1384 127.712005615 130.504638672
1385 127.780738831 130.420272827
1386 127.765213013 130.528213501
1387 127.77381897 130.537979126
1388 127.681877136 130.486175537
1389 127.691925049 130.493087769
1390 127.710266113 130.509613037
1391 127.839874268 130.48085022
1392 127.759719849 130.514266968
1393 127.754669189 130.451263428
1394 127.729934692 130.472000122
1395 127.715919495 130.557434082
1396 127.759559631 130.565155029
1397 127.766975403 130.482147217
1398 127.801399231 130.572479248
1399 127.717063904 130.579223633
1400 127.731277466 130.553604126
1401 127.609596252 130.5128479
1402 127.682929993 130.584335327
1403 127.652267456 130.638198853
1404 127.706054688 130.591461182
1405 127.678619385 130.572814941
1406 127.737579346 130.658493042
1407 127.743927002 130.599594116
1408 127.647987366 130.558807373
1409 127.705604553 130.554672241
1410 127.75239563 130.566848755
1411 127.760848999 130.544998169
1412 127.747276306 130.597564697
1413 127.721336365 130.56237793
1414 127.693984985 130.652008057
1415 127.784286499 130.609649658
1416 127.789886475 130.561798096
1417 127.709228516 130.542282104
1418 127.711250305 130.512207031
1419 127.720230103 130.493743896
1420 127.707778931 130.512252808
1421 127.700363159 130.551712036
1422 127.735046387 130.583129883
1423 127.70993042 130.492584229
1424 127.645629883 130.520751953
1425 127.749298096 130.497207642
1426 127.737457275 130.470596313
1427 127.710479736 130.481460571
1428 127.75440979 130.506591797
1429 127.710777283 130.542251587
1430 127.747306824 130.543457031
1431 127.754127502 130.637573242
1432 127.721374512 130.587249756
1433 127.742019653 130.539779663
1434 127.798095703 130.586196899
1435 127.740844727 130.594802856
1436 127.750694275 130.533813477
1437 127.743835449 130.547988892
1438 127.768417358 130.593505859
1439 127.759895325 130.581298828
1440 127.732727051 130.569641113
1441 127.771469116 130.468612671
1442 127.775924683 130.513671875
1443 127.858108521 130.592483521
1444 127.704826355 130.571380615
1445 127.664497375 130.520217896
1446 127.700149536 130.512359619
1447 127.740333557 130.523468018
1448 127.666473389 130.404098511
1449 127.668647766 130.518157959
1450 127.722579956 130.572357178
1451 127.707710266 130.55569458
1452 127.700508118 130.598220825
1453 127.705085754 130.562927246
1454 127.653175354 130.603408813
1455 127.770713806 130.493133545
1456 127.632369995 130.512237549
1457 127.65851593 130.465515137
1458 127.696617126 130.618377686
1459 127.650108337 130.54006958
1460 127.772438049 130.532333374
1461 127.643798828 130.554138184
1462 127.694999695 130.656448364
1463 127.703384399 130.50592041
1464 127.703987122 130.52897644
1465 127.768226624 130.572998047
1466 127.714286804 130.514526367
1467 127.754943848 130.552108765
1468 127.614517212 130.534469604
1469 127.637985229 130.602676392
1470 127.748138428 130.558380127
1471 127.745880127 130.626678467
1472 127.596855164 130.625701904
1473 127.653938293 130.596282959
1474 127.704040527 130.641906738
1475 127.716087341 130.516281128
1476 127.634849548 130.623336792
1477 127.769073486 130.58795166
1478 127.676177979 130.587417603
1479 127.733917236 130.598602295
1480 127.747169495 130.516403198
1481 127.659164429 130.529251099
1482 127.770973206 130.553939819
1483 127.691268921 130.565307617
1484 127.700813293 130.537139893
1485 127.692634583 130.521850586
1486 127.757774353 130.602340698
1487 127.757408142 130.577713013
1488 127.773086548 130.574996948
1489 127.707038879 130.605941772
1490 127.738754272 130.615402222
1491 127.711273193 130.602233887
1492 127.663719177 130.642944336
1493 127.772415161 130.65914917
1494 127.698295593 130.595153809
1495 127.752296448 130.649780273
1496 127.794784546 130.581985474
1497 127.813018799 130.652236938
1498 127.733314514 130.686782837
1499 127.706520081 130.590515137
1500 127.696647644 130.590164185
1501 127.684165955 130.586807251
1502 127.674316406 130.648391724
1503 127.708503723 130.635421753
1504 127.710006714 130.654251099
1505 127.688110352 130.679733276
1506 127.705375671 130.576843262
1507 127.726356506 130.563949585
1508 127.671333313 130.597381592
1509 127.748260498 130.535385132
1510 127.762489319 130.527648926
1511 127.651550293 130.472488403
1512 127.676445007 130.522796631
1513 127.71937561 130.530166626
1514 127.749679565 130.640335083
1515 127.705337524 130.603286743
1516 127.731460571 130.476303101
1517 127.728668213 130.597198486
1518 127.665122986 130.569747925
1519 127.703865051 130.521270752
1520 127.702606201 130.545654297
1521 127.640914917 130.559677124
1522 127.736579895 130.555755615
1523 127.617446899 130.523681641
1524 127.747200012 130.623443604
1525 127.666564941 130.46697998
1526 127.702697754 130.53074646
1527 127.63192749 130.559753418
1528 127.840209961 130.538131714
1529 127.693359375 130.523681641
1530 127.641265869 130.492202759
1531 127.697265625 130.504776001
1532 127.676216125 130.542190552
1533 127.808616638 130.537963867
1534 127.710800171 130.532333374
1535 127.720123291 130.512878418
1536 127.727729797 130.541900635
1537 127.696464539 130.570404053
1538 127.709838867 130.525085449
1539 127.637519836 130.580673218
1540 127.682769775 130.510452271
1541 127.739845276 130.599914551
1542 127.680465698 130.62600708
1543 127.595474243 130.597244263
1544 127.753173828 130.596054077
1545 127.768074036 130.640716553
1546 127.745643616 130.618865967
1547 127.720970154 130.619903564
1548 127.661239624 130.647354126
1549 127.698577881 130.578170776
1550 127.763565063 130.618606567
1551 127.791725159 130.654937744
1552 127.733444214 130.549865723
1553 127.747825623 130.63973999
1554 127.702636719 130.649017334
1555 127.718734741 130.640945435
1556 127.728210449 130.704193115
1557 127.722145081 130.666564941
1558 127.644729614 130.632843018
1559 127.727607727 130.609588623
1560 127.72429657 130.621734619
1561 127.717704773 130.636978149
1562 127.723335266 130.646377563
1563 127.726013184 130.623291016
1564 127.682266235 130.594146729
1565 127.747558594 130.655960083
1566 127.769317627 130.62789917
1567 127.685844421 130.579574585
1568 127.620193481 130.558044434
1569 127.631629944 130.56578064
1570 127.699287415 130.494476318
1571 127.738098145 130.556472778
1572 127.655815125 130.512191772
1573 127.764083862 130.589324951
1574 127.742538452 130.575759888
1575 127.813835144 130.62979126
1576 127.695968628 130.471878052
1577 127.63444519 130.535644531
1578 127.681945801 130.572753906
1579 127.629394531 130.52684021
1580 127.763847351 130.522628784
1581 127.682807922 130.491012573
1582 127.723846436 130.525726318
1583 127.731689453 130.586898804
1584 127.684654236 130.526351929
1585 127.675094604 130.523132324
1586 127.676948547 130.568145752
1587 127.739135742 130.545181274
1588 127.767089844 130.651351929
1589 127.666389465 130.631149292
1590 127.648406982 130.52722168
1591 127.718696594 130.573547363
1592 127.626266479 130.493103027
1593 127.796638489 130.545410156
1594 127.622154236 130.582641602
1595 127.73412323 130.470703125
1596 127.681098938 130.566802979
1597 127.738883972 130.581939697
1598 127.695846558 130.574279785
1599 127.809638977 130.58430481
1600 127.777793884 130.568878174
1601 127.737464905 130.627227783
1602 127.754295349 130.544113159
1603 127.699363708 130.584503174
1604 127.696510315 130.53704834
1605 127.70425415 130.592010498
1606 127.619132996 130.566619873
1607 127.69278717 130.59703064
1608 127.674476624 130.606582642
1609 127.638717651 130.592391968
1610 127.666786194 130.610733032
1611 127.709136963 130.66734314
1612 127.690620422 130.636306763
1613 127.746177673 130.647491455
1614 127.824905396 130.661773682
1615 127.776893616 130.632324219
1616 127.670829773 130.617752075
1617 127.723739624 130.618026733
1618 127.731613159 130.692398071
1619 127.702384949 130.565628052
1620 127.670539856 130.592453003
1621 127.676460266 130.67628479
1622 127.712875366 130.650604248
1623 127.727539062 130.61680603
1624 127.676246643 130.613983154
1625 127.699905396 130.741378784
1626 127.781463623 130.562301636
1627 127.718467712 130.622619629
1628 127.695449829 130.688552856
1629 127.763069153 130.640060425
1630 127.683387756 130.651031494
1631 127.797737122 130.655593872
1632 127.744270325 130.670578003
1633 127.707603455 130.546813965
1634 127.671867371 130.582778931
1635 127.701393127 130.633666992
1636 127.688278198 130.634536743
1637 127.640159607 130.641433716
1638 127.742759705 130.663726807
1639 127.705085754 130.632537842
1640 127.674736023 130.640258789
1641 127.645736694 130.585174561
1642 127.745735168 130.596496582
1643 127.636154175 130.584457397
1644 127.675895691 130.595352173
1645 127.720497131 130.604705811
1646 127.730903625 130.710906982
1647 127.682556152 130.702377319
1648 127.747444153 130.535690308
1649 127.739326477 130.628158569
1650 127.72567749 130.584991455
1651 127.646377563 130.631118774
1652 127.623916626 130.683761597
1653 127.780326843 130.548309326
1654 127.677368164 130.631790161
1655 127.593254089 130.572647095
1656 127.618400574 130.588104248
1657 127.673736572 130.660079956
1658 127.743217468 130.671722412
1659 127.698348999 130.710250854
1660 127.731895447 130.659927368
1661 127.765159607 130.735946655
1662 127.662719727 130.738204956
1663 127.7448349 130.595489502
1664 127.627487183 130.671340942
1665 127.693183899 130.695953369
1666 127.660400391 130.693695068
1667 127.696388245 130.633895874
1668 127.676727295 130.588577271
1669 127.694976807 130.716186523
1670 127.664176941 130.638275146
1671 127.724754333 130.636383057
1672 127.674026489 130.680435181
1673 127.720993042 130.631515503
1674 127.724334717 130.618362427
1675 127.6612854 130.647247314
1676 127.606689453 130.674697876
1677 127.651100159 130.612670898
1678 127.555656433 130.649154663
1679 127.659423828 130.647125244
1680 127.635696411 130.610900879
1681 127.644538879 130.620178223
1682 127.732009888 130.570724487
1683 127.624534607 130.606414795
1684 127.69770813 130.626373291
1685 127.655929565 130.570617676
1686 127.687469482 130.669769287
1687 127.718467712 130.694442749
1688 127.690597534 130.724456787
1689 127.717628479 130.670303345
1690 127.650405884 130.664215088
1691 127.750007629 130.651260376
1692 127.622337341 130.691726685
1693 127.694786072 130.564422607
1694 127.687789917 130.602798462
1695 127.684394836 130.635406494
1696 127.753295898 130.606323242
1697 127.682876587 130.580291748
1698 127.772598267 130.659179688
1699 127.761474609 130.676589966
1700 127.739997864 130.678359985
1701 127.719894409 130.655548096
1702 127.659843445 130.672241211
1703 127.647445679 130.627502441
1704 127.728179932 130.687255859
1705 127.659965515 130.676620483
1706 127.771759033 130.662460327
1707 127.719367981 130.698562622
1708 127.667495728 130.63331604
1709 127.710716248 130.645767212
1710 127.758934021 130.673690796
1711 127.674247742 130.649032593
1712 127.739646912 130.621688843
1713 127.68547821 130.628265381
1714 127.705879211 130.66305542
1715 127.714393616 130.614746094
1716 127.807868958 130.604171753
1717 127.658218384 130.626800537
1718 127.661560059 130.649765015
1719 127.718765259 130.622879028
1720 127.672790527 130.600952148
1721 127.667900085 130.605651855
1722 127.687904358 130.588531494
1723 127.770477295 130.498245239
1724 127.651603699 130.542984009
1725 127.625167847 130.55519104
1726 127.676605225 130.522537231
1727 127.647209167 130.553512573
1728 127.672538757 130.535858154
1729 127.655540466 130.625427246
1730 127.740493774 130.620452881
1731 127.645935059 130.649795532
1732 127.744468689 130.669052124
1733 127.645614624 130.641815186
1734 127.602233887 130.71043396
1735 127.65662384 130.619003296
1736 127.709739685 130.612854004
1737 127.640136719 130.608139038
1738 127.693016052 130.668151855
1739 127.730758667 130.605361938
1740 127.671089172 130.60647583
1741 127.655586243 130.642059326
1742 127.717926025 130.642272949
1743 127.623504639 130.65133667
1744 127.664680481 130.67149353
1745 127.645065308 130.625747681
1746 127.683067322 130.738067627
1747 127.708015442 130.725128174
1748 127.708984375 130.623321533
1749 127.70904541 130.692230225
1750 127.681816101 130.627563477
1751 127.688400269 130.582183838
1752 127.640678406 130.542678833
1753 127.740600586 130.571365356
1754 127.683296204 130.652252197
1755 127.639610291 130.597946167
1756 127.612533569 130.576690674
1757 127.683425903 130.621002197
1758 127.63217926 130.633407593
1759 127.673919678 130.615402222
1760 127.687934875 130.625869751
1761 127.667137146 130.68447876
1762 127.650215149 130.61315918
1763 127.705413818 130.614151001
1764 127.703613281 130.722503662
1765 127.665809631 130.67098999
1766 127.727310181 130.727722168
1767 127.632148743 130.681777954
1768 127.680618286 130.693603516
1769 127.608634949 130.656234741
1770 127.73109436 130.697402954
1771 127.593353271 130.729354858
1772 127.642776489 130.680892944
1773 127.709838867 130.727340698
1774 127.713577271 130.671600342
1775 127.634628296 130.750854492
1776 127.692955017 130.655288696
1777 127.582870483 130.705444336
1778 127.681503296 130.69859314
1779 127.643028259 130.559295654
1780 127.71421051 130.602966309
1781 127.658889771 130.689544678
1782 127.735099792 130.609771729
1783 127.702827454 130.595535278
1784 127.65246582 130.535858154
1785 127.719467163 130.667007446
1786 127.766868591 130.618530273
1787 127.6690979 130.543212891
1788 127.643409729 130.612609863
1789 127.68409729 130.605941772
1790 127.696739197 130.564239502
1791 127.699554443 130.578292847
1792 127.598686218 130.640853882
1793 127.685455322 130.616638184
1794 127.649139404 130.667831421
1795 127.747497559 130.587097168
1796 127.617874146 130.584243774
1797 127.682136536 130.649673462
1798 127.669006348 130.653167725
1799 127.691238403 130.635284424
1800 127.712188721 130.622772217
1801 127.764808655 130.482803345
1802 127.688400269 130.665237427
1803 127.744697571 130.576095581
1804 127.649124146 130.583602905
1805 127.783119202 130.61138916
1806 127.635238647 130.764968872
1807 127.599159241 130.68560791
1808 127.717658997 130.732177734
1809 127.673568726 130.65486145
1810 127.624649048 130.6484375
1811 127.740509033 130.698669434
1812 127.669319153 130.65625
1813 127.679985046 130.70942688
1814 127.65133667 130.6434021
1815 127.632423401 130.638198853
1816 127.768989563 130.69430542
1817 127.694534302 130.609924316
1818 127.718505859 130.680053711
1819 127.763839722 130.721801758
1820 127.742736816 130.62713623
1821 127.694648743 130.649612427
1822 127.612014771 130.736999512
1823 127.641876221 130.723098755
1824 127.689933777 130.636367798
1825 127.631599426 130.628479004
1826 127.704368591 130.624786377
1827 127.660919189 130.575210571
1828 127.615623474 130.636917114
1829 127.685935974 130.651153564
1830 127.784317017 130.622528076
1831 127.682945251 130.648330688
1832 127.747055054 130.556762695
1833 127.594810486 130.65612793
1834 127.666069031 130.681640625
1835 127.681297302 130.681686401
1836 127.656478882 130.644500732
1837 127.792259216 130.610427856
1838 127.683357239 130.583129883
1839 127.627548218 130.616149902
1840 127.631629944 130.663970947
1841 127.553009033 130.613204956
1842 127.658340454 130.626571655
1843 127.737754822 130.647384644
1844 127.719924927 130.771728516
1845 127.700653076 130.614837646
1846 127.666847229 130.650100708
1847 127.676750183 130.667327881
1848 127.651428223 130.616592407
1849 127.678718567 130.660598755
1850 127.63180542 130.626800537
1851 127.733055115 130.699829102
1852 127.600265503 130.689376831
1853 127.693367004 130.713088989
1854 127.676116943 130.797790527
1855 127.626304626 130.729553223
1856 127.644515991 130.709365845
1857 127.729103088 130.692855835
1858 127.688903809 130.756286621
1859 127.648727417 130.777114868
1860 127.735168457 130.756072998
1861 127.794548035 130.71937561
1862 127.66771698 130.708129883
1863 127.666244507 130.634353638
1864 127.678916931 130.657852173
1865 127.699325562 130.792678833
1866 127.709274292 130.736022949
1867 127.62865448 130.680847168
1868 127.600814819 130.75151062
1869 127.67515564 130.689117432
1870 127.594490051 130.629592896
1871 127.714004517 130.649673462
1872 127.672576904 130.689422607
1873 127.651016235 130.729171753
1874 127.63193512 130.6640625
1875 127.665557861 130.641830444
1876 127.753479004 130.574539185
1877 127.651863098 130.711029053
1878 127.730186462 130.721511841
1879 127.6796875 130.659912109
1880 127.671096802 130.698776245
1881 127.646728516 130.647415161
1882 127.670936584 130.665054321
1883 127.636299133 130.669723511
1884 127.650238037 130.607727051
1885 127.676887512 130.669143677
1886 127.67364502 130.624725342
1887 127.706718445 130.590682983
1888 127.640548706 130.606719971
1889 127.65057373 130.67338562
1890 127.707054138 130.639373779
1891 127.72101593 130.567840576
1892 127.72089386 130.621185303
1893 127.69984436 130.667190552
1894 127.623039246 130.563278198
1895 127.613365173 130.55960083
1896 127.747238159 130.536727905
1897 127.727416992 130.587905884
1898 127.652168274 130.665939331
1899 127.645080566 130.665603638
1900 127.695976257 130.554443359
1901 127.66493988 130.647949219
1902 127.657043457 130.618865967
1903 127.671897888 130.56892395
1904 127.698608398 130.653793335
1905 127.680656433 130.617645264
1906 127.622413635 130.704177856
1907 127.620918274 130.63772583
1908 127.643280029 130.657928467
1909 127.616470337 130.759063721
1910 127.648498535 130.639419556
1911 127.625244141 130.630615234
1912 127.61227417 130.661560059
1913 127.720695496 130.679870605
1914 127.687553406 130.625228882
1915 127.677978516 130.592880249
1916 127.704460144 130.574981689
1917 127.672920227 130.692077637
1918 127.670219421 130.658432007
1919 127.666069031 130.693893433
1920 127.612518311 130.635192871
1921 127.638557434 130.683013916
1922 127.692337036 130.606063843
1923 127.649116516 130.648132324
1924 127.627998352 130.70652771
1925 127.683380127 130.557174683
1926 127.626068115 130.611709595
1927 127.66493988 130.705001831
1928 127.703895569 130.636764526
1929 127.69884491 130.690826416
1930 127.725509644 130.69102478
1931 127.687095642 130.745071411
1932 127.650299072 130.76109314
1933 127.679496765 130.623062134
1934 127.65070343 130.679397583
1935 127.678894043 130.662002563
1936 127.67224884 130.718765259
1937 127.692214966 130.576263428
1938 127.678695679 130.589706421
1939 127.735496521 130.640625
1940 127.675086975 130.624984741
1941 127.621864319 130.637420654
1942 127.756568909 130.562225342
1943 127.671257019 130.655593872
1944 127.568656921 130.641265869
1945 127.686004639 130.612213135
1946 127.585327148 130.617889404
1947 127.682807922 130.614212036
1948 127.646873474 130.607620239
1949 127.607803345 130.623458862
1950 127.662193298 130.587722778
1951 127.713874817 130.589691162
1952 127.657554626 130.568969727
1953 127.62677002 130.516311646
1954 127.605796814 130.57232666
1955 127.661354065 130.653411865
1956 127.713478088 130.637695312
1957 127.555595398 130.623352051
1958 127.633308411 130.63230896
1959 127.678756714 130.631744385
1960 127.632804871 130.608398438
1961 127.676544189 130.584335327
1962 127.60043335 130.660552979
1963 127.64365387 130.605682373
1964 127.628837585 130.741836548
1965 127.633773804 130.683029175
1966 127.632408142 130.666381836
1967 127.641639709 130.715911865
1968 127.629966736 130.724029541
1969 127.651687622 130.671478271
1970 127.689888 130.647247314
1971 127.736328125 130.8387146
1972 127.700210571 130.686630249
1973 127.621078491 130.720016479
1974 127.664085388 130.640991211
1975 127.615364075 130.638809204
1976 127.609344482 130.624710083
1977 127.70665741 130.695648193
1978 127.676544189 130.687164307
1979 127.638557434 130.710571289
1980 127.68106842 130.675888062
1981 127.636978149 130.700866699
1982 127.676750183 130.696090698
1983 127.684799194 130.680297852
1984 127.614486694 130.656402588
1985 127.633995056 130.708740234
1986 127.597038269 130.759765625
1987 127.651695251 130.706466675
1988 127.720474243 130.780654907
1989 127.609886169 130.66784668
1990 127.600585938 130.709396362
1991 127.707954407 130.734451294
1992 127.609519958 130.691589355
1993 127.654983521 130.692245483
1994 127.71131897 130.710739136
1995 127.607345581 130.684188843
1996 127.704963684 130.676177979
1997 127.640975952 130.699584961
1998 127.730056763 130.639465332
1999 127.623344421 130.650619507
creating pickled numpy output
wrote pickled numpy output
Final validation loss
garray(130.47286987304688)
Final test loss
garray(132.04383850097656)
Theano: Initializing cuBLAS

Real loss statistics (on 5 random copies of test and validation set):

Final loss on VX: 130.75665283203125
Final loss on TX: 131.7579345703125
Final loss on  X: 127.70389556884766

Final estimated test NLL: 128.952146139
