(50000L, 784L)
compiled score function
Old best loss:
garray(128.64395141601562)
Compiled loss functions
[14228, 14428, 14628, 19628, 19828, 20028, 20228, 25028, 25228, 25428, 30428, 30628, 30828, 31028, 31228, 36028, 36228, 36428, 36628, 41628, 41828, 42028, 46828, 47028, 47228, 47428, 52428, 52628, 52828, 53028, 58028, 58228, 63428, 63628, 63828, 69028, 69228, 74228, 74428, 74628, 74828, 76428, 76628, 76828, 79828, 80028, 80228, 81828, 82228, 82428, 82628, 82828, 85428, 85628, 85828, 87028, 87428, 87628, 87828, 88028, 88228, 88428, 91028, 91228, 91428, 92628, 92828, 93028, 93228, 93428, 93628, 93828, 94028, 96828, 97028, 97228, 97828, 98028, 98228, 98428, 98628, 98828, 99028, 99228, 102428, 102628, 102828, 103028, 103428, 103628, 103828, 104028, 104428, 104628, 104828, 108028, 108228, 108428, 108628, 108828, 109028, 109228, 109428, 109628, 109828, 110028, 110228, 113828, 114028, 114228, 114428, 114628, 114828, 115028, 115228, 115428, 119628, 119828, 120028, 120228, 120428, 120628, 156828, 164455, 164527, 164588, 197270, 197271, 197274, 197275, 197282, 197294, 197382, 197398, 197414, 197427, 197498, 197567, 197582, 197595, 197646, 197650, 197670, 197694, 197714, 197722, 197734, 197766, 197798, 197846, 197847, 197858, 197862, 197886, 197934, 197938, 197946, 197990, 197991]

0 0.0 128.608642578 [[ 0.42035063  0.53954543]] [ 0.00429021]
1 0.0 128.619140625 [[ 0.42040252  0.53953854]] [ 0.00428417]
2 0.0 128.67024231 [[ 0.42027928  0.53958164]] [ 0.00429274]
3 0.0 128.657852173 [[ 0.42026848  0.53973385]] [ 0.00428857]
4 0.0 128.71635437 [[ 0.42014298  0.53981882]] [ 0.0042899]
5 0.0 128.686782837 [[ 0.42007349  0.53986638]] [ 0.00429576]
6 0.0 128.723403931 [[ 0.41992897  0.53971957]] [ 0.00431988]
7 0.0 128.701400757 [[ 0.42002635  0.53993148]] [ 0.00429761]
8 0.0 128.693618774 [[ 0.4199704   0.54013253]] [ 0.00428672]
9 0.0 128.731277466 [[ 0.41987306  0.54035755]] [ 0.00428087]
10 0.0 128.763198853 [[ 0.41985767  0.54033513]] [ 0.00428857]
11 0.0 128.713363647 [[ 0.41989526  0.54025845]] [ 0.00429346]
12 0.0 128.737091064 [[ 0.41988462  0.54005218]] [ 0.00430956]
13 0.0 128.668579102 [[ 0.41997645  0.54001416]] [ 0.00431066]
14 0.0 128.766967773 [[ 0.42006848  0.54012615]] [ 0.00429534]
15 0.0 128.738815308 [[ 0.42001733  0.54015593]] [ 0.00429436]
16 0.0 128.697189331 [[ 0.41985128  0.5406241 ]] [ 0.00427791]
17 0.0 128.782775879 [[ 0.41963592  0.54065861]] [ 0.00429741]
18 0.0 128.748214722 [[ 0.41969893  0.54071127]] [ 0.00428631]
19 0.0 128.822494507 [[ 0.4196803   0.54058083]] [ 0.00430106]
20 0.0 128.813522339 [[ 0.41967522  0.54084433]] [ 0.00427908]
21 0.0 128.801391602 [[ 0.41955704  0.54085974]] [ 0.00429309]
22 0.0 128.726089478 [[ 0.41949045  0.5408267 ]] [ 0.00430635]
23 0.0 128.701278687 [[ 0.41953856  0.54088063]] [ 0.0042958]
24 0.0 128.751647949 [[ 0.41961029  0.54069848]] [ 0.0043003]
25 0.0 128.757843018 [[ 0.41947773  0.54058308]] [ 0.00431825]
26 0.0 128.739120483 [[ 0.41954952  0.54063019]] [ 0.00431209]
27 0.0 128.687698364 [[ 0.41937765  0.54070215]] [ 0.00431938]
28 0.0 128.659591675 [[ 0.4195019   0.54049561]] [ 0.00432315]
29 0.0 128.768661499 [[ 0.41969551  0.54039092]] [ 0.00431107]
30 0.0 128.832717896 [[ 0.4199107   0.54033504]] [ 0.00429743]
31 0.0 128.73387146 [[ 0.41985209  0.54023083]] [ 0.00430437]
32 0.0 128.792800903 [[ 0.41977804  0.54039027]] [ 0.00430533]
33 0.0 128.809463501 [[ 0.41969005  0.54064618]] [ 0.00429573]
34 0.0 128.838195801 [[ 0.41978945  0.54044477]] [ 0.00429619]
35 0.0 128.75453186 [[ 0.41957612  0.54066448]] [ 0.00430514]
36 0.0 128.816589355 [[ 0.41969028  0.54091945]] [ 0.00428225]
37 0.0 128.783660889 [[ 0.41975342  0.54087193]] [ 0.00427812]
38 0.0 128.815002441 [[ 0.41979108  0.5406261 ]] [ 0.00429668]
39 0.0 128.797149658 [[ 0.41974669  0.54096813]] [ 0.0042824]
40 0.0 128.767700195 [[ 0.41970024  0.54086277]] [ 0.0042981]
41 0.0 128.829147339 [[ 0.41958805  0.54089646]] [ 0.00430549]
42 0.0 128.798690796 [[ 0.41955699  0.54086193]] [ 0.00430456]
43 0.0 128.702774048 [[ 0.41951621  0.54101989]] [ 0.00430016]
44 0.0 128.724487305 [[ 0.41959526  0.54102869]] [ 0.00429192]
45 0.0 128.733078003 [[ 0.41950538  0.54124318]] [ 0.00429245]
46 0.0 128.667648315 [[ 0.4193725   0.54122973]] [ 0.00430797]
47 0.0 128.721115112 [[ 0.41933276  0.54137634]] [ 0.00430027]
48 0.0 128.729568481 [[ 0.41928572  0.54147686]] [ 0.00429672]
49 0.0 128.743026733 [[ 0.4191772   0.54137237]] [ 0.00431115]
50 0.0 128.852996826 [[ 0.41931027  0.54132723]] [ 0.00430405]
51 0.0 128.816818237 [[ 0.41943435  0.54112383]] [ 0.0043027]
52 0.0 128.776916504 [[ 0.41940837  0.54094331]] [ 0.00431776]
53 0.0 128.760574341 [[ 0.4194521   0.54126409]] [ 0.00429324]
54 0.0 128.710540771 [[ 0.41936225  0.541322  ]] [ 0.00429758]
55 0.0 128.990447998 [[ 0.41942325  0.54130493]] [ 0.00429058]
56 0.0 128.837295532 [[ 0.41946085  0.54162509]] [ 0.00426987]
57 0.0 128.796875 [[ 0.4194147   0.54173002]] [ 0.00427217]
58 0.0 128.776489258 [[ 0.4192959  0.5417027]] [ 0.00428798]
59 0.0 128.789367676 [[ 0.41911209  0.5419214 ]] [ 0.00429377]
60 0.0 128.794525146 [[ 0.4190745   0.54190344]] [ 0.00429424]
61 0.0 128.761184692 [[ 0.41918272  0.54176125]] [ 0.00429711]
62 0.0 128.752593994 [[ 0.41916456  0.54182354]] [ 0.00428587]
63 0.0 128.774047852 [[ 0.41919689  0.54189104]] [ 0.00428379]
64 0.0 128.764053345 [[ 0.41903334  0.54185768]] [ 0.00429679]
65 0.0 128.728820801 [[ 0.41917825  0.54196595]] [ 0.00427971]
66 0.0 128.783065796 [[ 0.4190479  0.5416464]] [ 0.00431394]
67 0.0 128.729858398 [[ 0.41928827  0.54193688]] [ 0.0042677]
68 0.0 128.721984863 [[ 0.41914322  0.54199011]] [ 0.0042802]
69 0.0 128.85874939 [[ 0.41921113  0.54173787]] [ 0.00429459]
70 0.0 128.810699463 [[ 0.41925306  0.54164265]] [ 0.00429409]
71 0.0 128.708953857 [[ 0.41919811  0.5419037 ]] [ 0.00428952]
72 0.0 128.722229004 [[ 0.4191009   0.54181824]] [ 0.00429986]
73 0.0 128.778564453 [[ 0.41918714  0.54181485]] [ 0.00429644]
74 0.0 128.766952515 [[ 0.41924616  0.54174339]] [ 0.00429688]
75 0.0 128.787033081 [[ 0.41924042  0.5417606 ]] [ 0.00429561]
76 0.0 128.761276245 [[ 0.41912656  0.5418872 ]] [ 0.00430208]
77 0.0 128.755401611 [[ 0.41912179  0.54180952]] [ 0.00431109]
78 0.0 128.708145142 [[ 0.41915169  0.54175156]] [ 0.00430915]
79 0.0 128.799285889 [[ 0.4192887   0.54178666]] [ 0.00429842]
80 0.0 128.739608765 [[ 0.41940697  0.54172747]] [ 0.00429006]
81 0.0 128.754043579 [[ 0.41935351  0.54171743]] [ 0.00429593]
82 0.0 128.754547119 [[ 0.41923227  0.541885  ]] [ 0.00430032]
83 0.0 128.70866394 [[ 0.41933079  0.5417689 ]] [ 0.00429669]
84 0.0 128.721328735 [[ 0.41952423  0.54194014]] [ 0.00426343]
85 0.0 128.741424561 [[ 0.41937655  0.54193817]] [ 0.00427943]
86 0.0 128.793487549 [[ 0.41930572  0.54158974]] [ 0.00430783]
87 0.0 128.71031189 [[ 0.41934891  0.54171165]] [ 0.00429398]
88 0.0 128.791244507 [[ 0.41925938  0.5416176 ]] [ 0.00431186]
89 0.0 128.861953735 [[ 0.41923574  0.54208303]] [ 0.00428332]
90 0.0 128.818099976 [[ 0.41945907  0.54195235]] [ 0.00426786]
91 0.0 128.788421631 [[ 0.41939333  0.54200975]] [ 0.0042675]
92 0.0 128.759841919 [[ 0.41940572  0.54192651]] [ 0.0042724]
93 0.0 128.821060181 [[ 0.41953714  0.54173419]] [ 0.00427463]
94 0.0 128.891357422 [[ 0.419469    0.54171107]] [ 0.0042821]
95 0.0 128.828384399 [[ 0.41938785  0.54185506]] [ 0.00427627]
96 0.0 128.838516235 [[ 0.41926498  0.54156091]] [ 0.00430952]
97 0.0 128.759643555 [[ 0.41927445  0.5417801 ]] [ 0.00429602]
98 0.0 128.844772339 [[ 0.41930774  0.54180852]] [ 0.0042914]
99 0.0 128.773239136 [[ 0.41907155  0.54194266]] [ 0.00430536]
100 0.0 128.813171387 [[ 0.41905239  0.54184586]] [ 0.00431029]
101 0.0 128.878051758 [[ 0.41920129  0.5418839 ]] [ 0.00429808]
102 0.0 128.834182739 [[ 0.41913565  0.54199677]] [ 0.00429263]
103 0.0 128.862625122 [[ 0.41906656  0.54213909]] [ 0.00429546]
104 0.0 128.904449463 [[ 0.41893804  0.54224703]] [ 0.00430057]
105 0.0 128.82649231 [[ 0.41892498  0.54222021]] [ 0.0042995]
106 0.0 128.787017822 [[ 0.41890216  0.54242165]] [ 0.00429005]
107 0.0 128.790969849 [[ 0.41906346  0.54223375]] [ 0.00428429]
108 0.0 128.777786255 [[ 0.41906286  0.54216258]] [ 0.00428847]
109 0.0 128.859893799 [[ 0.41917733  0.5420008 ]] [ 0.00429039]
110 0.0 128.851715088 [[ 0.41917648  0.54204171]] [ 0.00428978]
111 0.0 128.826797485 [[ 0.41918497  0.5421019 ]] [ 0.00428296]
112 0.0 128.945968628 [[ 0.41913895  0.54211663]] [ 0.00428752]
113 0.0 128.866516113 [[ 0.41918852  0.54190309]] [ 0.00430036]
114 0.0 128.765090942 [[ 0.41920423  0.54190235]] [ 0.00429914]
115 0.0 128.862289429 [[ 0.41925479  0.54200349]] [ 0.00429076]
116 0.0 128.854278564 [[ 0.41915092  0.54192053]] [ 0.00430229]
117 0.0 128.903518677 [[ 0.41916321  0.54199489]] [ 0.0042981]
118 0.0 128.77633667 [[ 0.41920221  0.54188836]] [ 0.00430092]
119 0.0 128.765472412 [[ 0.41929682  0.54173822]] [ 0.00430438]
120 0.0 128.919128418 [[ 0.4192244   0.54186672]] [ 0.00430533]
121 0.0 128.850967407 [[ 0.41936735  0.54159865]] [ 0.00430716]
122 0.0 128.79750061 [[ 0.41934023  0.54173354]] [ 0.00430057]
123 0.0 128.824783325 [[ 0.419408    0.54185774]] [ 0.00428511]
124 0.0 128.86340332 [[ 0.41916841  0.5418122 ]] [ 0.00430999]
125 0.0 128.854766846 [[ 0.4193679   0.54187977]] [ 0.00428457]
126 0.0 128.717849731 [[ 0.41967262  0.54162131]] [ 0.0042777]
127 0.0 128.841293335 [[ 0.41952058  0.54164959]] [ 0.00428919]
128 0.0 128.813278198 [[ 0.41969506  0.54151372]] [ 0.0042853]
129 0.0 128.718002319 [[ 0.41970034  0.54138434]] [ 0.00429492]
130 0.0 128.75982666 [[ 0.41961722  0.54157063]] [ 0.00429085]
131 0.0 128.713104248 [[ 0.41945825  0.5415604 ]] [ 0.00429975]
132 0.0 128.662002563 [[ 0.41943387  0.54158319]] [ 0.00430323]
133 0.0 128.802947998 [[ 0.4194208   0.54151021]] [ 0.00430372]
134 0.0 128.747344971 [[ 0.41958928  0.54130642]] [ 0.0043029]
135 0.0 128.675384521 [[ 0.41948865  0.5412546 ]] [ 0.00432361]
136 0.0 128.749847412 [[ 0.41954194  0.54132736]] [ 0.00431068]
137 0.0 128.789764404 [[ 0.41975675  0.54154374]] [ 0.00427804]
138 0.0 128.789505005 [[ 0.41983219  0.54146847]] [ 0.00427706]
139 0.0 128.754577637 [[ 0.41977071  0.54161121]] [ 0.00427467]
140 0.0 128.704437256 [[ 0.41954036  0.54116215]] [ 0.00431912]
141 0.0 128.806671143 [[ 0.41965138  0.54139428]] [ 0.00429606]
142 0.0 128.749389648 [[ 0.41960516  0.5414655 ]] [ 0.00429621]
143 0.0 128.835205078 [[ 0.41960151  0.5412778 ]] [ 0.00431274]
144 0.0 128.778610229 [[ 0.41982546  0.54098194]] [ 0.00430646]
145 0.0 128.741134644 [[ 0.41982168  0.54085507]] [ 0.00431942]
146 0.0 128.838806152 [[ 0.41968655  0.54095562]] [ 0.00432958]
147 0.0 128.820098877 [[ 0.41960443  0.54119415]] [ 0.00432117]
148 0.0 128.766998291 [[ 0.41966927  0.54111009]] [ 0.00431623]
149 0.0 128.721954346 [[ 0.41969045  0.54086583]] [ 0.00432998]
150 0.0 128.836730957 [[ 0.41968373  0.54124812]] [ 0.00431148]
151 0.0 128.746139526 [[ 0.41974812  0.54118328]] [ 0.00430739]
152 0.0 128.829605103 [[ 0.41998624  0.5409868 ]] [ 0.00429334]
153 0.0 128.753051758 [[ 0.42013867  0.54116034]] [ 0.00427711]
154 0.0 128.74671936 [[ 0.42015262  0.54086029]] [ 0.00429358]
155 0.0 128.735565186 [[ 0.42010734  0.54098326]] [ 0.00428831]
156 0.0 128.884552002 [[ 0.42005271  0.54062365]] [ 0.00432037]
157 0.0 128.72756958 [[ 0.42011939  0.54058705]] [ 0.00431333]
158 0.0 128.744674683 [[ 0.42037636  0.54023862]] [ 0.00430897]
159 0.0 128.668167114 [[ 0.4205063   0.54042471]] [ 0.00429167]
160 0.0 128.825393677 [[ 0.42055024  0.54053234]] [ 0.00428377]
161 0.0 128.727890015 [[ 0.42034191  0.54053759]] [ 0.0043011]
162 0.0 128.798843384 [[ 0.42041009  0.54056832]] [ 0.00429082]
163 0.0 128.770828247 [[ 0.42042813  0.54060535]] [ 0.00429193]
164 0.0 128.8462677 [[ 0.42027492  0.54055714]] [ 0.00430659]
165 0.0 128.788330078 [[ 0.42019542  0.5406057 ]] [ 0.00430924]
166 0.0 128.847244263 [[ 0.42032247  0.54068017]] [ 0.00429346]
167 0.0 128.781433105 [[ 0.42032655  0.54094179]] [ 0.00427566]
168 0.0 128.82182312 [[ 0.42031157  0.54079488]] [ 0.00428863]
169 0.0 128.787841797 [[ 0.42023444  0.54082754]] [ 0.00429226]
170 0.0 128.801895142 [[ 0.42029709  0.54055096]] [ 0.00430441]
171 0.0 128.733978271 [[ 0.42034585  0.54042619]] [ 0.00430742]
172 0.0 128.749893188 [[ 0.42050046  0.54030312]] [ 0.00430107]
173 0.0 128.769470215 [[ 0.42041633  0.54013855]] [ 0.00431891]
174 0.0 128.796722412 [[ 0.42057014  0.54038116]] [ 0.00428983]
175 0.0 128.811721802 [[ 0.42063274  0.54039781]] [ 0.00428795]
176 0.0 128.82258606 [[ 0.42055535  0.54086306]] [ 0.00426153]
177 0.0 128.842605591 [[ 0.42039295  0.54096417]] [ 0.00426948]
178 0.0 128.786117554 [[ 0.42035148  0.54093783]] [ 0.00427609]
179 0.0 128.788742065 [[ 0.42027983  0.54102221]] [ 0.00427259]
180 0.0 128.804977417 [[ 0.42035787  0.54095591]] [ 0.00427347]
181 0.0 128.769989014 [[ 0.4203709   0.54094153]] [ 0.00427031]
182 0.0 128.760787964 [[ 0.4204042   0.54094153]] [ 0.00427576]
183 0.0 128.772201538 [[ 0.42043207  0.54087747]] [ 0.00427568]
184 0.0 128.78187561 [[ 0.42043695  0.54081003]] [ 0.00427772]
185 0.0 128.83215332 [[ 0.42026009  0.54062771]] [ 0.00430491]
186 0.0 128.740707397 [[ 0.42035344  0.54087731]] [ 0.00428575]
187 0.0 128.842208862 [[ 0.42043445  0.54098129]] [ 0.00427567]
188 0.0 128.857833862 [[ 0.42045377  0.54082048]] [ 0.00428028]
189 0.0 128.71913147 [[ 0.42030779  0.54075733]] [ 0.00429486]
190 0.0 128.830917358 [[ 0.42012645  0.54097858]] [ 0.0043028]
191 0.0 128.858627319 [[ 0.42004104  0.54114509]] [ 0.00430027]
192 0.0 128.836425781 [[ 0.41998181  0.54088024]] [ 0.00431785]
193 0.0 128.843200684 [[ 0.4199737   0.54096249]] [ 0.00430952]
194 0.0 128.809844971 [[ 0.41998119  0.54091548]] [ 0.00431802]
195 0.0 128.844070435 [[ 0.42002702  0.54112119]] [ 0.00429962]
196 0.0 128.843475342 [[ 0.42023865  0.54083411]] [ 0.00430304]
197 0.0 128.872924805 [[ 0.42047289  0.54066454]] [ 0.00429042]
198 0.0 128.789398193 [[ 0.4203015   0.54072378]] [ 0.00430496]
199 0.0 128.770309448 [[ 0.42021972  0.54078766]] [ 0.00431007]
200 0.0 128.915771484 [[ 0.42015502  0.54072175]] [ 0.00431177]
201 0.0 128.804077148 [[ 0.42014796  0.54065355]] [ 0.00431782]
202 0.0 128.713119507 [[ 0.4202738   0.54075933]] [ 0.00429592]
203 0.0 128.816177368 [[ 0.42029764  0.54070937]] [ 0.00430666]
204 0.0 128.845825195 [[ 0.42050109  0.54070889]] [ 0.004281]
205 0.0 128.828475952 [[ 0.42032277  0.54065687]] [ 0.00430187]
206 0.0 128.78894043 [[ 0.4203683   0.54070099]] [ 0.00429821]
207 0.0 128.827819824 [[ 0.42005514  0.54085597]] [ 0.00431957]
208 0.0 128.78717041 [[ 0.42020867  0.54073129]] [ 0.00431475]
209 0.0 128.811889648 [[ 0.42017178  0.54062806]] [ 0.004324]
210 0.0 128.847000122 [[ 0.42017245  0.54079146]] [ 0.00430776]
211 0.0 128.809249878 [[ 0.420077    0.54086612]] [ 0.0043145]
212 0.0 128.840454102 [[ 0.4200126   0.54091867]] [ 0.00431953]
213 0.0 128.926223755 [[ 0.42016191  0.54066603]] [ 0.00431631]
214 0.0 128.854797363 [[ 0.42005266  0.54107136]] [ 0.00429572]
215 0.0 128.93057251 [[ 0.42012167  0.54106807]] [ 0.00428837]
216 0.0 128.846069336 [[ 0.42008316  0.54096178]] [ 0.00429834]
217 0.0 128.895294189 [[ 0.42023504  0.54072961]] [ 0.00430082]
218 0.0 128.872619629 [[ 0.42024624  0.54075765]] [ 0.00430429]
219 0.0 128.85786438 [[ 0.42017674  0.54081851]] [ 0.00430314]
220 0.0 128.980865479 [[ 0.4202641   0.54080362]] [ 0.00429345]
221 0.0 128.918426514 [[ 0.42031691  0.54052174]] [ 0.00431339]
222 0.0 128.819503784 [[ 0.42044768  0.54048839]] [ 0.00430387]
223 0.0 128.817276001 [[ 0.42069442  0.54047776]] [ 0.00428282]
224 0.0 128.830718994 [[ 0.42065912  0.54062139]] [ 0.00427643]
225 0.0 128.832336426 [[ 0.42063871  0.54039298]] [ 0.00429373]
226 0.0 128.759872437 [[ 0.42048199  0.54059156]] [ 0.00429279]
227 0.0 128.784667969 [[ 0.42034722  0.54080549]] [ 0.00428531]
228 0.0 128.736022949 [[ 0.42033159  0.54082077]] [ 0.00429116]
229 0.0 128.805969238 [[ 0.42034885  0.54088331]] [ 0.00428621]
230 0.0 128.732788086 [[ 0.42035504  0.54065965]] [ 0.00430019]
231 0.0 128.888198853 [[ 0.42044971  0.54073258]] [ 0.00429008]
232 0.0 128.793838501 [[ 0.42044497  0.54081268]] [ 0.00428696]
233 0.0 128.782516479 [[ 0.42042337  0.5408384 ]] [ 0.00428695]
234 0.0 128.762329102 [[ 0.42035968  0.54096249]] [ 0.00428608]
235 0.0 128.696640015 [[ 0.42040084  0.54083811]] [ 0.00429205]
236 0.0 128.792541504 [[ 0.42031884  0.54103556]] [ 0.0042841]
237 0.0 128.827178955 [[ 0.42044342  0.54059649]] [ 0.00430279]
238 0.0 128.852401733 [[ 0.42057794  0.54066193]] [ 0.00428453]
239 0.0 128.815246582 [[ 0.420598    0.54059623]] [ 0.0042892]
240 0.0 128.755615234 [[ 0.42065453  0.54026142]] [ 0.00430583]
241 0.0 128.778778076 [[ 0.42056473  0.54042864]] [ 0.00430301]
242 0.0 128.826873779 [[ 0.42045788  0.54041752]] [ 0.00431684]
243 0.0 128.819778442 [[ 0.42064515  0.5404602 ]] [ 0.00429458]
244 0.0 128.843902588 [[ 0.42057724  0.54045843]] [ 0.00429717]
245 0.0 128.831924438 [[ 0.42036273  0.54059581]] [ 0.00431183]
246 0.0 128.788589478 [[ 0.42035038  0.54061601]] [ 0.0043111]
247 0.0 128.877151489 [[ 0.42044588  0.54060303]] [ 0.00430456]
248 0.0 128.840805054 [[ 0.42081811  0.54118612]] [ 0.00423941]
249 0.0 128.822601318 [[ 0.42087817  0.54113328]] [ 0.00423702]
250 0.0 128.804779053 [[ 0.42070272  0.54108555]] [ 0.0042521]
251 0.0 128.745742798 [[ 0.42063076  0.5408787 ]] [ 0.00426854]
252 0.0 128.902145386 [[ 0.42052076  0.54090014]] [ 0.00427393]
253 0.0 128.736526489 [[ 0.42046695  0.54099973]] [ 0.00427441]
254 0.0 128.778045654 [[ 0.42032142  0.54095017]] [ 0.00428524]
255 0.0 128.778778076 [[ 0.42032543  0.54112309]] [ 0.00427597]
256 0.0 128.83291626 [[ 0.42043565  0.5410177 ]] [ 0.00427462]
257 0.0 128.790283203 [[ 0.42055252  0.54089372]] [ 0.00427482]
258 0.0 128.840377808 [[ 0.42053097  0.54064933]] [ 0.00429283]
259 0.0 128.822998047 [[ 0.42049505  0.54054845]] [ 0.00430354]
260 0.0 128.885498047 [[ 0.42063036  0.54054538]] [ 0.00429296]
261 0.0 128.769393921 [[ 0.42076675  0.54041243]] [ 0.00428807]
262 0.0 128.924194336 [[ 0.42055824  0.54045779]] [ 0.00430821]
263 0.0 128.830810547 [[ 0.42064255  0.54030747]] [ 0.00430853]
264 0.0 128.933868408 [[ 0.42068966  0.54041169]] [ 0.00430077]
265 0.0 128.916702271 [[ 0.42054332  0.54057348]] [ 0.00429734]
266 0.0 128.812240601 [[ 0.4203355   0.54061672]] [ 0.00431097]
267 0.0 128.74269104 [[ 0.42049848  0.54065349]] [ 0.00429588]
268 0.0 128.764724731 [[ 0.42038401  0.5409849 ]] [ 0.00428598]
269 0.0 128.82460022 [[ 0.42033457  0.54062214]] [ 0.00430955]
270 0.0 128.779373169 [[ 0.42022134  0.54058579]] [ 0.00431885]
271 0.0 128.761917114 [[ 0.4204547   0.54076803]] [ 0.00428773]
272 0.0 128.769485474 [[ 0.42039831  0.54065159]] [ 0.00429898]
273 0.0 128.788864136 [[ 0.42057719  0.54054893]] [ 0.00429124]
274 0.0 128.840515137 [[ 0.42036862  0.54050566]] [ 0.00431066]
275 0.0 128.68371582 [[ 0.42020987  0.54036798]] [ 0.00432628]
276 0.0 128.765899658 [[ 0.42024479  0.54042268]] [ 0.00432336]
277 0.0 128.866577148 [[ 0.42020534  0.5404881 ]] [ 0.00432389]
278 0.0 128.794967651 [[ 0.42049991  0.54031858]] [ 0.00431052]
279 0.0 128.829574585 [[ 0.42051452  0.54036122]] [ 0.00430505]
280 0.0 128.824676514 [[ 0.4205162   0.54047831]] [ 0.00430108]
281 0.0 128.830963135 [[ 0.42042535  0.54042145]] [ 0.00431136]
282 0.0 128.911209106 [[ 0.42023357  0.54091626]] [ 0.00430067]
283 0.0 128.776565552 [[ 0.42028306  0.54096362]] [ 0.00429225]
284 0.0 128.783279419 [[ 0.42030065  0.54094827]] [ 0.00429063]
285 0.0 128.739929199 [[ 0.42036541  0.54083492]] [ 0.00429714]
286 0.0 128.757598877 [[ 0.42027114  0.54084085]] [ 0.00430456]
287 0.0 128.773803711 [[ 0.42023484  0.54084894]] [ 0.00430884]
288 0.0 128.760757446 [[ 0.42030103  0.54069097]] [ 0.00431454]
289 0.0 128.735076904 [[ 0.42041906  0.54077873]] [ 0.00429564]
290 0.0 128.767791748 [[ 0.42034642  0.54108416]] [ 0.00427922]
291 0.0 128.74621582 [[ 0.42029932  0.5411088 ]] [ 0.00428669]
292 0.0 128.804779053 [[ 0.42031548  0.5410385 ]] [ 0.00429301]
293 0.0 128.725692749 [[ 0.42031167  0.540857  ]] [ 0.00430296]
294 0.0 128.678070068 [[ 0.42036629  0.54084791]] [ 0.00429896]
295 0.0 128.799377441 [[ 0.42041267  0.54071911]] [ 0.00430379]
296 0.0 128.821624756 [[ 0.42044901  0.54057619]] [ 0.00430836]
297 0.0 128.699768066 [[ 0.42055836  0.54051545]] [ 0.00430098]
298 0.0 128.774414062 [[ 0.42058198  0.54034531]] [ 0.00430965]
299 0.0 128.799179077 [[ 0.42071135  0.54017647]] [ 0.00430809]
300 0.0 128.844940186 [[ 0.42088629  0.54034331]] [ 0.00428126]
301 0.0 128.786422729 [[ 0.42097258  0.54006975]] [ 0.00429505]
302 0.0 128.830108643 [[ 0.42084046  0.54034547]] [ 0.0042843]
303 0.0 128.807876587 [[ 0.4210071   0.54018021]] [ 0.0042828]
304 0.0 128.759689331 [[ 0.42095471  0.54030251]] [ 0.00427716]
305 0.0 128.776321411 [[ 0.42091512  0.54039185]] [ 0.00427879]
306 0.0 128.817398071 [[ 0.4208724   0.54045286]] [ 0.00428286]
307 0.0 128.738800049 [[ 0.42100475  0.54061791]] [ 0.00425409]
308 0.0 128.756332397 [[ 0.4209102   0.54059004]] [ 0.00426569]
309 0.0 128.841674805 [[ 0.42080439  0.54096507]] [ 0.00425368]
310 0.0 128.868652344 [[ 0.42050836  0.5411108 ]] [ 0.00427022]
311 0.0 128.836929321 [[ 0.42034314  0.54109893]] [ 0.00428777]
312 0.0 128.883636475 [[ 0.42033996  0.5409375 ]] [ 0.00430087]
313 0.0 128.764419556 [[ 0.42024061  0.5409573 ]] [ 0.00430704]
314 0.0 128.801177979 [[ 0.42023131  0.54108052]] [ 0.00429801]
315 0.0 128.870697021 [[ 0.42025225  0.54133575]] [ 0.00427634]
316 0.0 128.818527222 [[ 0.42027978  0.54137627]] [ 0.00427039]
317 0.0 128.749694824 [[ 0.42010574  0.54119283]] [ 0.00430409]
318 0.0 128.837753296 [[ 0.4196912   0.54201243]] [ 0.00425663]
319 0.0 128.834136963 [[ 0.41980409  0.54167817]] [ 0.0042768]
320 0.0 128.813201904 [[ 0.4198671   0.54162548]] [ 0.00427911]
321 0.0 128.815704346 [[ 0.419931    0.54150275]] [ 0.00428303]
322 0.0 128.855148315 [[ 0.41990905  0.54157873]] [ 0.00428022]
323 0.0 128.837020874 [[ 0.41988444  0.54158926]] [ 0.00428238]
324 0.0 128.788391113 [[ 0.41986693  0.54160227]] [ 0.00428156]
325 0.0 128.820343018 [[ 0.41992026  0.54164356]] [ 0.00427186]
326 0.0 128.955322266 [[ 0.41997578  0.54164049]] [ 0.00427031]
327 0.0 128.796936035 [[ 0.41986888  0.54160478]] [ 0.00427762]
328 0.0 128.834457397 [[ 0.41983352  0.5416607 ]] [ 0.00427743]
329 0.0 128.775894165 [[ 0.41977829  0.54168052]] [ 0.0042811]
330 0.0 128.806945801 [[ 0.41992134  0.54163658]] [ 0.00427128]
331 0.0 128.845367432 [[ 0.41988737  0.54148684]] [ 0.00428756]
332 0.0 128.835281372 [[ 0.41986447  0.54130819]] [ 0.00430619]
333 0.0 128.797927856 [[ 0.41970867  0.54140741]] [ 0.00431016]
334 0.0 128.759735107 [[ 0.41994449  0.5414493 ]] [ 0.00429007]
335 0.0 128.798675537 [[ 0.41990537  0.54140128]] [ 0.00429569]
336 0.0 128.840957642 [[ 0.42013191  0.54119941]] [ 0.00428853]
337 0.0 128.762496948 [[ 0.41989648  0.54115818]] [ 0.0043178]
338 0.0 128.870529175 [[ 0.41980759  0.54122563]] [ 0.00431763]
339 0.0 128.877700806 [[ 0.41996153  0.54131406]] [ 0.00430018]
340 0.0 128.86277771 [[ 0.4198622   0.54139896]] [ 0.00429971]
341 0.0 128.737594604 [[ 0.41977269  0.54148316]] [ 0.00430047]
342 0.0 128.786483765 [[ 0.41989871  0.54121986]] [ 0.00430951]
343 0.0 128.806015015 [[ 0.4200141   0.54125367]] [ 0.00430068]
344 0.0 128.7840271 [[ 0.41993252  0.54142223]] [ 0.00429266]
345 0.0 128.806991577 [[ 0.41993192  0.5412587 ]] [ 0.00429543]
346 0.0 128.753952026 [[ 0.41991706  0.54129458]] [ 0.00429274]
347 0.0 128.770629883 [[ 0.41998822  0.5412265 ]] [ 0.00429406]
348 0.0 128.799499512 [[ 0.41988072  0.54132139]] [ 0.0043041]
349 0.0 128.793167114 [[ 0.41987473  0.54115657]] [ 0.00431275]
350 0.0 128.787765503 [[ 0.41987779  0.54131571]] [ 0.00430189]
351 0.0 128.660324097 [[ 0.41988357  0.54128441]] [ 0.00429896]
352 0.0 128.712280273 [[ 0.41989698  0.54167629]] [ 0.00427218]
353 0.0 128.870193481 [[ 0.41984781  0.54134307]] [ 0.00429811]
354 0.0 128.898376465 [[ 0.42007472  0.54135675]] [ 0.00427605]
355 0.0 128.798873901 [[ 0.42034958  0.54161337]] [ 0.00423432]
356 0.0 128.795318604 [[ 0.42021613  0.54150775]] [ 0.00425556]
357 0.0 128.786972046 [[ 0.42011681  0.54162499]] [ 0.0042486]
358 0.0 128.730422974 [[ 0.42014042  0.54152192]] [ 0.00425452]
359 0.0 128.787017822 [[ 0.42004545  0.54157912]] [ 0.0042581]
360 0.0 128.800201416 [[ 0.4201133   0.54156169]] [ 0.00425477]
361 0.0 128.738632202 [[ 0.42007557  0.54154516]] [ 0.00426062]
362 0.0 128.767791748 [[ 0.41999162  0.54150933]] [ 0.00427068]
363 0.0 128.913070679 [[ 0.41997378  0.54112403]] [ 0.00430189]
364 0.0 128.750747681 [[ 0.41997645  0.54113099]] [ 0.00429776]
365 0.0 128.764678955 [[ 0.41996897  0.54104856]] [ 0.00430347]
366 0.0 128.697540283 [[ 0.42005083  0.54107297]] [ 0.00429458]
367 0.0 128.848953247 [[ 0.41998091  0.54108097]] [ 0.004296]
368 0.0 128.82661438 [[ 0.41999423  0.54114934]] [ 0.00429149]
369 0.0 128.801177979 [[ 0.42019565  0.54125806]] [ 0.00426513]
370 0.0 128.748123169 [[ 0.42015853  0.54117579]] [ 0.00427981]
371 0.0 128.85710144 [[ 0.42020243  0.54113457]] [ 0.00427867]
372 0.0 128.775894165 [[ 0.41998907  0.54101215]] [ 0.00430846]
373 0.0 128.734039307 [[ 0.42010299  0.54095711]] [ 0.00430411]
374 0.0 128.731140137 [[ 0.41997483  0.54110316]] [ 0.00430179]
375 0.0 128.790222168 [[ 0.42006868  0.54110858]] [ 0.0042968]
376 0.0 128.762237549 [[ 0.42014959  0.54121954]] [ 0.00428019]
377 0.0 128.792541504 [[ 0.42008018  0.54098168]] [ 0.00430493]
378 0.0 128.757904053 [[ 0.42016299  0.54072774]] [ 0.00431102]
379 0.0 128.753067017 [[ 0.42022575  0.54085013]] [ 0.00429688]
380 0.0 128.792144775 [[ 0.42023221  0.54103137]] [ 0.00428622]
381 0.0 128.793014526 [[ 0.42019612  0.5408433 ]] [ 0.00429638]
382 0.0 128.779647827 [[ 0.42017326  0.54089043]] [ 0.00429636]
383 0.0 128.750366211 [[ 0.42031749  0.54082031]] [ 0.00428312]
384 0.0 128.769165039 [[ 0.42026696  0.54099915]] [ 0.00427755]
385 0.0 128.671875 [[ 0.42024273  0.54080736]] [ 0.00429214]
386 0.0 128.777526855 [[ 0.42030564  0.54080023]] [ 0.00428848]
387 0.0 128.792877197 [[ 0.42037782  0.54102953]] [ 0.0042721]
388 0.0 128.696365356 [[ 0.42041751  0.54099625]] [ 0.00426729]
389 0.0 128.718063354 [[ 0.4205163   0.54089649]] [ 0.00427022]
390 0.0 128.718994141 [[ 0.4203832   0.54075343]] [ 0.00429236]
391 0.0 128.740280151 [[ 0.42022087  0.54055276]] [ 0.00431598]
392 0.0 128.692901611 [[ 0.42039588  0.54068572]] [ 0.00429641]
393 0.0 128.733169556 [[ 0.42025586  0.54067946]] [ 0.00430553]
394 0.0 128.718002319 [[ 0.42030238  0.54071585]] [ 0.00429923]
395 0.0 128.684204102 [[ 0.42052738  0.54058888]] [ 0.00428521]
396 0.0 128.725189209 [[ 0.42038581  0.54048868]] [ 0.00430069]
397 0.0 128.699523926 [[ 0.42034026  0.54030447]] [ 0.00431673]
398 0.0 128.733139038 [[ 0.42047485  0.54032676]] [ 0.00430185]
399 0.0 128.737625122 [[ 0.4205525  0.5402676]] [ 0.00429848]
400 0.0 128.728515625 [[ 0.42050968  0.54046124]] [ 0.00428661]
401 0.0 128.746261597 [[ 0.4202654   0.54052628]] [ 0.00430653]
402 0.0 128.739578247 [[ 0.42044833  0.54069538]] [ 0.00428067]
403 0.0 128.674972534 [[ 0.42047074  0.54062204]] [ 0.00428388]
404 0.0 128.75440979 [[ 0.42043269  0.54060406]] [ 0.00429133]
405 0.0 128.768173218 [[ 0.42038275  0.54060867]] [ 0.00429497]
406 0.0 128.633102417 [[ 0.4202892   0.54079198]] [ 0.00429228]
407 0.0 128.645019531 [[ 0.42023009  0.54070006]] [ 0.00429734]
408 0.0 128.725601196 [[ 0.42024003  0.5407358 ]] [ 0.00429979]
409 0.0 128.679855347 [[ 0.42027259  0.54081151]] [ 0.0042886]
410 0.0 128.743774414 [[ 0.4201952   0.54074698]] [ 0.00430145]
411 0.0 128.590454102 [[ 0.42004347  0.54102979]] [ 0.00429247]
412 0.0 128.682876587 [[ 0.42018866  0.54101579]] [ 0.00428176]
413 0.0 128.711181641 [[ 0.42012668  0.54094376]] [ 0.00428776]
414 0.0 128.722290039 [[ 0.42001849  0.54117676]] [ 0.00428056]
415 0.0 128.662963867 [[ 0.4200309   0.54118857]] [ 0.00428007]
416 0.0 128.628890991 [[ 0.41993538  0.54114299]] [ 0.0042907]
417 0.0 128.646499634 [[ 0.42000114  0.5412697 ]] [ 0.00427726]
418 0.0 128.760345459 [[ 0.42003869  0.54127044]] [ 0.00427442]
419 0.0 128.692245483 [[ 0.41999015  0.54111777]] [ 0.00428435]
420 0.0 128.828323364 [[ 0.42002024  0.54144943]] [ 0.00426039]
421 0.0 128.634017944 [[ 0.42004002  0.5414159 ]] [ 0.00426253]
422 0.0 128.727767944 [[ 0.4197276   0.54135162]] [ 0.00430113]
423 0.0 128.644943237 [[ 0.41977989  0.54139683]] [ 0.00429196]
424 0.0 128.7784729 [[ 0.41982283  0.54119234]] [ 0.00430073]
425 0.0 128.703948975 [[ 0.41992319  0.54124225]] [ 0.00428776]
426 0.0 128.65057373 [[ 0.41989466  0.54157341]] [ 0.00426854]
427 0.0 128.744750977 [[ 0.41951391  0.54156976]] [ 0.00430342]
428 0.0 128.731719971 [[ 0.41950013  0.5417834 ]] [ 0.00428872]
429 0.0 128.804840088 [[ 0.41942765  0.54196579]] [ 0.00428392]
430 0.0 128.860671997 [[ 0.41940912  0.54196055]] [ 0.00429559]
431 0.0 128.793792725 [[ 0.41927745  0.5417131 ]] [ 0.00431785]
432 0.0 128.881240845 [[ 0.41955104  0.54157563]] [ 0.00430036]
433 0.0 128.745040894 [[ 0.41944467  0.54142839]] [ 0.00431704]
434 0.0 128.809875488 [[ 0.41935248  0.54180032]] [ 0.00430052]
435 0.0 128.755447388 [[ 0.41938325  0.54184747]] [ 0.00429336]
436 0.0 128.798782349 [[ 0.41969118  0.54171165]] [ 0.00426895]
437 0.0 128.75730896 [[ 0.41960681  0.54172085]] [ 0.00428189]
438 0.0 128.748016357 [[ 0.41964385  0.5417441 ]] [ 0.00427574]
439 0.0 128.734802246 [[ 0.41959611  0.54151385]] [ 0.00430103]
440 0.0 128.645675659 [[ 0.41957642  0.54159758]] [ 0.00429376]
441 0.0 128.689193726 [[ 0.41975497  0.54141061]] [ 0.00428866]
442 0.0 128.628158569 [[ 0.41962154  0.54145521]] [ 0.00430102]
443 0.0 128.770889282 [[ 0.41962604  0.54139951]] [ 0.00430215]
444 0.0 128.762374878 [[ 0.41976606  0.5413906 ]] [ 0.00429147]
445 0.0 128.722991943 [[ 0.4197905   0.54140867]] [ 0.00428087]
446 0.0 128.715927124 [[ 0.41979381  0.54162651]] [ 0.00426775]
447 0.0 128.736846924 [[ 0.41983474  0.54158429]] [ 0.00426062]
448 0.0 128.724227905 [[ 0.41974407  0.54136182]] [ 0.00428691]
449 0.0 128.672424316 [[ 0.41972753  0.54137585]] [ 0.0042892]
450 0.0 128.742996216 [[ 0.41971059  0.54167539]] [ 0.0042716]
451 0.0 128.727874756 [[ 0.41959368  0.5416503 ]] [ 0.00428567]
452 0.0 128.713104248 [[ 0.4196465   0.54143652]] [ 0.00429511]
453 0.0 128.900878906 [[ 0.42055566  0.54101363]] [ 0.00422862]
454 0.0 128.788269043 [[ 0.42063345  0.54066503]] [ 0.00424254]
455 0.0 128.857254028 [[ 0.42074531  0.54053114]] [ 0.00424153]
456 0.0 128.751907349 [[ 0.42088725  0.54028425]] [ 0.0042425]
457 0.0 128.730407715 [[ 0.42085546  0.54013613]] [ 0.00425281]
458 0.0 128.768844604 [[ 0.42082022  0.54025488]] [ 0.00424564]
459 0.0 128.717575073 [[ 0.42081011  0.54032879]] [ 0.00424159]
460 0.0 128.662796021 [[ 0.42067263  0.5402619 ]] [ 0.00425929]
461 0.0 128.66217041 [[ 0.42079544  0.53995488]] [ 0.00426917]
462 0.0 128.724441528 [[ 0.42074483  0.53998806]] [ 0.00427357]
463 0.0 128.682266235 [[ 0.42065752  0.5399094 ]] [ 0.00428975]
464 0.0 128.663925171 [[ 0.42059592  0.53989885]] [ 0.00429489]
465 0.0 128.615234375 [[ 0.42086332  0.53983867]] [ 0.0042707]
466 0.0 128.699325562 [[ 0.42094789  0.53971165]] [ 0.00427079]
467 0.0 128.660995483 [[ 0.42085632  0.53974562]] [ 0.00427778]
468 0.0 128.639526367 [[ 0.42084455  0.53957665]] [ 0.00428798]
469 0.0 128.626541138 [[ 0.42084498  0.53943992]] [ 0.00430454]
470 0.0 128.678482056 [[ 0.42083979  0.53955057]] [ 0.00429348]
471 0.0 128.733886719 [[ 0.42082576  0.53979475]] [ 0.00427588]
472 0.0 128.652328491 [[ 0.42087262  0.53970422]] [ 0.00427925]
473 0.0 128.850906372 [[ 0.42077778  0.53984408]] [ 0.00428342]
474 0.0 128.742889404 [[ 0.42070719  0.54003589]] [ 0.00428155]
475 0.0 128.705093384 [[ 0.42068113  0.53982426]] [ 0.00428863]
476 0.0 128.801467896 [[ 0.42062269  0.53996656]] [ 0.00428584]
477 0.0 128.704666138 [[ 0.42069111  0.54008977]] [ 0.00426914]
478 0.0 128.679916382 [[ 0.42066702  0.5400476 ]] [ 0.00427418]
479 0.0 128.647964478 [[ 0.42051685  0.54019215]] [ 0.00428729]
480 0.0 128.645202637 [[ 0.42047392  0.54036389]] [ 0.0042758]
481 0.0 128.619918823 [[ 0.42047259  0.54022719]] [ 0.0042857]
482 0.0 128.664031982 [[ 0.42055099  0.54018298]] [ 0.004281]
483 0.0 128.773529053 [[ 0.42049643  0.54032663]] [ 0.00427678]
484 0.0 128.693527222 [[ 0.42055027  0.54035471]] [ 0.00426491]
485 0.0 128.660766602 [[ 0.42053869  0.54042738]] [ 0.00426197]
486 0.0 128.695404053 [[ 0.42042676  0.54046835]] [ 0.00427358]
487 0.0 128.722549438 [[ 0.42020439  0.54018217]] [ 0.00431557]
488 0.0 128.63710022 [[ 0.42024935  0.54029249]] [ 0.00430161]
489 0.0 128.64465332 [[ 0.4203834   0.54019502]] [ 0.00428987]
490 0.0 128.719223022 [[ 0.42016855  0.54026055]] [ 0.00431064]
491 0.0 128.789001465 [[ 0.42034374  0.54028699]] [ 0.00429008]
492 0.0 128.73991394 [[ 0.42033242  0.54045189]] [ 0.00427588]
493 0.0 128.663650513 [[ 0.42038411  0.54049899]] [ 0.00427067]
494 0.0 128.695892334 [[ 0.42045046  0.54039713]] [ 0.00427475]
495 0.0 128.650421143 [[ 0.42049134  0.54040673]] [ 0.00427038]
496 0.0 128.702041626 [[ 0.4204668   0.54037616]] [ 0.00427351]
497 0.0 128.724502563 [[ 0.4203905   0.54036128]] [ 0.0042779]
498 0.0 128.702301025 [[ 0.42044743  0.54055637]] [ 0.00426029]
499 0.0 128.719314575 [[ 0.42020947  0.5404662 ]] [ 0.00428857]
creating pickled numpy output
wrote pickled numpy output
Final validation loss
garray(128.58450317382812)
Final test loss
garray(129.9352264404297)
Theano: Initializing cuBLAS
