(50000L, 784L)
compiled score function
Old best loss:
garray(128.98341369628906)
Compiled loss functions
[164455, 164527, 197218, 197271, 197278, 197282, 197382, 197398, 197414, 197426, 197427, 197498, 197514, 197534, 197567, 197594, 197595, 197694, 197722, 197734, 197735, 197766, 197798, 197822, 197830, 197846, 197847, 197858, 197886, 197938, 197946, 197947, 197991]

0 0.0 128.996383667 [[ 0.39357355  0.52509207]] [ 0.00432568]
1 0.0 129.009979248 [[ 0.39353156  0.52502515]] [ 0.00433444]
2 0.0 128.984741211 [[ 0.393217    0.52496282]] [ 0.0043637]
3 0.0 129.013046265 [[ 0.39324379  0.52477677]] [ 0.00436823]
4 0.0 129.098480225 [[ 0.39323029  0.52482025]] [ 0.00436834]
5 0.0 128.983764648 [[ 0.39332952  0.52488717]] [ 0.00435458]
6 0.0 128.930084229 [[ 0.39307497  0.5246289 ]] [ 0.00438262]
7 0.0 128.947677612 [[ 0.39339291  0.52425154]] [ 0.00437544]
8 0.0 128.996017456 [[ 0.39357001  0.52424023]] [ 0.00436158]
9 0.0 128.964294434 [[ 0.39342373  0.52425639]] [ 0.00437231]
10 0.0 129.025741577 [[ 0.39357419  0.52428432]] [ 0.00436605]
11 0.0 128.980926514 [[ 0.39376742  0.52435595]] [ 0.0043416]
12 0.0 129.051895142 [[ 0.39366205  0.52410014]] [ 0.00436285]
13 0.0 129.010391235 [[ 0.39370276  0.52387942]] [ 0.00436861]
14 0.0 129.037582397 [[ 0.39373127  0.52413447]] [ 0.00435408]
15 0.0 129.082580566 [[ 0.39364328  0.52429961]] [ 0.00435668]
16 0.0 128.961364746 [[ 0.39375695  0.52460814]] [ 0.00432814]
17 0.0 129.051864624 [[ 0.39350201  0.52423483]] [ 0.00436444]
18 0.0 129.064178467 [[ 0.393596    0.52441443]] [ 0.00435054]
19 0.0 128.993743896 [[ 0.39319476  0.52462043]] [ 0.00436905]
20 0.0 129.073226929 [[ 0.3931103   0.52501217]] [ 0.0043546]
21 0.0 128.990432739 [[ 0.393057    0.52493685]] [ 0.00436201]
22 0.0 129.014175415 [[ 0.39318925  0.52496692]] [ 0.00434754]
23 0.0 128.927001953 [[ 0.39317249  0.5249683 ]] [ 0.00434494]
24 0.0 129.102127075 [[ 0.39325129  0.52497315]] [ 0.00433515]
25 0.0 129.000793457 [[ 0.39311461  0.52498892]] [ 0.00434124]
26 0.0 128.947952271 [[ 0.39323219  0.52496726]] [ 0.00433522]
27 0.0 128.962921143 [[ 0.39334325  0.52494095]] [ 0.00432698]
28 0.0 128.911682129 [[ 0.39308795  0.52469911]] [ 0.00435547]
29 0.0 128.99710083 [[ 0.3931713   0.52494815]] [ 0.00433862]
30 0.0 129.023223877 [[ 0.39313301  0.5249015 ]] [ 0.00434136]
31 0.0 128.918365479 [[ 0.39314878  0.52458944]] [ 0.00435089]
32 0.0 129.011474609 [[ 0.39330417  0.52457637]] [ 0.0043436]
33 0.0 128.972885132 [[ 0.39332851  0.52457343]] [ 0.00433884]
34 0.0 128.999420166 [[ 0.39336276  0.52454923]] [ 0.00433446]
35 0.0 129.058807373 [[ 0.39347581  0.52463247]] [ 0.00432109]
36 0.0 128.987670898 [[ 0.39332881  0.52433773]] [ 0.00434823]
37 0.0 129.011764526 [[ 0.39322016  0.5244843 ]] [ 0.00434862]
38 0.0 129.002578735 [[ 0.39322232  0.52410067]] [ 0.00436302]
39 0.0 129.01121521 [[ 0.39294541  0.52451168]] [ 0.00435706]
40 0.0 129.003433228 [[ 0.39297108  0.52461214]] [ 0.00435157]
41 0.0 129.04335022 [[ 0.39281534  0.52456831]] [ 0.00436719]
42 0.0 129.087387085 [[ 0.39286351  0.52475522]] [ 0.00435538]
43 0.0 128.977218628 [[ 0.39304416  0.52510086]] [ 0.00432058]
44 0.0 128.950073242 [[ 0.39298443  0.52505432]] [ 0.00432325]
45 0.0 128.971893311 [[ 0.39272264  0.52487321]] [ 0.00435317]
46 0.0 128.896469116 [[ 0.39263115  0.52518312]] [ 0.00434223]
47 0.0 128.972518921 [[ 0.3927928   0.52501264]] [ 0.00433809]
48 0.0 128.992675781 [[ 0.39252711  0.52535851]] [ 0.00433905]
49 0.0 128.998168945 [[ 0.39261175  0.52514236]] [ 0.00434111]
50 0.0 129.05456543 [[ 0.39257147  0.52498504]] [ 0.0043514]
51 0.0 129.035049438 [[ 0.39229331  0.52537608]] [ 0.00435557]
52 0.0 128.926239014 [[ 0.39228595  0.52536026]] [ 0.00435151]
53 0.0 129.029022217 [[ 0.3924177   0.52523596]] [ 0.00434464]
54 0.0 128.967544556 [[ 0.39237925  0.52506678]] [ 0.00435333]
55 0.0 128.889251709 [[ 0.39237429  0.52542888]] [ 0.0043374]
56 0.0 128.87789917 [[ 0.3924682  0.5253163]] [ 0.00433419]
57 0.0 128.914093018 [[ 0.39236279  0.52517501]] [ 0.0043452]
58 0.0 128.927215576 [[ 0.39229708  0.52505648]] [ 0.00435331]
59 0.0 128.975402832 [[ 0.39244418  0.52510665]] [ 0.00433532]
60 0.0 128.963928223 [[ 0.39239368  0.52523909]] [ 0.00433212]
61 0.0 128.973373413 [[ 0.39220615  0.52514255]] [ 0.00434675]
62 0.0 128.952087402 [[ 0.39206921  0.52532594]] [ 0.00434639]
63 0.0 128.837371826 [[ 0.39210947  0.52548951]] [ 0.00433157]
64 0.0 128.922485352 [[ 0.39176511  0.52565626]] [ 0.00435007]
65 0.0 128.908691406 [[ 0.39178278  0.52573939]] [ 0.00434395]
66 0.0 128.951324463 [[ 0.39178479  0.52592221]] [ 0.00433366]
67 0.0 128.871398926 [[ 0.39185467  0.52572018]] [ 0.00433697]
68 0.0 128.861114502 [[ 0.39174243  0.52566065]] [ 0.00434777]
69 0.0 128.956268311 [[ 0.39174976  0.52563248]] [ 0.00434785]
70 0.0 128.943710327 [[ 0.39160882  0.5253705 ]] [ 0.00436401]
71 0.0 128.876815796 [[ 0.39172455  0.52538153]] [ 0.00435583]
72 0.0 128.911422729 [[ 0.39173006  0.52542684]] [ 0.0043496]
73 0.0 128.875656128 [[ 0.39168742  0.52583971]] [ 0.00433101]
74 0.0 128.901504517 [[ 0.39146691  0.52600726]] [ 0.0043389]
75 0.0 128.95010376 [[ 0.39136213  0.52604721]] [ 0.00434515]
76 0.0 128.881866455 [[ 0.39119083  0.52608559]] [ 0.00435114]
77 0.0 128.936203003 [[ 0.39141521  0.52596817]] [ 0.0043404]
78 0.0 128.896224976 [[ 0.39148987  0.52600598]] [ 0.00433116]
79 0.0 128.909500122 [[ 0.39160605  0.52614542]] [ 0.00431571]
80 0.0 128.868041992 [[ 0.39157477  0.52600767]] [ 0.00432295]
81 0.0 128.953918457 [[ 0.3916684   0.52598121]] [ 0.00431605]
82 0.0 128.937469482 [[ 0.391673   0.5258183]] [ 0.00432494]
83 0.0 128.973464966 [[ 0.39162348  0.52579793]] [ 0.00432737]
84 0.0 128.923049927 [[ 0.39141236  0.525821  ]] [ 0.0043373]
85 0.0 128.908462524 [[ 0.39152527  0.52578891]] [ 0.00432856]
86 0.0 128.884750366 [[ 0.3916321   0.52544059]] [ 0.0043357]
87 0.0 128.855163574 [[ 0.39156205  0.52546142]] [ 0.00433403]
88 0.0 128.934539795 [[ 0.39186522  0.52519996]] [ 0.00432379]
89 0.0 128.923294067 [[ 0.39186695  0.52533214]] [ 0.00431524]
90 0.0 128.941070557 [[ 0.39161051  0.52538519]] [ 0.00433009]
91 0.0 129.000320435 [[ 0.39142188  0.52536214]] [ 0.0043447]
92 0.0 128.953765869 [[ 0.39146145  0.52546696]] [ 0.00433817]
93 0.0 129.031173706 [[ 0.39133449  0.52531214]] [ 0.00435315]
94 0.0 128.996459961 [[ 0.3915122   0.52540987]] [ 0.00433837]
95 0.0 128.893203735 [[ 0.39160518  0.52544839]] [ 0.0043226]
96 0.0 128.868682861 [[ 0.39164886  0.5253065 ]] [ 0.00432237]
97 0.0 129.008300781 [[ 0.39171014  0.52531016]] [ 0.0043206]
98 0.0 128.938095093 [[ 0.39155143  0.5254778 ]] [ 0.00431778]
99 0.0 128.924545288 [[ 0.39151295  0.525413  ]] [ 0.00432575]
100 0.0 128.876480103 [[ 0.39145853  0.52531082]] [ 0.00433666]
101 0.0 128.93510437 [[ 0.39124799  0.52517558]] [ 0.00435656]
102 0.0 128.88961792 [[ 0.39158644  0.52523073]] [ 0.00432576]
103 0.0 128.855957031 [[ 0.39147739  0.52510966]] [ 0.00433691]
104 0.0 128.87689209 [[ 0.39154928  0.52516556]] [ 0.0043315]
105 0.0 128.847366333 [[ 0.39154963  0.52505582]] [ 0.00433319]
106 0.0 128.885101318 [[ 0.39142008  0.52523775]] [ 0.00432943]
107 0.0 129.011489868 [[ 0.39140375  0.52539512]] [ 0.00432182]
108 0.0 128.937271118 [[ 0.39146381  0.52507998]] [ 0.00433622]
109 0.0 128.963043213 [[ 0.39152639  0.52520816]] [ 0.00432334]
110 0.0 128.942596436 [[ 0.39152868  0.5249979 ]] [ 0.00433092]
111 0.0 128.913192749 [[ 0.39141042  0.52509682]] [ 0.00433601]
112 0.0 128.976394653 [[ 0.39141929  0.52489014]] [ 0.00434076]
113 0.0 129.018280029 [[ 0.39139671  0.52484737]] [ 0.00434123]
114 0.0 128.957565308 [[ 0.39130452  0.52492371]] [ 0.00434639]
115 0.0 128.955123901 [[ 0.39134993  0.52477427]] [ 0.00434442]
116 0.0 128.916503906 [[ 0.39143382  0.52479835]] [ 0.00433534]
117 0.0 128.969940186 [[ 0.39123656  0.52473389]] [ 0.00435198]
118 0.0 128.929519653 [[ 0.39160278  0.52460692]] [ 0.0043302]
119 0.0 128.943069458 [[ 0.39141516  0.52462237]] [ 0.00434199]
120 0.0 128.95135498 [[ 0.39157829  0.52450634]] [ 0.00433368]
121 0.0 128.927474976 [[ 0.39153299  0.52422889]] [ 0.00434631]
122 0.0 128.882202148 [[ 0.39165869  0.5239499 ]] [ 0.00435416]
123 0.0 128.949356079 [[ 0.39150735  0.52421339]] [ 0.0043496]
124 0.0 129.009872437 [[ 0.39167309  0.52417524]] [ 0.00433674]
125 0.0 128.985443115 [[ 0.39172179  0.52413856]] [ 0.00433374]
126 0.0 129.059173584 [[ 0.39154473  0.52413088]] [ 0.00434266]
127 0.0 129.002075195 [[ 0.39170321  0.52415356]] [ 0.00432631]
128 0.0 129.013793945 [[ 0.39179462  0.5240039 ]] [ 0.00432739]
129 0.0 128.947616577 [[ 0.39155325  0.52385425]] [ 0.00435089]
130 0.0 128.925476074 [[ 0.39174395  0.52389366]] [ 0.00433124]
131 0.0 129.038864136 [[ 0.39138889  0.52426833]] [ 0.00433867]
132 0.0 129.017440796 [[ 0.39159515  0.52393229]] [ 0.00433783]
133 0.0 129.038192749 [[ 0.39169975  0.52372519]] [ 0.00434006]
134 0.0 129.101654053 [[ 0.39161496  0.52365077]] [ 0.0043486]
135 0.0 128.988540649 [[ 0.3915333   0.52344497]] [ 0.00436304]
136 0.0 128.933853149 [[ 0.39193194  0.52357568]] [ 0.00432046]
137 0.0 129.05796814 [[ 0.39171472  0.52330709]] [ 0.00434861]
138 0.0 128.99571228 [[ 0.39157176  0.52348141]] [ 0.00434795]
139 0.0 128.992141724 [[ 0.39169947  0.52334885]] [ 0.00434886]
140 0.0 129.040802002 [[ 0.39164283  0.52375666]] [ 0.00432492]
141 0.0 129.109405518 [[ 0.39163294  0.52342366]] [ 0.00434123]
142 0.0 128.984054565 [[ 0.39149659  0.523446  ]] [ 0.00434584]
143 0.0 129.046829224 [[ 0.39158289  0.52364665]] [ 0.00433021]
144 0.0 129.115341187 [[ 0.39164162  0.52369095]] [ 0.004319]
145 0.0 128.987823486 [[ 0.39159249  0.52362737]] [ 0.00432782]
146 0.0 129.038223267 [[ 0.39153141  0.52362228]] [ 0.00433526]
147 0.0 129.10975647 [[ 0.39143035  0.52348503]] [ 0.00434937]
148 0.0 129.054702759 [[ 0.39142188  0.52344728]] [ 0.00434646]
149 0.0 129.037002563 [[ 0.39140662  0.52349736]] [ 0.00434252]
150 0.0 129.044326782 [[ 0.3914467   0.52357394]] [ 0.00433732]
151 0.0 129.066940308 [[ 0.39152683  0.52354426]] [ 0.00432948]
152 0.0 129.057907104 [[ 0.39142386  0.52359472]] [ 0.00433245]
153 0.0 129.06401062 [[ 0.39139332  0.52358901]] [ 0.00433907]
154 0.0 129.090454102 [[ 0.39140028  0.52379796]] [ 0.00432144]
155 0.0 129.019378662 [[ 0.39118631  0.52377489]] [ 0.00433763]
156 0.0 129.051177979 [[ 0.39126984  0.52359319]] [ 0.00433975]
157 0.0 129.059844971 [[ 0.39136818  0.52370078]] [ 0.00432369]
158 0.0 129.071517944 [[ 0.39123052  0.52376971]] [ 0.00432895]
159 0.0 129.140899658 [[ 0.39120324  0.52382756]] [ 0.0043285]
160 0.0 129.134078979 [[ 0.3912443   0.52403448]] [ 0.00431237]
161 0.0 129.175598145 [[ 0.391109    0.52384798]] [ 0.00433144]
162 0.0 129.109741211 [[ 0.39105744  0.52399884]] [ 0.0043237]
163 0.0 129.09727478 [[ 0.39088161  0.52425189]] [ 0.00432486]
164 0.0 129.068572998 [[ 0.39087973  0.52434527]] [ 0.00431645]
165 0.0 129.009124756 [[ 0.39069313  0.52421755]] [ 0.00432897]
166 0.0 129.042526245 [[ 0.39076064  0.52426651]] [ 0.00431935]
167 0.0 128.990753174 [[ 0.3908288   0.52385179]] [ 0.0043369]
168 0.0 129.028717041 [[ 0.39088616  0.52415618]] [ 0.00431738]
169 0.0 129.020187378 [[ 0.39078973  0.52395171]] [ 0.00433141]
170 0.0 129.00579834 [[ 0.39084154  0.52420086]] [ 0.00431553]
171 0.0 129.03742981 [[ 0.39069907  0.52421783]] [ 0.00432619]
172 0.0 129.033218384 [[ 0.39082167  0.52382547]] [ 0.00433033]
173 0.0 128.991455078 [[ 0.39080853  0.52396674]] [ 0.00432324]
174 0.0 129.009628296 [[ 0.39062195  0.52390874]] [ 0.00434139]
175 0.0 129.021072388 [[ 0.39073104  0.5240818 ]] [ 0.00432208]
176 0.0 129.067153931 [[ 0.39072058  0.52404066]] [ 0.00432188]
177 0.0 128.89024353 [[ 0.39063198  0.52378956]] [ 0.0043363]
178 0.0 128.831558228 [[ 0.39071201  0.52415556]] [ 0.0043122]
179 0.0 128.902740479 [[ 0.390664    0.52420574]] [ 0.00431047]
180 0.0 129.007644653 [[ 0.39073158  0.52441618]] [ 0.00429395]
181 0.0 128.925491333 [[ 0.39051093  0.52461752]] [ 0.00430159]
182 0.0 128.927597046 [[ 0.3903457  0.5241853]] [ 0.00433687]
183 0.0 128.975341797 [[ 0.39041369  0.52383643]] [ 0.00435042]
184 0.0 129.080383301 [[ 0.39069371  0.52354123]] [ 0.0043358]
185 0.0 129.028198242 [[ 0.39052249  0.52389741]] [ 0.00432974]
186 0.0 128.965744019 [[ 0.39072464  0.52398185]] [ 0.00430933]
187 0.0 128.946411133 [[ 0.39046428  0.52370712]] [ 0.00434546]
188 0.0 128.906814575 [[ 0.39069071  0.52360324]] [ 0.00432908]
189 0.0 128.899246216 [[ 0.39063468  0.52363211]] [ 0.00432726]
190 0.0 129.011550903 [[ 0.39068242  0.52355665]] [ 0.00433312]
191 0.0 129.029083252 [[ 0.39067508  0.52363723]] [ 0.0043267]
192 0.0 128.948440552 [[ 0.39067231  0.52344372]] [ 0.00433451]
193 0.0 128.938644409 [[ 0.3905948   0.52366888]] [ 0.0043241]
194 0.0 128.924758911 [[ 0.39056912  0.52367194]] [ 0.00432323]
195 0.0 128.913116455 [[ 0.39066754  0.52353821]] [ 0.00432364]
196 0.0 128.900024414 [[ 0.39070589  0.52351318]] [ 0.00431943]
197 0.0 128.976867676 [[ 0.39059675  0.52324577]] [ 0.00433897]
198 0.0 128.997894287 [[ 0.39048153  0.52337272]] [ 0.00433996]
199 0.0 129.004669189 [[ 0.3904822   0.52307133]] [ 0.00435349]
200 0.0 129.125747681 [[ 0.39077206  0.52292036]] [ 0.00433734]
201 0.0 129.003433228 [[ 0.39080483  0.52291484]] [ 0.00433574]
202 0.0 129.03086853 [[ 0.39074555  0.52300465]] [ 0.00432818]
203 0.0 129.022109985 [[ 0.39074129  0.52297959]] [ 0.00433579]
204 0.0 128.957946777 [[ 0.39062148  0.52313637]] [ 0.004334]
205 0.0 128.910583496 [[ 0.39071106  0.52333981]] [ 0.00431575]
206 0.0 128.93057251 [[ 0.3906147   0.52332097]] [ 0.00432585]
207 0.0 128.898117065 [[ 0.39065743  0.52315817]] [ 0.00433578]
208 0.0 128.888549805 [[ 0.39062593  0.52333416]] [ 0.00432016]
209 0.0 129.014404297 [[ 0.39083111  0.52332565]] [ 0.00430732]
210 0.0 128.967956543 [[ 0.39067811  0.52347414]] [ 0.00430748]
211 0.0 128.916427612 [[ 0.39070037  0.52334714]] [ 0.00431124]
212 0.0 128.917098999 [[ 0.39046081  0.52352382]] [ 0.00431836]
213 0.0 128.932830811 [[ 0.39045777  0.52372176]] [ 0.00430747]
214 0.0 129.00831604 [[ 0.39052466  0.52336002]] [ 0.00432067]
215 0.0 128.984344482 [[ 0.39050213  0.52330493]] [ 0.00432676]
216 0.0 128.985397339 [[ 0.39046661  0.52345374]] [ 0.00431835]
217 0.0 128.983703613 [[ 0.39033486  0.52314432]] [ 0.00434098]
218 0.0 129.00630188 [[ 0.39030785  0.52322462]] [ 0.0043337]
219 0.0 128.969039917 [[ 0.39026749  0.52308165]] [ 0.00433831]
220 0.0 129.054092407 [[ 0.39029652  0.523289  ]] [ 0.0043288]
221 0.0 128.985641479 [[ 0.39023355  0.52302934]] [ 0.00434322]
222 0.0 128.990722656 [[ 0.39046116  0.5229813 ]] [ 0.00432635]
223 0.0 129.029174805 [[ 0.39043442  0.5228407 ]] [ 0.00433216]
224 0.0 128.946914673 [[ 0.39053746  0.52285843]] [ 0.0043269]
225 0.0 128.956436157 [[ 0.39049661  0.52311907]] [ 0.00431087]
226 0.0 128.890594482 [[ 0.39061957  0.52332767]] [ 0.00428518]
227 0.0 128.95475769 [[ 0.39079915  0.52316344]] [ 0.00428251]
228 0.0 129.022888184 [[ 0.39079684  0.52296472]] [ 0.00428911]
229 0.0 128.961425781 [[ 0.3907684   0.52292021]] [ 0.00429092]
230 0.0 128.99899292 [[ 0.39056719  0.52303124]] [ 0.00429694]
231 0.0 128.989501953 [[ 0.3905433   0.52314248]] [ 0.0042937]
232 0.0 128.939620972 [[ 0.39040403  0.52310588]] [ 0.00430981]
233 0.0 128.969512939 [[ 0.3905599   0.52305406]] [ 0.00429578]
234 0.0 128.933151245 [[ 0.39030829  0.52278994]] [ 0.00432567]
235 0.0 128.94543457 [[ 0.39039286  0.52238448]] [ 0.00434186]
236 0.0 128.886367798 [[ 0.39044639  0.52266818]] [ 0.00431971]
237 0.0 128.971298218 [[ 0.39056125  0.52271547]] [ 0.00430541]
238 0.0 128.958938599 [[ 0.39041127  0.52253788]] [ 0.00432499]
239 0.0 128.821899414 [[ 0.3906242   0.52235761]] [ 0.00431669]
240 0.0 128.881439209 [[ 0.39059573  0.52232977]] [ 0.00431635]
241 0.0 128.900222778 [[ 0.39057366  0.52237784]] [ 0.00431629]
242 0.0 128.89125061 [[ 0.39060048  0.52229677]] [ 0.00431432]
243 0.0 128.927352905 [[ 0.39062616  0.522447  ]] [ 0.00430355]
244 0.0 128.944503784 [[ 0.39063284  0.52257874]] [ 0.00429615]
245 0.0 128.952194214 [[ 0.39024495  0.52236716]] [ 0.00433231]
246 0.0 128.918624878 [[ 0.39031611  0.52229979]] [ 0.00432806]
247 0.0 128.865814209 [[ 0.39028144  0.52210504]] [ 0.00433876]
248 0.0 128.848724365 [[ 0.39025625  0.52199989]] [ 0.00434718]
249 0.0 128.844589233 [[ 0.39027935  0.52240378]] [ 0.00432179]
250 0.0 128.864852905 [[ 0.39004186  0.52257295]] [ 0.00432761]
251 0.0 128.764511108 [[ 0.39000204  0.52295599]] [ 0.0043154]
252 0.0 128.920623779 [[ 0.38991748  0.52309553]] [ 0.00430983]
253 0.0 128.839279175 [[ 0.39003501  0.52302027]] [ 0.00429904]
254 0.0 128.916000366 [[ 0.39006349  0.52282593]] [ 0.00430467]
255 0.0 128.907592773 [[ 0.38988574  0.52272204]] [ 0.0043243]
256 0.0 128.895385742 [[ 0.39000255  0.52274678]] [ 0.00431118]
257 0.0 128.878234863 [[ 0.39011915  0.52265157]] [ 0.00430298]
258 0.0 128.844985962 [[ 0.389915    0.52257043]] [ 0.00432664]
259 0.0 128.848617554 [[ 0.39004538  0.5224736 ]] [ 0.00431716]
260 0.0 128.850845337 [[ 0.39018803  0.52267195]] [ 0.00429925]
261 0.0 128.814819336 [[ 0.39000948  0.52260643]] [ 0.00431223]
262 0.0 128.887252808 [[ 0.38986103  0.52251243]] [ 0.00432677]
263 0.0 128.856033325 [[ 0.3899195   0.52271491]] [ 0.00431113]
264 0.0 128.834701538 [[ 0.38995376  0.52278268]] [ 0.00430371]
265 0.0 128.839187622 [[ 0.3898968   0.52245351]] [ 0.00431983]
266 0.0 128.812789917 [[ 0.38983903  0.52255357]] [ 0.00432055]
267 0.0 128.816879272 [[ 0.3895638   0.52267459]] [ 0.00432916]
268 0.0 128.804992676 [[ 0.38957098  0.52288259]] [ 0.00431589]
269 0.0 128.874267578 [[ 0.3895729  0.5230226]] [ 0.00430602]
270 0.0 128.815246582 [[ 0.38947432  0.52320388]] [ 0.00430319]
271 0.0 128.876739502 [[ 0.38949812  0.52307414]] [ 0.00430535]
272 0.0 128.846176147 [[ 0.38945211  0.5228685 ]] [ 0.00431763]
273 0.0 128.915802002 [[ 0.38950325  0.52299876]] [ 0.00430789]
274 0.0 128.922515869 [[ 0.38950411  0.52292098]] [ 0.00430689]
275 0.0 128.884490967 [[ 0.38940893  0.52287486]] [ 0.00431661]
276 0.0 128.791549683 [[ 0.38930271  0.52287719]] [ 0.00432337]
277 0.0 128.839294434 [[ 0.38954525  0.52293913]] [ 0.00430079]
278 0.0 128.913208008 [[ 0.38951228  0.52288246]] [ 0.00430203]
279 0.0 128.814804077 [[ 0.38968129  0.52287501]] [ 0.00428949]
280 0.0 128.867660522 [[ 0.38951393  0.522604  ]] [ 0.00431408]
281 0.0 128.921447754 [[ 0.38935571  0.52291653]] [ 0.00430958]
282 0.0 129.026565552 [[ 0.38929023  0.52278311]] [ 0.00431961]
283 0.0 129.058425903 [[ 0.38939607  0.52266036]] [ 0.00431495]
284 0.0 128.955368042 [[ 0.38950125  0.52278769]] [ 0.00429519]
285 0.0 128.96762085 [[ 0.38917738  0.52284357]] [ 0.00431697]
286 0.0 129.026245117 [[ 0.38935622  0.52299801]] [ 0.00429195]
287 0.0 128.978225708 [[ 0.38926658  0.52283116]] [ 0.00430809]
288 0.0 128.933959961 [[ 0.38909312  0.52300836]] [ 0.00431466]
289 0.0 128.993545532 [[ 0.38918392  0.52304309]] [ 0.00430515]
290 0.0 129.007232666 [[ 0.388951    0.52310064]] [ 0.00431686]
291 0.0 129.040466309 [[ 0.38914922  0.52312546]] [ 0.00430114]
292 0.0 128.929229736 [[ 0.38896667  0.52313584]] [ 0.00430843]
293 0.0 128.874145508 [[ 0.38910618  0.52328728]] [ 0.00428956]
294 0.0 128.935516357 [[ 0.38886813  0.52325597]] [ 0.00430327]
295 0.0 128.943893433 [[ 0.38905687  0.52320223]] [ 0.00429147]
296 0.0 128.997375488 [[ 0.38913623  0.5227867 ]] [ 0.0043052]
297 0.0 128.944717407 [[ 0.38917759  0.52247599]] [ 0.00431516]
298 0.0 129.064498901 [[ 0.38938681  0.52252797]] [ 0.00429489]
299 0.0 129.084365845 [[ 0.38941715  0.52218281]] [ 0.00430962]
300 0.0 129.077789307 [[ 0.38931257  0.5221807 ]] [ 0.00431436]
301 0.0 129.097183228 [[ 0.38949192  0.52221998]] [ 0.00430202]
302 0.0 129.079391479 [[ 0.38922779  0.52200251]] [ 0.00432375]
303 0.0 129.080215454 [[ 0.38898545  0.52192912]] [ 0.00434937]
304 0.0 128.950027466 [[ 0.38897685  0.52212878]] [ 0.00433643]
305 0.0 128.964294434 [[ 0.38911074  0.5221511 ]] [ 0.0043231]
306 0.0 128.948745728 [[ 0.38926438  0.52221861]] [ 0.00430585]
307 0.0 128.987792969 [[ 0.38912352  0.52229042]] [ 0.00430945]
308 0.0 128.920959473 [[ 0.38904328  0.5222366 ]] [ 0.00432066]
309 0.0 128.901092529 [[ 0.38907412  0.52228781]] [ 0.00431271]
310 0.0 128.955673218 [[ 0.38928907  0.52194741]] [ 0.00430567]
311 0.0 128.936279297 [[ 0.38928849  0.52161625]] [ 0.0043246]
312 0.0 129.085174561 [[ 0.38930933  0.52168167]] [ 0.00431734]
313 0.0 128.931640625 [[ 0.38949203  0.52181614]] [ 0.00428923]
314 0.0 128.996780396 [[ 0.38942356  0.52172188]] [ 0.00430243]
315 0.0 129.037277222 [[ 0.38920554  0.52167769]] [ 0.00431674]
316 0.0 129.044586182 [[ 0.38906923  0.52171339]] [ 0.00432427]
317 0.0 128.926239014 [[ 0.38927257  0.52165421]] [ 0.00431266]
318 0.0 128.978759766 [[ 0.38929083  0.52167246]] [ 0.00430513]
319 0.0 128.974822998 [[ 0.38932984  0.52165832]] [ 0.00430358]
320 0.0 128.939117432 [[ 0.38918464  0.5216974 ]] [ 0.0043073]
321 0.0 128.902954102 [[ 0.3890184   0.52153461]] [ 0.00432837]
322 0.0 128.954727173 [[ 0.38926146  0.52154879]] [ 0.0043089]
323 0.0 128.921844482 [[ 0.38932016  0.52143909]] [ 0.00430902]
324 0.0 128.91394043 [[ 0.38929647  0.52122403]] [ 0.00432229]
325 0.0 128.911010742 [[ 0.38921578  0.52102465]] [ 0.0043385]
326 0.0 128.892028809 [[ 0.38920211  0.52142859]] [ 0.00431814]
327 0.0 128.861679077 [[ 0.38932988  0.52140845]] [ 0.00430625]
328 0.0 128.887313843 [[ 0.3892516   0.52137358]] [ 0.00430889]
329 0.0 128.839416504 [[ 0.38908164  0.52145836]] [ 0.00431919]
330 0.0 128.906478882 [[ 0.38919179  0.52140864]] [ 0.00431271]
331 0.0 128.847015381 [[ 0.38908906  0.52121804]] [ 0.00432646]
332 0.0 128.825592041 [[ 0.38901019  0.52123105]] [ 0.00433484]
333 0.0 128.836227417 [[ 0.38926749  0.52082227]] [ 0.00433121]
334 0.0 128.822097778 [[ 0.38928547  0.52068846]] [ 0.00433673]
335 0.0 128.878326416 [[ 0.3895394   0.52037835]] [ 0.00433014]
336 0.0 128.871246338 [[ 0.38935892  0.52043279]] [ 0.00433439]
337 0.0 128.894760132 [[ 0.38943414  0.52053125]] [ 0.00432709]
338 0.0 128.904724121 [[ 0.38930529  0.5207713 ]] [ 0.00432193]
339 0.0 128.9269104 [[ 0.3893349   0.52091867]] [ 0.00430825]
340 0.0 128.841278076 [[ 0.38932401  0.52095791]] [ 0.00430222]
341 0.0 128.866424561 [[ 0.38938071  0.5208498 ]] [ 0.00430787]
342 0.0 128.918273926 [[ 0.38946882  0.5207844 ]] [ 0.00430064]
343 0.0 128.916946411 [[ 0.38942627  0.52062847]] [ 0.0043086]
344 0.0 128.819610596 [[ 0.38924612  0.52043086]] [ 0.00432747]
345 0.0 128.865478516 [[ 0.38928447  0.52063024]] [ 0.00431593]
346 0.0 128.849700928 [[ 0.38917738  0.52083791]] [ 0.00431239]
347 0.0 128.906478882 [[ 0.38921568  0.52073507]] [ 0.00431353]
348 0.0 128.920043945 [[ 0.38904729  0.5207911 ]] [ 0.00431934]
349 0.0 128.872253418 [[ 0.38906137  0.52073396]] [ 0.00432027]
350 0.0 128.89263916 [[ 0.3891486   0.52024636]] [ 0.00433849]
351 0.0 128.952865601 [[ 0.38931429  0.51995182]] [ 0.0043387]
352 0.0 128.922592163 [[ 0.38944387  0.51993466]] [ 0.0043281]
353 0.0 128.941940308 [[ 0.38948516  0.51988991]] [ 0.00432769]
354 0.0 128.862365723 [[ 0.38935669  0.5202983 ]] [ 0.00431025]
355 0.0 128.899398804 [[ 0.38923763  0.52028224]] [ 0.00432022]
356 0.0 128.929489136 [[ 0.38940991  0.52028856]] [ 0.00430196]
357 0.0 128.947296143 [[ 0.38913078  0.51985926]] [ 0.00433959]
358 0.0 128.956192017 [[ 0.38935237  0.51978363]] [ 0.0043269]
359 0.0 128.967529297 [[ 0.38957996  0.5196425 ]] [ 0.00431549]
360 0.0 129.056228638 [[ 0.38961329  0.51947734]] [ 0.00431952]
361 0.0 128.995819092 [[ 0.38980102  0.51975792]] [ 0.00428927]
362 0.0 128.965866089 [[ 0.38967971  0.51960982]] [ 0.00430283]
363 0.0 128.990966797 [[ 0.38980538  0.5198148 ]] [ 0.00428238]
364 0.0 129.008377075 [[ 0.38964617  0.5196473 ]] [ 0.00429551]
365 0.0 128.959136963 [[ 0.38964705  0.51934985]] [ 0.00431566]
366 0.0 128.911331177 [[ 0.38960771  0.51933379]] [ 0.00431547]
367 0.0 128.911468506 [[ 0.38966429  0.51954829]] [ 0.00429643]
368 0.0 128.961975098 [[ 0.38952082  0.51942876]] [ 0.00430666]
369 0.0 128.937301636 [[ 0.38971592  0.51947233]] [ 0.00429299]
370 0.0 128.899291992 [[ 0.38955054  0.51941982]] [ 0.00430396]
371 0.0 128.997085571 [[ 0.38936815  0.51938   ]] [ 0.00432826]
372 0.0 128.932327271 [[ 0.38946587  0.51958009]] [ 0.00430065]
373 0.0 128.929428101 [[ 0.38934833  0.5196525 ]] [ 0.00430626]
374 0.0 128.927017212 [[ 0.38937226  0.5192504 ]] [ 0.00431588]
375 0.0 128.944610596 [[ 0.38943546  0.51898374]] [ 0.00432667]
376 0.0 128.938354492 [[ 0.38945348  0.51924201]] [ 0.00431101]
377 0.0 128.946685791 [[ 0.38937653  0.51885851]] [ 0.00433373]
378 0.0 128.912399292 [[ 0.38930673  0.51863304]] [ 0.00434636]
379 0.0 128.92515564 [[ 0.38919506  0.51881988]] [ 0.00434701]
380 0.0 128.977752686 [[ 0.38912431  0.51903364]] [ 0.00433675]
381 0.0 128.929977417 [[ 0.38903774  0.51920444]] [ 0.00433611]
382 0.0 128.958099365 [[ 0.38909212  0.51935032]] [ 0.00431836]
383 0.0 128.908752441 [[ 0.38923981  0.51905477]] [ 0.00431969]
384 0.0 128.907791138 [[ 0.38930933  0.51928179]] [ 0.00430211]
385 0.0 128.772293091 [[ 0.38936059  0.51922425]] [ 0.00430146]
386 0.0 128.795852661 [[ 0.38932538  0.51895371]] [ 0.0043106]
387 0.0 128.874038696 [[ 0.38935553  0.51918408]] [ 0.00429495]
388 0.0 128.843978882 [[ 0.38938756  0.51885634]] [ 0.00430722]
389 0.0 128.838928223 [[ 0.38939923  0.518859  ]] [ 0.0043063]
390 0.0 128.846618652 [[ 0.38930677  0.51894502]] [ 0.00431144]
391 0.0 128.869598389 [[ 0.38926791  0.51871899]] [ 0.00432562]
392 0.0 128.839141846 [[ 0.38943957  0.51875603]] [ 0.00430773]
393 0.0 128.891296387 [[ 0.38940701  0.51880625]] [ 0.0043077]
394 0.0 128.956359863 [[ 0.38942894  0.5186259 ]] [ 0.00431106]
395 0.0 128.886856079 [[ 0.38935813  0.5186856 ]] [ 0.00431361]
396 0.0 128.946426392 [[ 0.38933144  0.5187573 ]] [ 0.00431824]
397 0.0 128.909164429 [[ 0.3892816   0.51860402]] [ 0.00432326]
398 0.0 128.981338501 [[ 0.38930561  0.51882724]] [ 0.00430785]
399 0.0 128.84022522 [[ 0.38942481  0.51829926]] [ 0.00432127]
400 0.0 128.816741943 [[ 0.38948742  0.51857141]] [ 0.00430391]
401 0.0 128.886703491 [[ 0.38952505  0.51858949]] [ 0.00429635]
402 0.0 128.905426025 [[ 0.38949317  0.51884048]] [ 0.0042881]
403 0.0 128.865264893 [[ 0.38930933  0.518507  ]] [ 0.00431897]
404 0.0 128.928100586 [[ 0.3893666  0.5181391]] [ 0.00433306]
405 0.0 128.854690552 [[ 0.38935054  0.51842229]] [ 0.00431854]
406 0.0 128.806915283 [[ 0.38944537  0.51811403]] [ 0.00432679]
407 0.0 128.833450317 [[ 0.38963356  0.51852606]] [ 0.00428788]
408 0.0 128.818313599 [[ 0.38928067  0.51861582]] [ 0.00430687]
409 0.0 128.878997803 [[ 0.38935581  0.51844429]] [ 0.00431208]
410 0.0 128.895278931 [[ 0.38936221  0.51830646]] [ 0.00431062]
411 0.0 128.83416748 [[ 0.38914818  0.51822997]] [ 0.00433058]
412 0.0 128.819839478 [[ 0.38899373  0.5184687 ]] [ 0.00433066]
413 0.0 128.794342041 [[ 0.3891575   0.51854272]] [ 0.00431162]
414 0.0 128.770004272 [[ 0.38938069  0.51829565]] [ 0.00430582]
415 0.0 128.764434814 [[ 0.38929784  0.51809494]] [ 0.00432376]
416 0.0 128.742141724 [[ 0.38922009  0.51827841]] [ 0.00431746]
417 0.0 128.884292603 [[ 0.38930007  0.51829568]] [ 0.00430627]
418 0.0 128.907089233 [[ 0.38919383  0.51875897]] [ 0.00428962]
419 0.0 128.903244019 [[ 0.38911733  0.51870625]] [ 0.00429795]
420 0.0 128.890136719 [[ 0.38906394  0.51842356]] [ 0.00431262]
421 0.0 128.977142334 [[ 0.38914136  0.51823955]] [ 0.0043118]
422 0.0 128.888824463 [[ 0.3891968   0.51820301]] [ 0.00430762]
423 0.0 128.881744385 [[ 0.38934316  0.51828517]] [ 0.00428988]
424 0.0 129.078826904 [[ 0.38917079  0.51841234]] [ 0.00429742]
425 0.0 129.025741577 [[ 0.38922216  0.5185562 ]] [ 0.00427973]
426 0.0 128.910202026 [[ 0.38926392  0.51831248]] [ 0.00428914]
427 0.0 128.978729248 [[ 0.38869343  0.51826719]] [ 0.0043308]
428 0.0 128.924682617 [[ 0.38882405  0.51849816]] [ 0.00430843]
429 0.0 128.980728149 [[ 0.38864371  0.5186673 ]] [ 0.00431392]
430 0.0 128.848602295 [[ 0.38877364  0.51830877]] [ 0.00432198]
431 0.0 128.907272339 [[ 0.38878694  0.51837372]] [ 0.0043191]
432 0.0 128.862945557 [[ 0.38865085  0.51845471]] [ 0.00432091]
433 0.0 128.864593506 [[ 0.38882321  0.51849605]] [ 0.00430553]
434 0.0 128.895797729 [[ 0.38882428  0.51833059]] [ 0.00431239]
435 0.0 128.928970337 [[ 0.3888427   0.51821941]] [ 0.00431271]
436 0.0 128.961395264 [[ 0.38881299  0.51833633]] [ 0.00430938]
437 0.0 128.919769287 [[ 0.3886853  0.5186527]] [ 0.00430378]
438 0.0 128.883010864 [[ 0.38865678  0.51866652]] [ 0.00430127]
439 0.0 128.959197998 [[ 0.38858291  0.51861511]] [ 0.00430814]
440 0.0 128.922195435 [[ 0.388641    0.51823874]] [ 0.00432006]
441 0.0 128.973266602 [[ 0.3886846   0.51827992]] [ 0.00430826]
442 0.0 128.930679321 [[ 0.38853108  0.51830766]] [ 0.00432012]
443 0.0 128.837738037 [[ 0.38870309  0.51839028]] [ 0.00430127]
444 0.0 128.948654175 [[ 0.38855924  0.51829388]] [ 0.00431336]
445 0.0 128.942626953 [[ 0.38860297  0.51839976]] [ 0.00430163]
446 0.0 128.965789795 [[ 0.38858986  0.51855456]] [ 0.00428925]
447 0.0 128.989196777 [[ 0.38857858  0.51851991]] [ 0.00429332]
448 0.0 128.967376709 [[ 0.38875082  0.51837301]] [ 0.00428377]
449 0.0 128.827590942 [[ 0.38841028  0.51824721]] [ 0.00431584]
450 0.0 128.994812012 [[ 0.38841347  0.51828925]] [ 0.00431313]
451 0.0 128.869903564 [[ 0.3883078   0.51831492]] [ 0.00431759]
452 0.0 128.869308472 [[ 0.38827244  0.51808972]] [ 0.00433287]
453 0.0 128.914016724 [[ 0.38850086  0.51839976]] [ 0.00429583]
454 0.0 128.918670654 [[ 0.38840878  0.51827053]] [ 0.0043063]
455 0.0 128.926086426 [[ 0.3882655   0.51836612]] [ 0.00431011]
456 0.0 128.931427002 [[ 0.38809208  0.5185141 ]] [ 0.00431657]
457 0.0 128.889251709 [[ 0.38823891  0.51865694]] [ 0.00429055]
458 0.0 128.911117554 [[ 0.38805759  0.5186131 ]] [ 0.00430258]
459 0.0 128.943939209 [[ 0.38823227  0.51867472]] [ 0.00429186]
460 0.0 128.878753662 [[ 0.38814379  0.51883634]] [ 0.00428666]
461 0.0 128.887008667 [[ 0.38830264  0.51860807]] [ 0.00428416]
462 0.0 128.952148438 [[ 0.38832512  0.51829503]] [ 0.0043038]
463 0.0 128.851318359 [[ 0.38838882  0.51834282]] [ 0.00428915]
464 0.0 128.91897583 [[ 0.38839389  0.51828978]] [ 0.00428912]
465 0.0 128.776809692 [[ 0.38819365  0.51816709]] [ 0.00431145]
466 0.0 128.912643433 [[ 0.38817789  0.51837038]] [ 0.00429907]
467 0.0 128.914367676 [[ 0.38820878  0.51810319]] [ 0.004307]
468 0.0 128.867996216 [[ 0.38850241  0.51797153]] [ 0.00429441]
469 0.0 128.900650024 [[ 0.38838951  0.51796424]] [ 0.00430201]
470 0.0 128.879547119 [[ 0.38846145  0.51757316]] [ 0.00431227]
471 0.0 128.874603271 [[ 0.38848134  0.51751659]] [ 0.00431287]
472 0.0 128.860839844 [[ 0.38838083  0.51760577]] [ 0.004318]
473 0.0 128.940933228 [[ 0.38837618  0.51780465]] [ 0.00431322]
474 0.0 128.852890015 [[ 0.38849685  0.51804983]] [ 0.0042859]
475 0.0 128.838577271 [[ 0.38828378  0.51806156]] [ 0.00429805]
476 0.0 128.935745239 [[ 0.38830223  0.51839513]] [ 0.00427501]
477 0.0 128.928527832 [[ 0.38828873  0.51839303]] [ 0.00427658]
478 0.0 128.814239502 [[ 0.38823495  0.51823454]] [ 0.00429118]
479 0.0 128.941497803 [[ 0.3882185   0.51788771]] [ 0.00430747]
480 0.0 128.959365845 [[ 0.38829943  0.51805702]] [ 0.0042977]
481 0.0 128.914962769 [[ 0.38832301  0.51787388]] [ 0.00429738]
482 0.0 128.915176392 [[ 0.38826739  0.51811035]] [ 0.00428924]
483 0.0 128.964050293 [[ 0.38822766  0.51796958]] [ 0.00430034]
484 0.0 128.956222534 [[ 0.38826695  0.51797619]] [ 0.00428809]
485 0.0 128.881240845 [[ 0.38839241  0.518103  ]] [ 0.00427157]
486 0.0 128.906677246 [[ 0.38845168  0.5180821 ]] [ 0.00426818]
487 0.0 128.844970703 [[ 0.38841243  0.51812023]] [ 0.00426617]
488 0.0 128.880340576 [[ 0.38827221  0.51821567]] [ 0.00426727]
489 0.0 128.848739624 [[ 0.3881849   0.51803754]] [ 0.00428514]
490 0.0 128.944290161 [[ 0.38801858  0.51800367]] [ 0.00429804]
491 0.0 128.921020508 [[ 0.3882499   0.51798727]] [ 0.00427869]
492 0.0 128.8855896 [[ 0.38811343  0.51794924]] [ 0.00429406]
493 0.0 128.923446655 [[ 0.38805082  0.51803732]] [ 0.00429308]
494 0.0 128.912902832 [[ 0.38806541  0.51786993]] [ 0.00429685]
495 0.0 128.960418701 [[ 0.38806941  0.51763635]] [ 0.00430839]
496 0.0 128.932815552 [[ 0.38790857  0.51775425]] [ 0.00430721]
497 0.0 128.937973022 [[ 0.38794328  0.51758628]] [ 0.00431527]
498 0.0 128.909545898 [[ 0.38812179  0.51724919]] [ 0.00432023]
499 0.0 128.966690063 [[ 0.38821722  0.51743242]] [ 0.0043011]
creating pickled numpy output
wrote pickled numpy output
Final validation loss
garray(128.76760864257812)
Final test loss
garray(130.21343994140625)
Theano: Initializing cuBLAS
