(50000L, 784L)
compiled score function
Old best loss:
garray(129.72872924804688)
Compiled loss functions
0 0.0 129.74659729 [[ 0.42240799  0.54273788]] [ 0.00431803]
1 0.0 129.516693115 [[ 0.42320077  0.54386319]] [ 0.00434651]
2 0.0 129.508850098 [[ 0.42360968  0.54487229]] [ 0.00434747]
3 0.0 129.440063477 [[ 0.42421096  0.54578283]] [ 0.00430352]
4 0.0 129.485717773 [[ 0.42431315  0.54623731]] [ 0.00431539]
5 0.0 129.44039917 [[ 0.42477263  0.54648042]] [ 0.00429056]
6 0.0 129.450164795 [[ 0.4249521  0.5465152]] [ 0.00432723]
7 0.0 129.372299194 [[ 0.42520109  0.54657495]] [ 0.00434095]
8 0.0 129.256469727 [[ 0.42533449  0.5467685 ]] [ 0.0043505]
9 0.0 129.304595947 [[ 0.42591037  0.54693773]] [ 0.00431627]
10 0.0 129.257843018 [[ 0.42621433  0.54650221]] [ 0.00433265]
11 0.0 129.168228149 [[ 0.42660123  0.54658564]] [ 0.004303]
12 0.0 129.163253784 [[ 0.42684541  0.54663685]] [ 0.00431906]
13 0.0 129.252059937 [[ 0.4269991   0.54653048]] [ 0.00433852]
14 0.0 129.110046387 [[ 0.4265817   0.54634216]] [ 0.00433178]
15 0.0 128.986175537 [[ 0.42633987  0.54545452]] [ 0.00432177]
16 0.0 129.214309692 [[ 0.4259856   0.54377859]] [ 0.00436079]
17 0.0 129.131851196 [[ 0.42575701  0.54315852]] [ 0.00428521]
18 0.0 129.054595947 [[ 0.42506919  0.54234781]] [ 0.0042828]
19 0.0 128.926345825 [[ 0.42430531  0.54128506]] [ 0.00431857]
20 0.0 128.899520874 [[ 0.42399688  0.54014994]] [ 0.00430699]
21 0.0 128.92175293 [[ 0.42358961  0.53940896]] [ 0.0043081]
22 0.0 128.964233398 [[ 0.42324042  0.5386687 ]] [ 0.00429644]
23 0.0 128.944915771 [[ 0.4228949  0.538249 ]] [ 0.00426039]
24 0.0 128.881973267 [[ 0.42253269  0.53762162]] [ 0.00424299]
25 0.0 128.883255005 [[ 0.42185953  0.53685037]] [ 0.00428327]
26 0.0 128.913101196 [[ 0.42159069  0.53640421]] [ 0.00426294]
27 0.0 128.979568481 [[ 0.42118988  0.53650045]] [ 0.00422123]
28 0.0 128.831176758 [[ 0.42077008  0.53592477]] [ 0.00423741]
29 0.0 128.765014648 [[ 0.42055954  0.53501952]] [ 0.00424661]
30 0.0 128.87840271 [[ 0.42020734  0.53480237]] [ 0.00424166]
31 0.0 128.777832031 [[ 0.41985204  0.53435532]] [ 0.0042574]
32 0.0 128.977050781 [[ 0.41944745  0.53397912]] [ 0.00426965]
33 0.0 128.775527954 [[ 0.41930577  0.53332279]] [ 0.00428518]
34 0.0 128.814727783 [[ 0.41916601  0.53280254]] [ 0.00427252]
35 0.0 128.834823608 [[ 0.41920491  0.53239835]] [ 0.00426953]
36 0.0 128.924346924 [[ 0.41893464  0.5322432 ]] [ 0.00426919]
37 0.0 128.813552856 [[ 0.41895467  0.53159173]] [ 0.00427028]
38 0.0 128.852798462 [[ 0.41857445  0.53132925]] [ 0.0042678]
39 0.0 128.864364624 [[ 0.41839061  0.53117963]] [ 0.00426224]
40 0.0 128.724273682 [[ 0.41830015  0.53118964]] [ 0.00422734]
41 0.0 128.827804565 [[ 0.41813682  0.53076241]] [ 0.0042516]
42 0.0 128.807937622 [[ 0.41779034  0.53051963]] [ 0.00426285]
43 0.0 128.92237854 [[ 0.4175401   0.53042471]] [ 0.00427686]
44 0.0 128.768737793 [[ 0.41739299  0.53023126]] [ 0.00426575]
45 0.0 128.897476196 [[ 0.41672424  0.53064623]] [ 0.00427494]
46 0.0 128.720825195 [[ 0.41645495  0.53065312]] [ 0.00427701]
47 0.0 128.853424072 [[ 0.41618351  0.53085059]] [ 0.00426475]
48 0.0 128.707839966 [[ 0.41618998  0.53105278]] [ 0.00424007]
49 0.0 128.668823242 [[ 0.41640432  0.53129692]] [ 0.00417554]
50 0.0 128.758270264 [[ 0.41613591  0.5310236 ]] [ 0.00420826]
51 0.0 128.737228394 [[ 0.41607827  0.53012391]] [ 0.00424798]
52 0.0 128.839630127 [[ 0.4161362   0.53046929]] [ 0.00420126]
53 0.0 128.791915894 [[ 0.41582422  0.53037802]] [ 0.00421601]
54 0.0 128.72177124 [[ 0.41570232  0.53010144]] [ 0.00423387]
55 0.0 128.741043091 [[ 0.4159319   0.52993009]] [ 0.00421982]
56 0.0 128.647644043 [[ 0.41572261  0.53005339]] [ 0.00420323]
57 0.0 128.639129639 [[ 0.41559202  0.52978213]] [ 0.00420707]
58 0.0 128.675445557 [[ 0.41539103  0.52947781]] [ 0.00421491]
59 0.0 128.893722534 [[ 0.41455244  0.53040571]] [ 0.00418989]
60 0.0 128.660247803 [[ 0.41489223  0.53008773]] [ 0.00413764]
61 0.0 128.60244751 [[ 0.41489725  0.52986958]] [ 0.00414094]
62 0.0 128.546905518 [[ 0.4146714  0.5297072]] [ 0.00416351]
63 0.0 128.594116211 [[ 0.41462136  0.52977095]] [ 0.00413652]
64 0.0 128.475845337 [[ 0.41452284  0.5294146 ]] [ 0.00415258]
65 0.0 128.572799683 [[ 0.41441256  0.52903427]] [ 0.00418174]
66 0.0 128.453826904 [[ 0.41425393  0.52900287]] [ 0.00417214]
67 0.0 128.408370972 [[ 0.41450534  0.52853714]] [ 0.00415818]
68 0.0 128.535568237 [[ 0.41433535  0.5285051 ]] [ 0.00415999]
69 0.0 128.455978394 [[ 0.41426635  0.52850457]] [ 0.00415384]
70 0.0 128.483398438 [[ 0.41411946  0.52831449]] [ 0.00414906]
71 0.0 128.62147522 [[ 0.41380168  0.52846125]] [ 0.00414888]
72 0.0 128.377441406 [[ 0.41397792  0.52864546]] [ 0.0040881]
73 0.0 128.533569336 [[ 0.41370368  0.52812766]] [ 0.00412964]
74 0.0 128.397766113 [[ 0.4140794  0.5275827]] [ 0.00410101]
75 0.0 128.469070435 [[ 0.41421233  0.52702309]] [ 0.00410384]
76 0.0 128.344680786 [[ 0.41396697  0.52693844]] [ 0.00411396]
77 0.0 128.385803223 [[ 0.4138094   0.52606125]] [ 0.00416974]
78 0.0 128.406341553 [[ 0.41331724  0.52635646]] [ 0.0041638]
79 0.0 128.376220703 [[ 0.41318713  0.52658274]] [ 0.00413881]
80 0.0 128.451385498 [[ 0.41291299  0.52637233]] [ 0.00415526]
81 0.0 128.495651245 [[ 0.41303644  0.52623556]] [ 0.00412755]
82 0.0 128.486022949 [[ 0.41304653  0.52550119]] [ 0.00415621]
83 0.0 128.403137207 [[ 0.41277908  0.52568149]] [ 0.00413918]
84 0.0 128.382019043 [[ 0.41203927  0.52625378]] [ 0.00414377]
85 0.0 128.409362793 [[ 0.41151811  0.52643719]] [ 0.00415326]
86 0.0 128.374404907 [[ 0.41173924  0.52626112]] [ 0.00411908]
87 0.0 128.306259155 [[ 0.41180705  0.52577693]] [ 0.00412403]
88 0.0 128.415328979 [[ 0.41176864  0.52537523]] [ 0.00413378]
89 0.0 128.329818726 [[ 0.41146204  0.52509044]] [ 0.00415663]
90 0.0 128.304092407 [[ 0.41142206  0.5248862 ]] [ 0.00415795]
91 0.0 128.383666992 [[ 0.41145507  0.5246537 ]] [ 0.00415811]
92 0.0 128.373977661 [[ 0.4118967   0.52417215]] [ 0.00413885]
93 0.0 128.240997314 [[ 0.4118995   0.52381248]] [ 0.00414027]
94 0.0 128.347229004 [[ 0.41176523  0.52397854]] [ 0.00412586]
95 0.0 128.355041504 [[ 0.41170967  0.52370112]] [ 0.00412269]
96 0.0 128.444824219 [[ 0.41120946  0.52347327]] [ 0.0041743]
97 0.0 128.309127808 [[ 0.4114138  0.5233186]] [ 0.00414261]
98 0.0 128.417007446 [[ 0.41141866  0.52263989]] [ 0.0041601]
99 0.0 128.332397461 [[ 0.41216658  0.52198011]] [ 0.00411682]
100 0.0 128.364608765 [[ 0.41211544  0.52136982]] [ 0.00414124]
101 0.0 128.363677979 [[ 0.41264582  0.52070385]] [ 0.004116]
102 0.0 128.43258667 [[ 0.41272798  0.52109987]] [ 0.00407211]
103 0.0 128.462249756 [[ 0.41246147  0.52049815]] [ 0.00411005]
104 0.0 128.515014648 [[ 0.41291912  0.52017656]] [ 0.00407401]
105 0.0 128.483093262 [[ 0.41303757  0.52000051]] [ 0.0040639]
106 0.0 128.421936035 [[ 0.41322947  0.5205365 ]] [ 0.00400122]
107 0.0 128.449081421 [[ 0.41286259  0.51996496]] [ 0.00405245]
108 0.0 128.432952881 [[ 0.4130272   0.51997423]] [ 0.00402566]
109 0.0 128.418289185 [[ 0.41246619  0.51968413]] [ 0.00407398]
110 0.0 128.340499878 [[ 0.41273492  0.51986521]] [ 0.00402991]
111 0.0 128.378540039 [[ 0.41259171  0.51913262]] [ 0.00407608]
112 0.0 128.409927368 [[ 0.41245633  0.51906498]] [ 0.00407149]
113 0.0 128.411941528 [[ 0.41191431  0.51915905]] [ 0.00409937]
114 0.0 128.327651978 [[ 0.41166619  0.5192465 ]] [ 0.00409483]
115 0.0 128.338165283 [[ 0.41177154  0.51874471]] [ 0.00411051]
116 0.0 128.350128174 [[ 0.41187512  0.51881614]] [ 0.00409156]
117 0.0 128.49621582 [[ 0.41138688  0.51881453]] [ 0.00412673]
118 0.0 128.483795166 [[ 0.41131423  0.51940749]] [ 0.00408242]
119 0.0 128.468215942 [[ 0.41175554  0.51960558]] [ 0.00401936]
120 0.0 128.488540649 [[ 0.41138143  0.51922249]] [ 0.0040646]
121 0.0 128.442871094 [[ 0.41131808  0.51894016]] [ 0.00408473]
122 0.0 128.436218262 [[ 0.41112731  0.51874267]] [ 0.0040949]
123 0.0 128.899124146 [[ 0.41156037  0.52037525]] [ 0.00395137]
124 0.0 128.444442749 [[ 0.41096017  0.52008876]] [ 0.00398624]
125 0.0 128.338897705 [[ 0.41036062  0.52021172]] [ 0.00401163]
126 0.0 128.351226807 [[ 0.41013715  0.51961921]] [ 0.00405209]
127 0.0 128.306991577 [[ 0.41008826  0.51939542]] [ 0.00406076]
128 0.0 128.433197021 [[ 0.41009273  0.51974915]] [ 0.00403552]
129 0.0 128.376373291 [[ 0.40987647  0.51973772]] [ 0.00404701]
130 0.0 128.465621948 [[ 0.40976994  0.51960273]] [ 0.00405534]
131 0.0 128.365539551 [[ 0.40946114  0.51930336]] [ 0.00408582]
132 0.0 128.358474731 [[ 0.40942487  0.51887744]] [ 0.00410805]
133 0.0 128.398925781 [[ 0.40973536  0.51908061]] [ 0.00406259]
134 0.0 128.257919312 [[ 0.40965594  0.51879988]] [ 0.00407984]
135 0.0 128.298248291 [[ 0.41021768  0.51808197]] [ 0.00407511]
136 0.0 128.252548218 [[ 0.40956561  0.5181358 ]] [ 0.00411582]
137 0.0 128.499053955 [[ 0.41022118  0.51816823]] [ 0.00405214]
138 0.0 128.512542725 [[ 0.41081633  0.51725301]] [ 0.00406053]
139 0.0 128.251617432 [[ 0.41080948  0.5169712 ]] [ 0.0040704]
140 0.0 128.438903809 [[ 0.41081161  0.51654251]] [ 0.00409512]
141 0.0 128.353622437 [[ 0.4112075   0.51630919]] [ 0.00406862]
142 0.0 128.398986816 [[ 0.41159435  0.51611095]] [ 0.0040419]
143 0.0 128.632827759 [[ 0.41159795  0.5158353 ]] [ 0.00404644]
144 0.0 128.33013916 [[ 0.41134436  0.51569997]] [ 0.00406596]
145 0.0 128.359634399 [[ 0.41097619  0.51591515]] [ 0.00406978]
146 0.0 128.416152954 [[ 0.41140482  0.51515057]] [ 0.00407366]
147 0.0 128.46484375 [[ 0.41099446  0.5170517 ]] [ 0.00394175]
148 0.0 128.327453613 [[ 0.41101296  0.51647965]] [ 0.00397508]
149 0.0 128.321640015 [[ 0.41120789  0.51608443]] [ 0.00398145]
150 0.0 128.32510376 [[ 0.41129859  0.5158527 ]] [ 0.00398457]
151 0.0 128.305618286 [[ 0.41102729  0.51566579]] [ 0.00401266]
152 0.0 128.744598389 [[ 0.41202699  0.5149549 ]] [ 0.00394447]
153 0.0 128.490066528 [[ 0.41183621  0.51485978]] [ 0.00395523]
154 0.0 128.349243164 [[ 0.4114281   0.51520204]] [ 0.00396471]
155 0.0 128.372940063 [[ 0.41124816  0.51519654]] [ 0.00397605]
156 0.0 128.300750732 [[ 0.41120059  0.51486024]] [ 0.00400205]
157 0.0 128.262573242 [[ 0.41141508  0.51480707]] [ 0.00397802]
158 0.0 128.289489746 [[ 0.41110702  0.5149859 ]] [ 0.00398479]
159 0.0 128.348968506 [[ 0.4110184   0.51543222]] [ 0.00394942]
160 0.0 128.385116577 [[ 0.41100899  0.51515807]] [ 0.00396571]
161 0.0 128.383544922 [[ 0.41086906  0.51503894]] [ 0.00398393]
162 0.0 128.399246216 [[ 0.41045825  0.51495677]] [ 0.00402898]
163 0.0 128.372650146 [[ 0.41054479  0.51508465]] [ 0.00400204]
164 0.0 128.371078491 [[ 0.41060835  0.51484524]] [ 0.00400817]
165 0.0 128.407714844 [[ 0.41060624  0.51466118]] [ 0.00401952]
166 0.0 128.384628296 [[ 0.41054984  0.5149665 ]] [ 0.003993]
167 0.0 128.348251343 [[ 0.41053075  0.51452024]] [ 0.00402586]
168 0.0 128.457977295 [[ 0.41042929  0.51454947]] [ 0.00402489]
169 0.0 128.424850464 [[ 0.41054793  0.5140998 ]] [ 0.00404421]
170 0.0 128.375991821 [[ 0.41050557  0.51408654]] [ 0.00405336]
171 0.0 128.389587402 [[ 0.41090356  0.51395461]] [ 0.00402036]
172 0.0 128.341201782 [[ 0.41093438  0.51380201]] [ 0.0040238]
173 0.0 128.333892822 [[ 0.41092975  0.51360532]] [ 0.00403499]
174 0.0 128.31211853 [[ 0.41093318  0.51315094]] [ 0.00406483]
175 0.0 128.363494873 [[ 0.41089465  0.51289433]] [ 0.00407716]
176 0.0 128.35585022 [[ 0.41125625  0.51283973]] [ 0.00404359]
177 0.0 128.323043823 [[ 0.41139587  0.51255403]] [ 0.00405578]
178 0.0 128.380737305 [[ 0.41120544  0.51246618]] [ 0.0040805]
179 0.0 128.335723877 [[ 0.41146881  0.5122161 ]] [ 0.00406025]
180 0.0 128.42477417 [[ 0.41131349  0.51228681]] [ 0.00407784]
181 0.0 128.332046509 [[ 0.41168832  0.51223509]] [ 0.00404019]
182 0.0 128.360717773 [[ 0.411337    0.51192041]] [ 0.004085]
183 0.0 128.309677124 [[ 0.41108421  0.51256338]] [ 0.00407163]
184 0.0 128.366851807 [[ 0.41122809  0.51282735]] [ 0.00403385]
185 0.0 128.402694702 [[ 0.41120838  0.5125892 ]] [ 0.00405615]
186 0.0 128.349563599 [[ 0.41102185  0.51292401]] [ 0.00404238]
187 0.0 128.335418701 [[ 0.41149132  0.51262293]] [ 0.00402972]
188 0.0 128.379623413 [[ 0.41084033  0.51340374]] [ 0.00403418]
189 0.0 128.337112427 [[ 0.41048079  0.51352153]] [ 0.0040571]
190 0.0 128.622116089 [[ 0.41112113  0.5138433 ]] [ 0.00396933]
191 0.0 128.508895874 [[ 0.41127716  0.51400592]] [ 0.00393839]
192 0.0 128.473297119 [[ 0.41088743  0.51387126]] [ 0.0039709]
193 0.0 128.436187744 [[ 0.4104277   0.51319202]] [ 0.00404364]
194 0.0 128.316070557 [[ 0.41044056  0.51301898]] [ 0.00404925]
195 0.0 128.361526489 [[ 0.41088049  0.51299497]] [ 0.00401199]
196 0.0 128.390014648 [[ 0.4106025   0.51282594]] [ 0.00405184]
197 0.0 128.416397095 [[ 0.41059628  0.51231652]] [ 0.00407899]
198 0.0 128.386901855 [[ 0.41090741  0.51232535]] [ 0.00405076]
199 0.0 128.392974854 [[ 0.41109158  0.51207855]] [ 0.00405374]
200 0.0 128.608001709 [[ 0.4116495   0.51209738]] [ 0.00399953]
201 0.0 128.397766113 [[ 0.4112185   0.51212961]] [ 0.00403279]
202 0.0 128.432601929 [[ 0.41139732  0.51212754]] [ 0.00401476]
203 0.0 128.34552002 [[ 0.41173573  0.51249871]] [ 0.00395291]
204 0.0 128.452926636 [[ 0.41191139  0.51150334]] [ 0.00400495]
205 0.0 128.400588989 [[ 0.41206587  0.51109162]] [ 0.00401865]
206 0.0 128.300888062 [[ 0.41208726  0.51088393]] [ 0.00402826]
207 0.0 128.392074585 [[ 0.41217968  0.51056761]] [ 0.00404302]
208 0.0 128.337081909 [[ 0.41219722  0.5106622 ]] [ 0.00403611]
209 0.0 128.238128662 [[ 0.41167365  0.51062172]] [ 0.00408765]
210 0.0 128.314910889 [[ 0.41182699  0.5109886 ]] [ 0.00404074]
211 0.0 128.386489868 [[ 0.41180227  0.51101857]] [ 0.00403629]
212 0.0 128.377670288 [[ 0.41189604  0.51080309]] [ 0.00403754]
213 0.0 128.362289429 [[ 0.41189724  0.51113616]] [ 0.00400998]
214 0.0 128.364440918 [[ 0.41186147  0.51091469]] [ 0.00402858]
215 0.0 128.324829102 [[ 0.41169904  0.51078604]] [ 0.00405181]
216 0.0 128.455917358 [[ 0.41137439  0.51099664]] [ 0.0040688]
217 0.0 128.426727295 [[ 0.41133642  0.51126114]] [ 0.00405414]
218 0.0 128.408203125 [[ 0.41108805  0.51119621]] [ 0.00407663]
219 0.0 128.331848145 [[ 0.4111106   0.51142183]] [ 0.00406758]
220 0.0 128.429641724 [[ 0.41107818  0.51160082]] [ 0.00406127]
221 0.0 128.378311157 [[ 0.41093744  0.511305  ]] [ 0.00409489]
222 0.0 128.4659729 [[ 0.41075667  0.51148886]] [ 0.00409304]
223 0.0 128.37538147 [[ 0.41088743  0.51138442]] [ 0.00408675]
224 0.0 128.816452026 [[ 0.41096311  0.51131338]] [ 0.00407332]
225 0.0 128.387786865 [[ 0.41115015  0.51213868]] [ 0.00400926]
226 0.0 128.338516235 [[ 0.41133056  0.51172147]] [ 0.00402255]
227 0.0 128.330886841 [[ 0.41129523  0.51135516]] [ 0.00405057]
228 0.0 128.282012939 [[ 0.41126206  0.51162284]] [ 0.00404077]
229 0.0 128.585617065 [[ 0.4107574  0.5115228]] [ 0.00409403]
230 0.0 128.379684448 [[ 0.41053388  0.51212208]] [ 0.00407812]
231 0.0 128.547470093 [[ 0.41082368  0.51195119]] [ 0.00406097]
232 0.0 128.338348389 [[ 0.4108456  0.5119945]] [ 0.00405264]
233 0.0 128.284515381 [[ 0.41093286  0.51188398]] [ 0.00404353]
234 0.0 128.346557617 [[ 0.41076288  0.51230568]] [ 0.00403049]
235 0.0 128.312591553 [[ 0.41044338  0.51249862]] [ 0.0040543]
236 0.0 128.475616455 [[ 0.41020925  0.51243139]] [ 0.00407555]
237 0.0 128.456604004 [[ 0.41038562  0.51270885]] [ 0.00404371]
238 0.0 128.548660278 [[ 0.41053936  0.51257508]] [ 0.00404087]
239 0.0 128.27885437 [[ 0.41053244  0.51252287]] [ 0.00403812]
240 0.0 128.386291504 [[ 0.41012375  0.51241663]] [ 0.00408414]
241 0.0 128.330078125 [[ 0.41044245  0.51223671]] [ 0.00406363]
242 0.0 128.421173096 [[ 0.41018644  0.51277789]] [ 0.00404543]
243 0.0 128.460983276 [[ 0.40995416  0.51264676]] [ 0.00407401]
244 0.0 128.404876709 [[ 0.40994722  0.51311298]] [ 0.0040447]
245 0.0 128.341369629 [[ 0.4095803   0.51403194]] [ 0.00401437]
246 0.0 128.349945068 [[ 0.40918493  0.51413661]] [ 0.0040366]
247 0.0 128.315093994 [[ 0.40909846  0.5142105 ]] [ 0.00404325]
248 0.0 128.415374756 [[ 0.40921757  0.51381135]] [ 0.00406325]
249 0.0 128.359664917 [[ 0.40918732  0.51379944]] [ 0.00406948]
250 0.0 128.265640259 [[ 0.40898521  0.51397032]] [ 0.00407886]
251 0.0 128.458618164 [[ 0.40858096  0.51402909]] [ 0.00410744]
252 0.0 128.299514771 [[ 0.40895552  0.51376572]] [ 0.00408495]
253 0.0 128.33505249 [[ 0.40928631  0.51412371]] [ 0.00403526]
254 0.0 128.351852417 [[ 0.40899279  0.51458204]] [ 0.00403319]
255 0.0 128.433914185 [[ 0.40882691  0.51579115]] [ 0.003971]
256 0.0 128.434524536 [[ 0.40876716  0.51547244]] [ 0.00399423]
257 0.0 128.401123047 [[ 0.40829516  0.51582481]] [ 0.00401544]
258 0.0 128.350814819 [[ 0.40824086  0.51583075]] [ 0.00401324]
259 0.0 128.440353394 [[ 0.40822303  0.51570246]] [ 0.0040259]
260 0.0 128.343902588 [[ 0.4080173   0.51579198]] [ 0.00404001]
261 0.0 128.181182861 [[ 0.40763535  0.51572582]] [ 0.00407263]
262 0.0 128.341842651 [[ 0.40775209  0.51557414]] [ 0.00407767]
263 0.0 128.457336426 [[ 0.40826997  0.51529125]] [ 0.00404101]
264 0.0 128.382553101 [[ 0.4081685   0.51563807]] [ 0.00403347]
265 0.0 128.332168579 [[ 0.40840636  0.51556191]] [ 0.00401607]
266 0.0 128.275177002 [[ 0.40826259  0.5152688 ]] [ 0.00403545]
267 0.0 128.415939331 [[ 0.40813294  0.51499664]] [ 0.00407252]
268 0.0 128.38394165 [[ 0.40825184  0.51558751]] [ 0.00402618]
269 0.0 128.769515991 [[ 0.40816529  0.51509457]] [ 0.00405778]
270 0.0 128.404815674 [[ 0.4084133   0.51634132]] [ 0.00396359]
271 0.0 128.373825073 [[ 0.40867386  0.51641257]] [ 0.00393984]
272 0.0 128.40397644 [[ 0.40823245  0.51561708]] [ 0.00402854]
273 0.0 128.386825562 [[ 0.40870989  0.51593877]] [ 0.00396363]
274 0.0 128.381530762 [[ 0.40838572  0.51577203]] [ 0.00400667]
275 0.0 128.333068848 [[ 0.40832373  0.51578555]] [ 0.00401254]
276 0.0 128.351196289 [[ 0.40847825  0.51556253]] [ 0.00401566]
277 0.0 128.370361328 [[ 0.40843962  0.51546817]] [ 0.00402388]
278 0.0 128.48500061 [[ 0.40830141  0.51523484]] [ 0.00404562]
279 0.0 128.380569458 [[ 0.40841746  0.51555377]] [ 0.00401919]
280 0.0 128.409744263 [[ 0.40848227  0.5149955 ]] [ 0.00404292]
281 0.0 128.320877075 [[ 0.40829885  0.51497515]] [ 0.00405386]
282 0.0 128.405517578 [[ 0.4081797   0.51524046]] [ 0.00404759]
283 0.0 128.299194336 [[ 0.40825108  0.51535198]] [ 0.00404047]
284 0.0 128.293319702 [[ 0.40833638  0.51554892]] [ 0.00402233]
285 0.0 128.39239502 [[ 0.40756288  0.51548347]] [ 0.00408695]
286 0.0 128.335479736 [[ 0.40766711  0.51586017]] [ 0.00405414]
287 0.0 128.310134888 [[ 0.40790739  0.51549911]] [ 0.00406267]
288 0.0 128.400039673 [[ 0.40821809  0.51596516]] [ 0.00400626]
289 0.0 128.295639038 [[ 0.40810786  0.51576053]] [ 0.00402378]
290 0.0 128.460464478 [[ 0.40829649  0.51508515]] [ 0.00405091]
291 0.0 128.311523438 [[ 0.40879772  0.51428823]] [ 0.00405718]
292 0.0 128.410018921 [[ 0.40917837  0.51422794]] [ 0.00402385]
293 0.0 128.316421509 [[ 0.40907322  0.51420805]] [ 0.0040362]
294 0.0 128.313903809 [[ 0.40874095  0.51453088]] [ 0.00404519]
295 0.0 128.367172241 [[ 0.40864989  0.51439783]] [ 0.00405902]
296 0.0 128.53944397 [[ 0.40877096  0.51453784]] [ 0.00404388]
297 0.0 128.434799194 [[ 0.40834371  0.51469339]] [ 0.00407859]
298 0.0 128.424240112 [[ 0.4086089   0.51470796]] [ 0.0040515]
299 0.0 128.389526367 [[ 0.40910548  0.51433541]] [ 0.00403389]
300 0.0 128.510696411 [[ 0.40918823  0.51451751]] [ 0.00401362]
301 0.0 128.487808228 [[ 0.40869792  0.51415165]] [ 0.0040833]
302 0.0 128.425415039 [[ 0.40941326  0.51433087]] [ 0.00402195]
303 0.0 128.455841064 [[ 0.40916208  0.51425405]] [ 0.00404104]
304 0.0 128.449295044 [[ 0.40905155  0.51390875]] [ 0.00408324]
305 0.0 128.47454834 [[ 0.40915323  0.51395568]] [ 0.00407336]
306 0.0 128.556915283 [[ 0.40887165  0.51427992]] [ 0.00407677]
307 0.0 128.425628662 [[ 0.4090423   0.51443297]] [ 0.00405135]
308 0.0 128.397201538 [[ 0.40890155  0.51490112]] [ 0.00404258]
309 0.0 128.462203979 [[ 0.40887886  0.51500619]] [ 0.00404219]
310 0.0 128.351898193 [[ 0.40900539  0.51493688]] [ 0.00403286]
311 0.0 128.39894104 [[ 0.40880198  0.51477159]] [ 0.00405687]
312 0.0 128.389846802 [[ 0.40925469  0.51474328]] [ 0.00402453]
313 0.0 128.457565308 [[ 0.40883656  0.51427554]] [ 0.00408458]
314 0.0 128.433166504 [[ 0.40911404  0.51407477]] [ 0.0040696]
315 0.0 128.28074646 [[ 0.40921474  0.51437833]] [ 0.00403989]
316 0.0 128.304733276 [[ 0.40992824  0.51440148]] [ 0.00397741]
317 0.0 128.286056519 [[ 0.40986032  0.51375859]] [ 0.00401774]
318 0.0 128.366775513 [[ 0.40956607  0.51334988]] [ 0.00407103]
319 0.0 128.21534729 [[ 0.41015116  0.51318021]] [ 0.00403515]
320 0.0 128.373931885 [[ 0.41035744  0.51318046]] [ 0.00401881]
321 0.0 128.354049683 [[ 0.41021428  0.51301644]] [ 0.00403771]
322 0.0 128.398071289 [[ 0.41031596  0.51328881]] [ 0.00401037]
323 0.0 128.164794922 [[ 0.41009107  0.51351541]] [ 0.00401265]
324 0.0 128.381027222 [[ 0.41029564  0.51276316]] [ 0.00404822]
325 0.0 128.429519653 [[ 0.41041754  0.51248368]] [ 0.00404798]
326 0.0 128.348876953 [[ 0.41062886  0.51288836]] [ 0.00400266]
327 0.0 128.27142334 [[ 0.41056077  0.51279632]] [ 0.00401827]
328 0.0 128.316146851 [[ 0.41076149  0.51254704]] [ 0.00401467]
329 0.0 128.261795044 [[ 0.41098988  0.51252217]] [ 0.00399437]
330 0.0 128.348083496 [[ 0.41105836  0.51206335]] [ 0.00401646]
331 0.0 128.329452515 [[ 0.41106764  0.51238334]] [ 0.00398844]
332 0.0 128.315292358 [[ 0.41087126  0.51213413]] [ 0.00402388]
333 0.0 128.219818115 [[ 0.41061442  0.51207119]] [ 0.00405344]
334 0.0 128.345397949 [[ 0.41096304  0.51222825]] [ 0.00400854]
335 0.0 128.274078369 [[ 0.41116292  0.51249367]] [ 0.00397462]
336 0.0 128.307327271 [[ 0.41101749  0.51192791]] [ 0.00402146]
337 0.0 128.30027771 [[ 0.41120005  0.5121363 ]] [ 0.00399193]
338 0.0 128.395706177 [[ 0.41073563  0.51238032]] [ 0.00402013]
339 0.0 128.264297485 [[ 0.41033878  0.51251426]] [ 0.00403706]
340 0.0 128.176651001 [[ 0.41050078  0.51222987]] [ 0.00404414]
341 0.0 128.364944458 [[ 0.41076239  0.51259237]] [ 0.00399558]
342 0.0 128.382629395 [[ 0.41108058  0.51236025]] [ 0.00398603]
343 0.0 128.430923462 [[ 0.41152694  0.51190277]] [ 0.00397525]
344 0.0 128.251220703 [[ 0.41114361  0.51162854]] [ 0.00401561]
345 0.0 128.417480469 [[ 0.41116054  0.51214146]] [ 0.00398717]
346 0.0 128.297134399 [[ 0.41107975  0.51161817]] [ 0.00402837]
347 0.0 128.288726807 [[ 0.41101343  0.51162501]] [ 0.00403794]
348 0.0 128.409469604 [[ 0.41097254  0.51193203]] [ 0.00402855]
349 0.0 128.447494507 [[ 0.41074673  0.51186067]] [ 0.00405333]
350 0.0 128.49520874 [[ 0.41087214  0.51166203]] [ 0.00405898]
351 0.0 128.339431763 [[ 0.41105762  0.51146929]] [ 0.00405274]
352 0.0 128.302780151 [[ 0.4106316   0.51210022]] [ 0.00405057]
353 0.0 128.362228394 [[ 0.41057492  0.5125339 ]] [ 0.00402129]
354 0.0 128.314193726 [[ 0.41062551  0.51271429]] [ 0.0040072]
355 0.0 128.249465942 [[ 0.41097102  0.51228855]] [ 0.00401036]
356 0.0 128.270111084 [[ 0.41082468  0.51199291]] [ 0.00403682]
357 0.0 128.37789917 [[ 0.41066034  0.5116501 ]] [ 0.00407345]
358 0.0 128.47819519 [[ 0.41050777  0.51213535]] [ 0.00405351]
359 0.0 128.410491943 [[ 0.41026979  0.51267661]] [ 0.00404284]
360 0.0 128.410568237 [[ 0.40999895  0.5125899 ]] [ 0.00407463]
361 0.0 128.3074646 [[ 0.40989086  0.51299387]] [ 0.00406342]
362 0.0 128.304977417 [[ 0.40994632  0.51344609]] [ 0.00403473]
363 0.0 128.296295166 [[ 0.41023949  0.51330016]] [ 0.00401147]
364 0.0 128.269058228 [[ 0.4102502   0.51306647]] [ 0.00402963]
365 0.0 128.346435547 [[ 0.41015693  0.51234563]] [ 0.00408694]
366 0.0 128.335159302 [[ 0.41179149  0.51232416]] [ 0.00394953]
367 0.0 128.385269165 [[ 0.41156042  0.51210751]] [ 0.00398032]
368 0.0 128.483505249 [[ 0.41124998  0.51214808]] [ 0.00399489]
369 0.0 128.380477905 [[ 0.4106669   0.51263729]] [ 0.00401196]
370 0.0 128.341720581 [[ 0.41035037  0.51292309]] [ 0.00401311]
371 0.0 128.349822998 [[ 0.41027072  0.51303237]] [ 0.00400784]
372 0.0 128.308837891 [[ 0.41060842  0.51237836]] [ 0.00402232]
373 0.0 128.33883667 [[ 0.41053094  0.51232401]] [ 0.00403615]
374 0.0 128.365936279 [[ 0.41088473  0.51170122]] [ 0.00404852]
375 0.0 128.394226074 [[ 0.41070114  0.51198339]] [ 0.00404167]
376 0.0 128.328872681 [[ 0.41069257  0.51211896]] [ 0.00402489]
377 0.0 128.375427246 [[ 0.41058361  0.51264028]] [ 0.00400024]
378 0.0 128.352966309 [[ 0.41038477  0.51294465]] [ 0.00399748]
379 0.0 128.425369263 [[ 0.41037124  0.51303748]] [ 0.00399097]
380 0.0 128.31427002 [[ 0.41035263  0.51273938]] [ 0.00401462]
381 0.0 128.435943604 [[ 0.41050007  0.51260634]] [ 0.00400945]
382 0.0 128.37612915 [[ 0.41041847  0.51233488]] [ 0.00403299]
383 0.0 128.348571777 [[ 0.41009183  0.51284914]] [ 0.00402097]
384 0.0 128.273269653 [[ 0.41030263  0.51269345]] [ 0.00402441]
385 0.0 128.282928467 [[ 0.41014329  0.51250912]] [ 0.00404855]
386 0.0 128.282577515 [[ 0.41013202  0.51292786]] [ 0.0040302]
387 0.0 128.316970825 [[ 0.40997369  0.51313455]] [ 0.00402202]
388 0.0 128.386703491 [[ 0.40972993  0.51379736]] [ 0.00400583]
389 0.0 128.33303833 [[ 0.40973406  0.51405265]] [ 0.00399665]
390 0.0 128.391036987 [[ 0.40954769  0.51415034]] [ 0.00400113]
391 0.0 128.328155518 [[ 0.40956861  0.51449393]] [ 0.00398397]
392 0.0 128.419448853 [[ 0.40926957  0.51435092]] [ 0.00402032]
393 0.0 128.327728271 [[ 0.40927855  0.51433976]] [ 0.00402661]
394 0.0 128.341720581 [[ 0.40917927  0.51422533]] [ 0.00403901]
395 0.0 128.480911255 [[ 0.40920381  0.51477871]] [ 0.00400264]
396 0.0 128.44303894 [[ 0.40882593  0.51473376]] [ 0.00404237]
397 0.0 128.347564697 [[ 0.40883064  0.51505712]] [ 0.00401348]
398 0.0 128.340454102 [[ 0.40906583  0.51494701]] [ 0.00401097]
399 0.0 128.284042358 [[ 0.40919776  0.51460833]] [ 0.0040372]
400 0.0 128.365371704 [[ 0.40956478  0.51453413]] [ 0.00401383]
401 0.0 128.560073853 [[ 0.40980076  0.51444554]] [ 0.0039911]
402 0.0 128.34954834 [[ 0.409778    0.51392116]] [ 0.00402257]
403 0.0 128.408569336 [[ 0.41045385  0.51330099]] [ 0.00400114]
404 0.0 128.343963623 [[ 0.41041728  0.51321407]] [ 0.00400457]
405 0.0 128.365615845 [[ 0.41023974  0.51349989]] [ 0.00400401]
406 0.0 128.322372437 [[ 0.41076893  0.51286155]] [ 0.00400546]
407 0.0 128.334701538 [[ 0.41052282  0.51269856]] [ 0.00403044]
408 0.0 128.643966675 [[ 0.41051722  0.51197726]] [ 0.00407348]
409 0.0 128.419418335 [[ 0.41089     0.51203915]] [ 0.0040343]
410 0.0 128.361282349 [[ 0.41099968  0.51207785]] [ 0.00402632]
411 0.0 128.336669922 [[ 0.41092282  0.51246746]] [ 0.0040132]
412 0.0 128.314117432 [[ 0.41102604  0.51243557]] [ 0.00401397]
413 0.0 128.263259888 [[ 0.41134012  0.5120179 ]] [ 0.00401881]
414 0.0 128.271224976 [[ 0.4112577   0.51162696]] [ 0.00404878]
415 0.0 128.254974365 [[ 0.41156761  0.51189072]] [ 0.0040183]
416 0.0 128.273803711 [[ 0.41130055  0.51176372]] [ 0.00404592]
417 0.0 128.330886841 [[ 0.41112118  0.51192932]] [ 0.00405006]
418 0.0 128.298400879 [[ 0.41136721  0.51200448]] [ 0.00402606]
419 0.0 128.361038208 [[ 0.41094959  0.511481  ]] [ 0.00408911]
420 0.0 128.30380249 [[ 0.41122078  0.51227558]] [ 0.00402696]
421 0.0 128.174789429 [[ 0.4112637   0.51195458]] [ 0.00404053]
422 0.0 128.280319214 [[ 0.41124154  0.5117567 ]] [ 0.00406155]
423 0.0 128.347579956 [[ 0.41137719  0.51164577]] [ 0.00405515]
424 0.0 128.343551636 [[ 0.41144727  0.51158488]] [ 0.00406037]
425 0.0 128.239944458 [[ 0.41097751  0.51215065]] [ 0.00406648]
426 0.0 128.433227539 [[ 0.41139661  0.51143521]] [ 0.00407348]
427 0.0 128.38961792 [[ 0.41142287  0.51169097]] [ 0.00405718]
428 0.0 128.300201416 [[ 0.41188502  0.51174706]] [ 0.00403175]
429 0.0 128.347595215 [[ 0.41190316  0.51164965]] [ 0.00403369]
430 0.0 128.559555054 [[ 0.41220545  0.51146261]] [ 0.00401871]
431 0.0 128.458145142 [[ 0.41230676  0.51142122]] [ 0.00401045]
432 0.0 128.324127197 [[ 0.41223516  0.51098135]] [ 0.00404094]
433 0.0 128.616500854 [[ 0.41214067  0.51056201]] [ 0.00407234]
434 0.0 128.458023071 [[ 0.4125085   0.51072798]] [ 0.00404429]
435 0.0 128.3256073 [[ 0.41260379  0.51098626]] [ 0.00402275]
436 0.0 128.350646973 [[ 0.41227324  0.51095315]] [ 0.00405141]
437 0.0 128.571853638 [[ 0.41212347  0.51058392]] [ 0.00409131]
438 0.0 128.50541687 [[ 0.41243659  0.51087056]] [ 0.00404664]
439 0.0 128.459533691 [[ 0.41291336  0.51058067]] [ 0.0040228]
440 0.0 128.500991821 [[ 0.41238504  0.51075505]] [ 0.00405638]
441 0.0 128.389801025 [[ 0.4123062   0.51084824]] [ 0.00405362]
442 0.0 128.340713501 [[ 0.41228784  0.51109993]] [ 0.00405202]
443 0.0 128.395126343 [[ 0.41236872  0.51142628]] [ 0.00402884]
444 0.0 128.433395386 [[ 0.41188681  0.51123768]] [ 0.00408146]
445 0.0 128.447998047 [[ 0.412119    0.51116224]] [ 0.00406809]
446 0.0 128.34954834 [[ 0.41242998  0.51113125]] [ 0.00404591]
447 0.0 128.324661255 [[ 0.41277942  0.51115544]] [ 0.00401611]
448 0.0 128.434677124 [[ 0.41247799  0.51083835]] [ 0.00405722]
449 0.0 128.338150024 [[ 0.41212229  0.51080842]] [ 0.00408869]
450 0.0 128.485076904 [[ 0.41283705  0.51039299]] [ 0.00406003]
451 0.0 128.38999939 [[ 0.41280676  0.51077407]] [ 0.00403651]
452 0.0 128.316802979 [[ 0.41292928  0.51061457]] [ 0.00404402]
453 0.0 128.340789795 [[ 0.41275383  0.51064686]] [ 0.00405532]
454 0.0 128.40713501 [[ 0.41205153  0.51117168]] [ 0.00407148]
455 0.0 128.359786987 [[ 0.41219024  0.51117427]] [ 0.00406319]
456 0.0 128.336471558 [[ 0.41189295  0.51173639]] [ 0.00404941]
457 0.0 128.327758789 [[ 0.41210701  0.51125965]] [ 0.0040659]
458 0.0 128.485778809 [[ 0.41227808  0.51113436]] [ 0.00406555]
459 0.0 128.386291504 [[ 0.41223127  0.51103146]] [ 0.00407873]
460 0.0 128.328689575 [[ 0.41225457  0.51135501]] [ 0.00405597]
461 0.0 128.551071167 [[ 0.41144889  0.51191287]] [ 0.00407818]
462 0.0 128.342590332 [[ 0.41193763  0.51271362]] [ 0.00399556]
463 0.0 128.330169678 [[ 0.41168137  0.51242628]] [ 0.00403131]
464 0.0 128.263122559 [[ 0.41132347  0.51262745]] [ 0.00404372]
465 0.0 128.339279175 [[ 0.41171966  0.51262886]] [ 0.00401406]
466 0.0 128.419174194 [[ 0.41114373  0.5129227 ]] [ 0.00404189]
467 0.0 128.573806763 [[ 0.41124328  0.51309197]] [ 0.00401253]
468 0.0 128.341201782 [[ 0.41143702  0.51307304]] [ 0.00401424]
469 0.0 128.336990356 [[ 0.41138955  0.51326455]] [ 0.00400369]
470 0.0 128.330673218 [[ 0.41152775  0.51298342]] [ 0.00401499]
471 0.0 128.300949097 [[ 0.41152223  0.51283044]] [ 0.00402254]
472 0.0 128.263641357 [[ 0.41139011  0.512628  ]] [ 0.00404269]
473 0.0 128.35925293 [[ 0.41169153  0.51235384]] [ 0.00404764]
474 0.0 128.324371338 [[ 0.41199011  0.51228767]] [ 0.00402515]
475 0.0 128.416793823 [[ 0.41204878  0.51160787]] [ 0.00406682]
476 0.0 128.389572144 [[ 0.41266427  0.51194402]] [ 0.00399025]
477 0.0 128.436553955 [[ 0.41278823  0.51193093]] [ 0.00398285]
478 0.0 128.315765381 [[ 0.41250882  0.5118549 ]] [ 0.00400957]
479 0.0 128.448776245 [[ 0.41244539  0.51184547]] [ 0.00402121]
480 0.0 128.547653198 [[ 0.41249739  0.51183229]] [ 0.00401282]
481 0.0 128.317443848 [[ 0.41253363  0.51179813]] [ 0.00401888]
482 0.0 128.418045044 [[ 0.4125805   0.51122903]] [ 0.00404996]
483 0.0 128.420578003 [[ 0.41309663  0.51119721]] [ 0.0040084]
484 0.0 128.427597046 [[ 0.4131183   0.51107398]] [ 0.00401284]
485 0.0 128.325515747 [[ 0.41264985  0.51161244]] [ 0.00401061]
486 0.0 128.698638916 [[ 0.41231681  0.51164391]] [ 0.00402625]
487 0.0 128.741088867 [[ 0.41228472  0.51083996]] [ 0.0040758]
488 0.0 128.445541382 [[ 0.41237061  0.51120078]] [ 0.00404616]
489 0.0 128.406021118 [[ 0.41221648  0.51119197]] [ 0.00406074]
490 0.0 128.390853882 [[ 0.41209778  0.51169064]] [ 0.00403668]
491 0.0 128.320297241 [[ 0.41219501  0.51189298]] [ 0.00401702]
492 0.0 128.450759888 [[ 0.41242435  0.51153283]] [ 0.00401864]
493 0.0 128.352966309 [[ 0.4124729   0.51088466]] [ 0.00406124]
494 0.0 128.310653687 [[ 0.41257128  0.51117415]] [ 0.00404032]
495 0.0 128.557174683 [[ 0.41182514  0.51117464]] [ 0.00408891]
496 0.0 128.382125854 [[ 0.4118424  0.5114189]] [ 0.00407323]
497 0.0 128.498596191 [[ 0.41205118  0.51176564]] [ 0.00404017]
498 0.0 128.363082886 [[ 0.41177699  0.51145661]] [ 0.00407608]
499 0.0 128.351074219 [[ 0.41222326  0.51184108]] [ 0.00402809]
500 0.0 128.502258301 [[ 0.41263596  0.51122077]] [ 0.00403511]
501 0.0 128.464614868 [[ 0.41281288  0.5108599 ]] [ 0.00404528]
502 0.0 128.309417725 [[ 0.41282986  0.5108216 ]] [ 0.00405744]
503 0.0 128.236495972 [[ 0.41275575  0.51062617]] [ 0.00406725]
504 0.0 128.298217773 [[ 0.41262157  0.51085013]] [ 0.00406992]
505 0.0 128.379440308 [[ 0.41249097  0.51073952]] [ 0.0040677]
506 0.0 128.361129761 [[ 0.41288749  0.51131402]] [ 0.00400798]
507 0.0 128.345046997 [[ 0.41235179  0.51161683]] [ 0.00403097]
508 0.0 128.551864624 [[ 0.41238251  0.51128397]] [ 0.00404369]
509 0.0 128.623245239 [[ 0.41268427  0.51140543]] [ 0.00401641]
510 0.0 128.381500244 [[ 0.41265642  0.51120261]] [ 0.0040356]
511 0.0 128.353988647 [[ 0.41352884  0.51079347]] [ 0.00398938]
512 0.0 128.349822998 [[ 0.41301635  0.51096113]] [ 0.00402078]
513 0.0 128.43737793 [[ 0.4125206  0.5109816]] [ 0.0040621]
514 0.0 128.338150024 [[ 0.41285688  0.51091097]] [ 0.00404584]
515 0.0 128.322616577 [[ 0.41325772  0.51054975]] [ 0.00403859]
516 0.0 128.499038696 [[ 0.4134493   0.51039618]] [ 0.00403193]
517 0.0 128.301376343 [[ 0.41362101  0.51105223]] [ 0.00397443]
518 0.0 128.321228027 [[ 0.41330844  0.5107963 ]] [ 0.00402085]
519 0.0 128.333358765 [[ 0.41340763  0.51034124]] [ 0.00404664]
520 0.0 128.445343018 [[ 0.41380274  0.50966318]] [ 0.0040543]
521 0.0 128.410964966 [[ 0.41396507  0.50916776]] [ 0.00406896]
522 0.0 128.26373291 [[ 0.41440213  0.50885351]] [ 0.00405503]
523 0.0 128.438201904 [[ 0.41462054  0.50907585]] [ 0.00403775]
524 0.0 128.393753052 [[ 0.41448538  0.50916977]] [ 0.00404332]
525 0.0 128.306274414 [[ 0.41498243  0.50817233]] [ 0.00406222]
526 0.0 128.428817749 [[ 0.41537813  0.50807726]] [ 0.0040377]
527 0.0 128.344207764 [[ 0.41554137  0.50818396]] [ 0.00402431]
528 0.0 128.454589844 [[ 0.41518723  0.50844652]] [ 0.00403803]
529 0.0 128.328369141 [[ 0.41491869  0.50798639]] [ 0.00409452]
530 0.0 128.460418701 [[ 0.41517125  0.50896932]] [ 0.00401647]
531 0.0 128.495620728 [[ 0.41548537  0.50877335]] [ 0.00399744]
532 0.0 128.416778564 [[ 0.41521109  0.50853839]] [ 0.00403922]
533 0.0 128.413314819 [[ 0.41549084  0.50847786]] [ 0.00402417]
534 0.0 128.516998291 [[ 0.41529334  0.50836134]] [ 0.00403929]
535 0.0 128.447891235 [[ 0.41509808  0.50829041]] [ 0.00406419]
536 0.0 128.462127686 [[ 0.41491508  0.50882179]] [ 0.00404579]
537 0.0 128.449707031 [[ 0.41506297  0.50866231]] [ 0.00405055]
538 0.0 128.549560547 [[ 0.41462217  0.50875009]] [ 0.00407726]
539 0.0 128.500671387 [[ 0.41478188  0.50919547]] [ 0.00404591]
540 0.0 128.469512939 [[ 0.41540667  0.50882597]] [ 0.00401722]
541 0.0 128.497573853 [[ 0.41479646  0.50943715]] [ 0.0040245]
542 0.0 128.486221313 [[ 0.41441567  0.50959316]] [ 0.00405601]
543 0.0 128.460723877 [[ 0.41432028  0.50988228]] [ 0.00403629]
544 0.0 128.400482178 [[ 0.41447135  0.50950964]] [ 0.00405219]
545 0.0 128.500778198 [[ 0.4145558   0.50939464]] [ 0.00405959]
546 0.0 128.331497192 [[ 0.41447908  0.50946099]] [ 0.00406215]
547 0.0 128.332733154 [[ 0.41447735  0.50943934]] [ 0.00405823]
548 0.0 128.508148193 [[ 0.41425223  0.50999006]] [ 0.00404293]
549 0.0 128.528991699 [[ 0.41402649  0.51032439]] [ 0.00403076]
550 0.0 128.480773926 [[ 0.41367609  0.51070357]] [ 0.00403425]
551 0.0 128.424041748 [[ 0.41364413  0.51072899]] [ 0.00403716]
552 0.0 128.498641968 [[ 0.41473992  0.51001341]] [ 0.00397912]
553 0.0 128.372817993 [[ 0.41473834  0.50974879]] [ 0.00401527]
554 0.0 128.306396484 [[ 0.41463653  0.50948382]] [ 0.00405907]
555 0.0 128.289382935 [[ 0.41466386  0.50957746]] [ 0.00404666]
556 0.0 128.508575439 [[ 0.41475878  0.50960011]] [ 0.00402499]
557 0.0 128.481277466 [[ 0.41497018  0.5093746 ]] [ 0.00403991]
558 0.0 128.440551758 [[ 0.41487084  0.50956443]] [ 0.00403774]
559 0.0 128.304000854 [[ 0.41480299  0.509453  ]] [ 0.00404882]
560 0.0 128.3777771 [[ 0.41483466  0.50951407]] [ 0.00403789]
561 0.0 128.388092041 [[ 0.41514687  0.50950514]] [ 0.00400994]
562 0.0 128.384918213 [[ 0.41488914  0.50943925]] [ 0.00404072]
563 0.0 128.373931885 [[ 0.41461908  0.509921  ]] [ 0.00402215]
564 0.0 128.358566284 [[ 0.41457551  0.51019851]] [ 0.00400509]
565 0.0 128.372817993 [[ 0.414159    0.51037331]] [ 0.00402979]
566 0.0 128.341873169 [[ 0.41416211  0.51028631]] [ 0.00404009]
567 0.0 128.436401367 [[ 0.4147466   0.51098674]] [ 0.00395051]
568 0.0 128.475143433 [[ 0.41449894  0.51109061]] [ 0.0039661]
569 0.0 128.539169312 [[ 0.41391493  0.51099405]] [ 0.0040132]
570 0.0 128.514846802 [[ 0.41386944  0.51120764]] [ 0.00401075]
571 0.0 128.419372559 [[ 0.41347868  0.5114992 ]] [ 0.00402045]
572 0.0 128.354248047 [[ 0.41372932  0.51136193]] [ 0.00401093]
573 0.0 128.419189453 [[ 0.41384529  0.5113818 ]] [ 0.00400494]
574 0.0 128.368179321 [[ 0.41384857  0.51133755]] [ 0.00400895]
575 0.0 128.364990234 [[ 0.41368807  0.51152484]] [ 0.00401103]
576 0.0 128.43347168 [[ 0.41363617  0.51152554]] [ 0.0040106]
577 0.0 128.279022217 [[ 0.41331408  0.51199285]] [ 0.00399983]
578 0.0 128.351211548 [[ 0.41315955  0.51208609]] [ 0.00400464]
579 0.0 128.319793701 [[ 0.41292156  0.51174721]] [ 0.00404897]
580 0.0 128.358505249 [[ 0.41305982  0.51194494]] [ 0.00402669]
581 0.0 128.244354248 [[ 0.41289879  0.51209567]] [ 0.004031]
582 0.0 128.33682251 [[ 0.4126941   0.51225949]] [ 0.00404233]
583 0.0 128.294830322 [[ 0.41255583  0.5121461 ]] [ 0.00406581]
584 0.0 128.177764893 [[ 0.41267502  0.51229646]] [ 0.00404209]
585 0.0 128.546234131 [[ 0.41306066  0.51226083]] [ 0.00402125]
586 0.0 128.239395142 [[ 0.41280398  0.51195495]] [ 0.00406192]
587 0.0 128.290878296 [[ 0.41262034  0.51234575]] [ 0.00404494]
588 0.0 128.370956421 [[ 0.41357044  0.51120916]] [ 0.00404602]
589 0.0 128.383529663 [[ 0.41375798  0.51128437]] [ 0.00402832]
590 0.0 128.37701416 [[ 0.41457744  0.51075544]] [ 0.00400875]
591 0.0 128.325744629 [[ 0.41438314  0.51065916]] [ 0.00403565]
592 0.0 128.44519043 [[ 0.41467711  0.51050072]] [ 0.00402235]
593 0.0 128.382080078 [[ 0.41461399  0.51056375]] [ 0.00402456]
594 0.0 128.542312622 [[ 0.41426578  0.51077456]] [ 0.00403394]
595 0.0 128.474746704 [[ 0.4142083   0.51034149]] [ 0.00406495]
596 0.0 128.434265137 [[ 0.4139838   0.51054667]] [ 0.00407504]
597 0.0 128.395828247 [[ 0.41370124  0.51132926]] [ 0.00404425]
598 0.0 128.377090454 [[ 0.41415118  0.5106994 ]] [ 0.00404564]
599 0.0 128.43057251 [[ 0.41435387  0.51057774]] [ 0.00404005]
600 0.0 128.36038208 [[ 0.4146178   0.51072722]] [ 0.00400962]
601 0.0 128.487304688 [[ 0.4145153  0.510349 ]] [ 0.00403759]
602 0.0 128.407775879 [[ 0.41432127  0.51015141]] [ 0.00406899]
603 0.0 128.303985596 [[ 0.41447856  0.51008759]] [ 0.00406477]
604 0.0 128.298568726 [[ 0.41457522  0.510434  ]] [ 0.00403713]
605 0.0 128.323928833 [[ 0.41450944  0.51076887]] [ 0.00402076]
606 0.0 128.589065552 [[ 0.41460084  0.51048405]] [ 0.00403315]
607 0.0 128.417739868 [[ 0.41506522  0.51014639]] [ 0.00401452]
608 0.0 128.432876587 [[ 0.41495653  0.51034398]] [ 0.00400447]
609 0.0 128.601028442 [[ 0.41453857  0.51018279]] [ 0.00404325]
610 0.0 128.578720093 [[ 0.41614749  0.50965312]] [ 0.00395445]
611 0.0 128.458816528 [[ 0.41582027  0.50953645]] [ 0.00398315]
612 0.0 128.412445068 [[ 0.41555647  0.50975474]] [ 0.00398353]
613 0.0 128.301361084 [[ 0.41560827  0.50928319]] [ 0.00400368]
614 0.0 128.317092896 [[ 0.41556648  0.50906938]] [ 0.0040229]
615 0.0 128.387557983 [[ 0.41581351  0.50897669]] [ 0.00401619]
616 0.0 128.428497314 [[ 0.41548549  0.50938729]] [ 0.00400691]
617 0.0 128.38394165 [[ 0.41546784  0.5095951 ]] [ 0.00399034]
618 0.0 128.250228882 [[ 0.41519226  0.50957366]] [ 0.00401912]
619 0.0 128.298110962 [[ 0.4146459  0.5098518]] [ 0.0040462]
620 0.0 128.425964355 [[ 0.41439067  0.51002845]] [ 0.00404747]
621 0.0 128.381240845 [[ 0.41491446  0.50983691]] [ 0.00402472]
622 0.0 128.406112671 [[ 0.41476682  0.51093768]] [ 0.00395241]
623 0.0 128.361404419 [[ 0.41414501  0.51108662]] [ 0.00400435]
624 0.0 128.345840454 [[ 0.41374106  0.5115953 ]] [ 0.00400899]
625 0.0 128.331497192 [[ 0.41358334  0.51166151]] [ 0.00402287]
626 0.0 128.361724854 [[ 0.41360279  0.5116304 ]] [ 0.00402599]
627 0.0 128.350494385 [[ 0.41367325  0.5113594 ]] [ 0.00403582]
628 0.0 128.319976807 [[ 0.41398027  0.51132017]] [ 0.00401503]
629 0.0 128.400421143 [[ 0.41424583  0.51121023]] [ 0.00399849]
630 0.0 128.248428345 [[ 0.41395249  0.51114798]] [ 0.00402756]
631 0.0 128.287796021 [[ 0.41376609  0.51169332]] [ 0.00401177]
632 0.0 128.291793823 [[ 0.41378143  0.51151618]] [ 0.00402424]
633 0.0 128.323776245 [[ 0.41391323  0.51152036]] [ 0.00400951]
634 0.0 128.233535767 [[ 0.41383772  0.51156353]] [ 0.00401775]
635 0.0 128.388793945 [[ 0.4142563   0.51094413]] [ 0.00401761]
636 0.0 128.328781128 [[ 0.41402994  0.51100782]] [ 0.00404524]
637 0.0 128.363067627 [[ 0.41393267  0.51137406]] [ 0.00402945]
638 0.0 128.411315918 [[ 0.41402841  0.51134251]] [ 0.00402952]
639 0.0 128.593887329 [[ 0.4138026   0.51115069]] [ 0.00404718]
640 0.0 128.361938477 [[ 0.41369007  0.51151179]] [ 0.00406491]
641 0.0 128.246246338 [[ 0.41373887  0.51152444]] [ 0.00405932]
642 0.0 128.295913696 [[ 0.41404053  0.51170082]] [ 0.00401968]
643 0.0 128.33152771 [[ 0.41357853  0.51242809]] [ 0.0040221]
644 0.0 128.325942993 [[ 0.41397482  0.5119873 ]] [ 0.00401853]
645 0.0 128.291152954 [[ 0.4139834   0.51153167]] [ 0.0040423]
646 0.0 128.335128784 [[ 0.41395814  0.51176741]] [ 0.00403157]
647 0.0 128.352722168 [[ 0.41368011  0.51174389]] [ 0.00405448]
648 0.0 128.434143066 [[ 0.41366637  0.51201296]] [ 0.00404362]
649 0.0 128.269851685 [[ 0.41351691  0.51235677]] [ 0.00403803]
650 0.0 128.451080322 [[ 0.41345822  0.51213361]] [ 0.00405318]
651 0.0 128.224777222 [[ 0.41368819  0.51258055]] [ 0.0040147]
652 0.0 128.307678223 [[ 0.41375233  0.51199071]] [ 0.00404472]
653 0.0 128.389465332 [[ 0.41407765  0.51158259]] [ 0.00404368]
654 0.0 128.385467529 [[ 0.41420532  0.51107218]] [ 0.004068]
655 0.0 128.311279297 [[ 0.41430564  0.51160924]] [ 0.00402821]
656 0.0 128.410354614 [[ 0.41419236  0.51163784]] [ 0.00403505]
657 0.0 128.396942139 [[ 0.414089    0.51180328]] [ 0.00403306]
658 0.0 128.265975952 [[ 0.41431305  0.51207708]] [ 0.00400285]
659 0.0 128.454589844 [[ 0.41411205  0.51187653]] [ 0.00403855]
660 0.0 128.444732666 [[ 0.41431231  0.51109433]] [ 0.00406269]
661 0.0 128.424179077 [[ 0.41419924  0.51106122]] [ 0.00408068]
662 0.0 128.519226074 [[ 0.41421569  0.51221048]] [ 0.00402127]
663 0.0 128.669281006 [[ 0.41421665  0.51243707]] [ 0.00400983]
664 0.0 128.52142334 [[ 0.41406817  0.51239608]] [ 0.00403543]
665 0.0 128.4090271 [[ 0.4142708   0.51200252]] [ 0.00404595]
666 0.0 128.442245483 [[ 0.41431813  0.51218914]] [ 0.00403004]
667 0.0 128.461380005 [[ 0.41439974  0.51158024]] [ 0.00405603]
668 0.0 128.685668945 [[ 0.41423359  0.51277945]] [ 0.00398305]
669 0.0 128.537872314 [[ 0.4146198   0.51221763]] [ 0.00398892]
670 0.0 128.51914978 [[ 0.41430732  0.5121581 ]] [ 0.00401512]
671 0.0 128.439865112 [[ 0.41412042  0.51193337]] [ 0.00404301]
672 0.0 128.394317627 [[ 0.41412351  0.5118888 ]] [ 0.00405178]
673 0.0 128.650741577 [[ 0.41399638  0.51175094]] [ 0.00406977]
674 0.0 128.449615479 [[ 0.41434137  0.51209161]] [ 0.00402336]
675 0.0 128.414215088 [[ 0.41428401  0.51209924]] [ 0.00402836]
676 0.0 128.433441162 [[ 0.41442184  0.51215236]] [ 0.00401417]
677 0.0 128.393768311 [[ 0.41427853  0.51179895]] [ 0.00404009]
678 0.0 128.353744507 [[ 0.41416273  0.51186649]] [ 0.00404941]
679 0.0 128.344024658 [[ 0.41420181  0.51188016]] [ 0.00404678]
680 0.0 128.350967407 [[ 0.41410265  0.51163693]] [ 0.00406515]
681 0.0 128.429168701 [[ 0.41448289  0.51174728]] [ 0.00402942]
682 0.0 128.430908203 [[ 0.41463339  0.51145432]] [ 0.00403519]
683 0.0 128.380355835 [[ 0.41446927  0.51156137]] [ 0.00404304]
684 0.0 128.244186401 [[ 0.41419882  0.51163873]] [ 0.00406086]
685 0.0 128.387664795 [[ 0.41458577  0.51154761]] [ 0.00403366]
686 0.0 128.328353882 [[ 0.41460687  0.51164355]] [ 0.0040287]
687 0.0 128.399978638 [[ 0.4144751   0.51124444]] [ 0.00405626]
688 0.0 128.301940918 [[ 0.41462884  0.5113654 ]] [ 0.0040429]
689 0.0 128.437820435 [[ 0.41522252  0.5114438 ]] [ 0.0039886]
690 0.0 128.426223755 [[ 0.41543394  0.51044474]] [ 0.00403327]
691 0.0 128.405410767 [[ 0.41567828  0.51032838]] [ 0.00402911]
692 0.0 128.332580566 [[ 0.41634967  0.50964623]] [ 0.00401338]
693 0.0 128.320526123 [[ 0.41663285  0.50942434]] [ 0.00400534]
694 0.0 128.416702271 [[ 0.41673922  0.50909214]] [ 0.00401849]
695 0.0 128.308624268 [[ 0.41699191  0.50891775]] [ 0.0040157]
696 0.0 128.365493774 [[ 0.41650855  0.50917174]] [ 0.00404428]
697 0.0 128.540618896 [[ 0.41648333  0.50955629]] [ 0.00402293]
698 0.0 128.500442505 [[ 0.41635054  0.5097151 ]] [ 0.00402144]
699 0.0 128.444976807 [[ 0.41593842  0.51028777]] [ 0.00402365]
700 0.0 128.44934082 [[ 0.41597675  0.51031834]] [ 0.00402299]
701 0.0 128.327865601 [[ 0.41558932  0.51037903]] [ 0.00405037]
702 0.0 128.28187561 [[ 0.41582952  0.5105048 ]] [ 0.00402569]
703 0.0 128.564575195 [[ 0.41590398  0.51043744]] [ 0.00402673]
704 0.0 128.778549194 [[ 0.41611177  0.51001517]] [ 0.00403274]
705 0.0 128.887451172 [[ 0.41630669  0.50861681]] [ 0.00409943]
706 0.0 128.769775391 [[ 0.41709311  0.50782197]] [ 0.0040814]
707 0.0 128.903762817 [[ 0.41759791  0.50733615]] [ 0.00406778]
708 0.0 128.702026367 [[ 0.41771536  0.50654347]] [ 0.00409637]
709 0.0 128.724014282 [[ 0.4180743   0.50610985]] [ 0.00409386]
710 0.0 128.707443237 [[ 0.4180426   0.50620917]] [ 0.00408506]
711 0.0 128.815322876 [[ 0.41825896  0.50562368]] [ 0.00410191]
712 0.0 128.617462158 [[ 0.41836037  0.50594112]] [ 0.00406898]
713 0.0 128.726303101 [[ 0.41890363  0.50534242]] [ 0.00405744]
714 0.0 128.695175171 [[ 0.41904565  0.50442084]] [ 0.00410396]
715 0.0 128.791381836 [[ 0.41924561  0.50470231]] [ 0.00406807]
716 0.0 128.622161865 [[ 0.41969228  0.50436859]] [ 0.00405634]
717 0.0 128.621490479 [[ 0.41964876  0.5041829 ]] [ 0.00407326]
718 0.0 128.689666748 [[ 0.41935113  0.50412274]] [ 0.00408535]
719 0.0 128.954696655 [[ 0.41932224  0.50457739]] [ 0.00404939]
720 0.0 128.581604004 [[ 0.41980827  0.50388731]] [ 0.00406193]
721 0.0 128.630371094 [[ 0.42005524  0.50351739]] [ 0.00406096]
722 0.0 128.561965942 [[ 0.41993302  0.50375376]] [ 0.00405608]
723 0.0 128.507598877 [[ 0.41992084  0.50355185]] [ 0.0040624]
724 0.0 128.547531128 [[ 0.4204371   0.50344357]] [ 0.00403371]
725 0.0 128.574615479 [[ 0.41984896  0.50374638]] [ 0.00404996]
726 0.0 128.526199341 [[ 0.41998386  0.50372029]] [ 0.00403648]
727 0.0 128.476303101 [[ 0.41950411  0.50392197]] [ 0.00406831]
728 0.0 128.49899292 [[ 0.41932406  0.50430444]] [ 0.00405128]
729 0.0 128.593215942 [[ 0.41924821  0.50423745]] [ 0.00406143]
730 0.0 128.622070312 [[ 0.41912763  0.5045921 ]] [ 0.00404885]
731 0.0 128.579498291 [[ 0.41903056  0.5047715 ]] [ 0.00404001]
732 0.0 128.513778687 [[ 0.41865082  0.50521569]] [ 0.00404197]
733 0.0 128.386535645 [[ 0.41834638  0.50547226]] [ 0.00404873]
734 0.0 128.525299072 [[ 0.4183854   0.50501286]] [ 0.00407455]
735 0.0 128.584259033 [[ 0.41821501  0.50598383]] [ 0.00402315]
736 0.0 128.428527832 [[ 0.41779385  0.50631194]] [ 0.00403468]
737 0.0 128.62272644 [[ 0.41764352  0.50646603]] [ 0.00403515]
738 0.0 128.621994019 [[ 0.41748505  0.50626441]] [ 0.00406174]
739 0.0 128.828903198 [[ 0.41729535  0.50771401]] [ 0.003971]
740 0.0 128.76234436 [[ 0.41707829  0.5070016 ]] [ 0.00403905]
741 0.0 128.563430786 [[ 0.41743989  0.50641245]] [ 0.00405641]
742 0.0 128.544296265 [[ 0.41745464  0.50628315]] [ 0.00405834]
743 0.0 128.560974121 [[ 0.41789367  0.50608173]] [ 0.00403711]
744 0.0 128.6043396 [[ 0.41785277  0.50595659]] [ 0.00404953]
745 0.0 129.104873657 [[ 0.41754918  0.50428259]] [ 0.00417666]
746 0.0 128.745407104 [[ 0.41830516  0.50354197]] [ 0.00418904]
747 0.0 128.756256104 [[ 0.41890221  0.50361053]] [ 0.00414949]
748 0.0 128.69921875 [[ 0.41940822  0.50338644]] [ 0.00412547]
749 0.0 128.669570923 [[ 0.41966844  0.50282786]] [ 0.00414796]
750 0.0 128.722198486 [[ 0.41998992  0.50306256]] [ 0.00410301]
751 0.0 128.647369385 [[ 0.41986087  0.50368792]] [ 0.00406604]
752 0.0 128.664306641 [[ 0.41974694  0.50360519]] [ 0.00407267]
753 0.0 128.607391357 [[ 0.4195721   0.50313771]] [ 0.00412261]
754 0.0 128.686264038 [[ 0.4206366   0.50287084]] [ 0.0040633]
755 0.0 128.651580811 [[ 0.42040844  0.50288826]] [ 0.00407253]
756 0.0 128.599990845 [[ 0.42049109  0.50292285]] [ 0.00406237]
757 0.0 128.653076172 [[ 0.42016534  0.50269649]] [ 0.00410011]
758 0.0 128.59552002 [[ 0.4197585   0.50287762]] [ 0.00411609]
759 0.0 128.56288147 [[ 0.4196373   0.50289107]] [ 0.00411543]
760 0.0 128.690490723 [[ 0.42005456  0.50368573]] [ 0.00402441]
761 0.0 128.619064331 [[ 0.41981215  0.50325927]] [ 0.00407534]
762 0.0 128.732452393 [[ 0.4199567   0.50363518]] [ 0.00404033]
763 0.0 128.587127686 [[ 0.41983429  0.50366886]] [ 0.00404391]
764 0.0 128.645370483 [[ 0.41954479  0.50366625]] [ 0.00405985]
765 0.0 128.685775757 [[ 0.41913655  0.50395318]] [ 0.00406264]
766 0.0 128.723388672 [[ 0.41871319  0.5040445 ]] [ 0.0040872]
767 0.0 128.595214844 [[ 0.41879965  0.50422678]] [ 0.00406902]
768 0.0 128.711624146 [[ 0.41825064  0.50416896]] [ 0.00410593]
769 0.0 128.501190186 [[ 0.4186921   0.50472093]] [ 0.00403209]
770 0.0 128.691955566 [[ 0.4182559   0.50496127]] [ 0.00403865]
771 0.0 128.471054077 [[ 0.41835356  0.50501668]] [ 0.00403474]
772 0.0 128.55770874 [[ 0.41816558  0.50496551]] [ 0.00405053]
773 0.0 128.562042236 [[ 0.41765031  0.50535453]] [ 0.00406731]
774 0.0 128.4793396 [[ 0.41704396  0.50557477]] [ 0.0041016]
775 0.0 128.455245972 [[ 0.41693642  0.50641667]] [ 0.00405825]
776 0.0 128.4427948 [[ 0.41662368  0.50655551]] [ 0.00407417]
777 0.0 128.496276855 [[ 0.41684028  0.50613069]] [ 0.00408606]
778 0.0 128.577087402 [[ 0.41631505  0.50683336]] [ 0.00408281]
779 0.0 128.595352173 [[ 0.41578146  0.50675697]] [ 0.00412631]
780 0.0 128.511428833 [[ 0.41606986  0.50701508]] [ 0.00409193]
781 0.0 128.524902344 [[ 0.41613955  0.50696259]] [ 0.00408965]
782 0.0 128.487442017 [[ 0.41587882  0.50718044]] [ 0.00409665]
783 0.0 128.570678711 [[ 0.41595126  0.50772206]] [ 0.00404917]
784 0.0 128.51121521 [[ 0.41598461  0.50792901]] [ 0.00403607]
785 0.0 128.504058838 [[ 0.41609543  0.50792626]] [ 0.00402245]
786 0.0 128.532821655 [[ 0.41598518  0.50731665]] [ 0.00407441]
787 0.0 128.51260376 [[ 0.41601895  0.50756757]] [ 0.00406676]
788 0.0 128.658554077 [[ 0.41561248  0.50793316]] [ 0.00407419]
789 0.0 128.675582886 [[ 0.41572895  0.50757531]] [ 0.00409264]
790 0.0 128.573150635 [[ 0.41617649  0.50707223]] [ 0.00409455]
791 0.0 128.490768433 [[ 0.41634111  0.50722437]] [ 0.00407358]
792 0.0 128.438995361 [[ 0.41632545  0.5074005 ]] [ 0.00406092]
793 0.0 128.416900635 [[ 0.41627793  0.50737728]] [ 0.00406736]
794 0.0 128.521240234 [[ 0.41658308  0.5072575 ]] [ 0.00405449]
795 0.0 128.548721313 [[ 0.41692297  0.50668373]] [ 0.00407422]
796 0.0 128.565124512 [[ 0.41698908  0.50713936]] [ 0.00404396]
797 0.0 128.817016602 [[ 0.41713048  0.50695361]] [ 0.00403436]
798 0.0 128.558822632 [[ 0.41688466  0.50712101]] [ 0.00404067]
799 0.0 128.579177856 [[ 0.41643514  0.50797694]] [ 0.00401989]
800 0.0 128.543670654 [[ 0.41622853  0.50861217]] [ 0.00399604]
801 0.0 128.467727661 [[ 0.41596551  0.50856339]] [ 0.0040169]
802 0.0 128.434463501 [[ 0.41587381  0.50813592]] [ 0.0040528]
803 0.0 128.690643311 [[ 0.41640668  0.50681651]] [ 0.00410284]
804 0.0 128.597717285 [[ 0.41635818  0.50657103]] [ 0.00412557]
805 0.0 128.526672363 [[ 0.41689614  0.50697564]] [ 0.00405766]
806 0.0 128.415328979 [[ 0.41656498  0.50694663]] [ 0.00408131]
807 0.0 128.491989136 [[ 0.41662902  0.50711212]] [ 0.00406232]
808 0.0 128.346374512 [[ 0.41655388  0.50734063]] [ 0.00406362]
809 0.0 128.366012573 [[ 0.41652111  0.50761616]] [ 0.00405288]
810 0.0 128.384628296 [[ 0.41637689  0.50787936]] [ 0.00404314]
811 0.0 128.53805542 [[ 0.41528534  0.50931722]] [ 0.00402282]
812 0.0 128.52494812 [[ 0.41564427  0.50951228]] [ 0.00396653]
813 0.0 128.527175903 [[ 0.41524089  0.50891405]] [ 0.00406032]
814 0.0 128.427261353 [[ 0.41538966  0.5088512 ]] [ 0.00405169]
815 0.0 128.381713867 [[ 0.41534931  0.50887917]] [ 0.00405098]
816 0.0 128.395004272 [[ 0.41514853  0.50906049]] [ 0.0040624]
817 0.0 128.436096191 [[ 0.41493964  0.50950253]] [ 0.00405744]
818 0.0 128.404602051 [[ 0.41490257  0.50988231]] [ 0.00403643]
819 0.0 128.532196045 [[ 0.4148609   0.50970118]] [ 0.00405347]
820 0.0 128.299499512 [[ 0.41497731  0.50986365]] [ 0.00403379]
821 0.0 128.375900269 [[ 0.41476323  0.50976872]] [ 0.00406751]
822 0.0 128.396453857 [[ 0.41501419  0.50985314]] [ 0.00403471]
823 0.0 128.347824097 [[ 0.41477854  0.51021575]] [ 0.00403205]
824 0.0 128.447479248 [[ 0.41507814  0.50943518]] [ 0.00405328]
825 0.0 128.293914795 [[ 0.41500961  0.50951857]] [ 0.00405846]
826 0.0 128.38949585 [[ 0.4150626   0.50947356]] [ 0.00405403]
827 0.0 128.360778809 [[ 0.41510543  0.5096324 ]] [ 0.00404501]
828 0.0 128.42036438 [[ 0.41522138  0.509795  ]] [ 0.00402588]
829 0.0 128.384399414 [[ 0.4149273   0.50956901]] [ 0.00406962]
830 0.0 128.312576294 [[ 0.41494837  0.50956622]] [ 0.0040656]
831 0.0 128.297683716 [[ 0.41480601  0.51042046]] [ 0.00402533]
832 0.0 128.318847656 [[ 0.41506913  0.51008938]] [ 0.0040192]
833 0.0 128.361923218 [[ 0.41483775  0.51039646]] [ 0.00402316]
834 0.0 128.448928833 [[ 0.41479097  0.51008059]] [ 0.00405531]
835 0.0 128.259475708 [[ 0.41501285  0.51008087]] [ 0.00403988]
836 0.0 128.508544922 [[ 0.41484121  0.5096684 ]] [ 0.00407829]
837 0.0 128.42817688 [[ 0.41490121  0.50912938]] [ 0.00411088]
838 0.0 128.366744995 [[ 0.41539382  0.50936701]] [ 0.00406224]
839 0.0 128.348678589 [[ 0.41577559  0.50957153]] [ 0.00402163]
840 0.0 128.311691284 [[ 0.41564228  0.50936449]] [ 0.00405217]
841 0.0 128.388397217 [[ 0.41566047  0.50934221]] [ 0.00404597]
842 0.0 128.451522827 [[ 0.41550528  0.50945853]] [ 0.00405217]
843 0.0 128.303421021 [[ 0.41588643  0.50912203]] [ 0.00404553]
844 0.0 128.38722229 [[ 0.41550436  0.5094339 ]] [ 0.00405591]
845 0.0 128.420669556 [[ 0.41529779  0.50942534]] [ 0.00407935]
846 0.0 128.377975464 [[ 0.41543597  0.50994255]] [ 0.0040346]
847 0.0 128.404571533 [[ 0.41557837  0.50990504]] [ 0.00403405]
848 0.0 128.427429199 [[ 0.41575249  0.5100038 ]] [ 0.00401543]
849 0.0 128.381378174 [[ 0.41552279  0.50933225]] [ 0.0040819]
850 0.0 128.311203003 [[ 0.41576419  0.50958544]] [ 0.00404938]
851 0.0 128.363021851 [[ 0.41554726  0.50978774]] [ 0.00405726]
852 0.0 128.313995361 [[ 0.4159948   0.50979373]] [ 0.00402645]
853 0.0 128.410842896 [[ 0.41540724  0.50959869]] [ 0.00407763]
854 0.0 128.343612671 [[ 0.41532237  0.50987405]] [ 0.0040776]
855 0.0 128.374221802 [[ 0.41587498  0.50968022]] [ 0.00404039]
856 0.0 128.403549194 [[ 0.41575695  0.50994   ]] [ 0.00404239]
857 0.0 128.37109375 [[ 0.41605795  0.5094865 ]] [ 0.00404795]
858 0.0 128.403289795 [[ 0.41606321  0.50993565]] [ 0.00402752]
859 0.0 128.297668457 [[ 0.41594925  0.50929716]] [ 0.00407731]
860 0.0 128.312637329 [[ 0.41602053  0.50983272]] [ 0.00404659]
861 0.0 128.412902832 [[ 0.41623536  0.50987517]] [ 0.00402773]
862 0.0 128.347396851 [[ 0.41564379  0.51002788]] [ 0.00407127]
863 0.0 128.296478271 [[ 0.41573748  0.51036807]] [ 0.00404576]
864 0.0 128.322982788 [[ 0.41534275  0.51044495]] [ 0.00406897]
865 0.0 128.271972656 [[ 0.41576821  0.51068144]] [ 0.0040296]
866 0.0 128.410202026 [[ 0.41562477  0.51016308]] [ 0.00407268]
867 0.0 128.290298462 [[ 0.41603861  0.50998477]] [ 0.00406439]
868 0.0 128.373779297 [[ 0.41559814  0.51018644]] [ 0.00408746]
869 0.0 128.511154175 [[ 0.41554246  0.51038995]] [ 0.0040864]
870 0.0 128.38911438 [[ 0.41559878  0.51116854]] [ 0.00404395]
871 0.0 128.31690979 [[ 0.41580521  0.51093725]] [ 0.00404465]
872 0.0 128.587432861 [[ 0.41596336  0.51101114]] [ 0.00402933]
873 0.0 128.328826904 [[ 0.41575135  0.51148152]] [ 0.004031]
874 0.0 128.357635498 [[ 0.41566188  0.51146048]] [ 0.00404015]
875 0.0 128.603942871 [[ 0.41570378  0.51159427]] [ 0.00402506]
876 0.0 128.415725708 [[ 0.41558129  0.5117812 ]] [ 0.00402591]
877 0.0 128.392272949 [[ 0.4151367   0.51211701]] [ 0.00404015]
878 0.0 128.431915283 [[ 0.41504345  0.51224828]] [ 0.00404074]
879 0.0 128.347427368 [[ 0.41571622  0.51194787]] [ 0.00400149]
880 0.0 128.346466064 [[ 0.41562521  0.511614  ]] [ 0.00403164]
881 0.0 128.287780762 [[ 0.41567162  0.51169649]] [ 0.00402478]
882 0.0 128.331893921 [[ 0.41531878  0.51163437]] [ 0.00405278]
883 0.0 128.324523926 [[ 0.41563896  0.51181466]] [ 0.00402118]
884 0.0 128.368103027 [[ 0.41557371  0.5123718 ]] [ 0.00399636]
885 0.0 128.378494263 [[ 0.41544847  0.51143371]] [ 0.0040573]
886 0.0 128.54145813 [[ 0.41621355  0.51139025]] [ 0.00400482]
887 0.0 128.260040283 [[ 0.41590361  0.51106508]] [ 0.00404894]
888 0.0 128.413864136 [[ 0.41594114  0.51091006]] [ 0.00406705]
889 0.0 128.283782959 [[ 0.41606021  0.5108519 ]] [ 0.00406548]
890 0.0 128.351089478 [[ 0.41590666  0.51075395]] [ 0.00408079]
891 0.0 128.367446899 [[ 0.41631694  0.51027637]] [ 0.00407871]
892 0.0 128.248046875 [[ 0.41626761  0.51040796]] [ 0.00408102]
893 0.0 128.310760498 [[ 0.41618904  0.51058727]] [ 0.00408113]
894 0.0 128.362319946 [[ 0.41641442  0.51102941]] [ 0.00403847]
895 0.0 128.381118774 [[ 0.41613866  0.51104967]] [ 0.00406056]
896 0.0 128.423431396 [[ 0.41620268  0.51125246]] [ 0.00404775]
897 0.0 128.401382446 [[ 0.41573946  0.51184624]] [ 0.00404973]
898 0.0 128.479324341 [[ 0.41506015  0.51192684]] [ 0.00408833]
899 0.0 128.33757019 [[ 0.41503341  0.51230312]] [ 0.00407441]
900 0.0 128.409378052 [[ 0.41520225  0.51206423]] [ 0.00407632]
901 0.0 128.342727661 [[ 0.41529304  0.51199248]] [ 0.00407375]
902 0.0 128.341629028 [[ 0.41532661  0.51188129]] [ 0.00407905]
903 0.0 128.242340088 [[ 0.41566755  0.51178098]] [ 0.00406133]
904 0.0 128.335891724 [[ 0.4157522  0.5118009]] [ 0.00404955]
905 0.0 128.299850464 [[ 0.41559819  0.51146304]] [ 0.00408725]
906 0.0 128.325653076 [[ 0.41600186  0.51157411]] [ 0.00405329]
907 0.0 128.302078247 [[ 0.4157892   0.51169167]] [ 0.00407092]
908 0.0 128.424499512 [[ 0.41599026  0.51139902]] [ 0.00406347]
909 0.0 128.494216919 [[ 0.41617011  0.51160235]] [ 0.00405035]
910 0.0 128.404129028 [[ 0.4159171   0.51178107]] [ 0.00405882]
911 0.0 128.463439941 [[ 0.41570732  0.51174493]] [ 0.00407455]
912 0.0 128.40675354 [[ 0.41591781  0.51167661]] [ 0.00406653]
913 0.0 128.440002441 [[ 0.41595711  0.51176719]] [ 0.00406065]
914 0.0 128.344985962 [[ 0.416396    0.51151377]] [ 0.00403504]
915 0.0 128.337722778 [[ 0.41628532  0.51142298]] [ 0.00406283]
916 0.0 128.231201172 [[ 0.41693741  0.51096816]] [ 0.00403582]
917 0.0 128.981750488 [[ 0.41680607  0.51060772]] [ 0.0040645]
918 0.0 128.740982056 [[ 0.41710268  0.51053541]] [ 0.00406192]
919 0.0 128.550582886 [[ 0.41666853  0.51109533]] [ 0.00405612]
920 0.0 128.383102417 [[ 0.41682599  0.51131667]] [ 0.00402898]
921 0.0 128.460800171 [[ 0.41663836  0.51114642]] [ 0.0040612]
922 0.0 128.586502075 [[ 0.41677641  0.51055173]] [ 0.00408594]
923 0.0 128.45085144 [[ 0.41689452  0.51075118]] [ 0.00406568]
924 0.0 128.794677734 [[ 0.41684348  0.51030833]] [ 0.00408549]
925 0.0 128.71105957 [[ 0.41739801  0.5100086 ]] [ 0.00407263]
926 0.0 128.774414062 [[ 0.41809388  0.50737434]] [ 0.0041731]
927 0.0 128.659667969 [[ 0.41848811  0.50746039]] [ 0.00413256]
928 0.0 128.503417969 [[ 0.41884955  0.50745969]] [ 0.00410981]
929 0.0 129.011398315 [[ 0.41913965  0.50805627]] [ 0.00404603]
930 0.0 128.634078979 [[ 0.41975532  0.50713041]] [ 0.00407496]
931 0.0 128.685073853 [[ 0.41970722  0.50689077]] [ 0.00409412]
932 0.0 128.595062256 [[ 0.4194747  0.5069343]] [ 0.00410489]
933 0.0 128.535491943 [[ 0.41969823  0.50656315]] [ 0.00411012]
934 0.0 128.504333496 [[ 0.42017005  0.50624957]] [ 0.00410066]
935 0.0 128.52734375 [[ 0.42024587  0.50617423]] [ 0.00409187]
936 0.0 128.477600098 [[ 0.4203491   0.50608068]] [ 0.00408803]
937 0.0 128.585418701 [[ 0.42035612  0.50692258]] [ 0.00403892]
938 0.0 128.555099487 [[ 0.42024499  0.50639304]] [ 0.00407059]
939 0.0 128.486679077 [[ 0.42024474  0.50626028]] [ 0.00408685]
940 0.0 128.429489136 [[ 0.42095383  0.50622084]] [ 0.00403679]
941 0.0 128.391983032 [[ 0.42056267  0.50608312]] [ 0.00407284]
942 0.0 128.46812439 [[ 0.42070112  0.50611676]] [ 0.00406387]
943 0.0 128.387939453 [[ 0.42083362  0.50666549]] [ 0.00402396]
944 0.0 128.330032349 [[ 0.42056809  0.50661844]] [ 0.00404835]
945 0.0 128.365966797 [[ 0.42024922  0.50670892]] [ 0.00406955]
946 0.0 128.514526367 [[ 0.42041142  0.50656813]] [ 0.00406499]
947 0.0 128.458236694 [[ 0.42020078  0.50650745]] [ 0.00409478]
948 0.0 128.397293091 [[ 0.42051851  0.50684762]] [ 0.00404882]
949 0.0 128.50982666 [[ 0.420554    0.50659981]] [ 0.00405944]
950 0.0 128.492141724 [[ 0.42053666  0.50657272]] [ 0.00407062]
951 0.0 128.433761597 [[ 0.42082107  0.50646259]] [ 0.00406392]
952 0.0 128.402999878 [[ 0.42091053  0.50686475]] [ 0.00403351]
953 0.0 128.406402588 [[ 0.42095341  0.50643964]] [ 0.00406529]
954 0.0 128.386795044 [[ 0.42148444  0.50629767]] [ 0.00404435]
955 0.0 128.489044189 [[ 0.42184145  0.50598039]] [ 0.00402252]
956 0.0 128.585494995 [[ 0.421953    0.50574291]] [ 0.00403305]
957 0.0 128.435470581 [[ 0.42201946  0.50577481]] [ 0.0040326]
958 0.0 128.438644409 [[ 0.42129631  0.50680297]] [ 0.00401915]
959 0.0 128.394256592 [[ 0.42073048  0.5067792 ]] [ 0.00406935]
960 0.0 128.40473938 [[ 0.42068715  0.50708734]] [ 0.00405671]
961 0.0 128.553344727 [[ 0.42103501  0.50672088]] [ 0.00404947]
962 0.0 128.379272461 [[ 0.4205819   0.50675467]] [ 0.00408501]
963 0.0 128.304000854 [[ 0.42089144  0.50723691]] [ 0.00403778]
964 0.0 128.435272217 [[ 0.4207271   0.50775442]] [ 0.00402192]
965 0.0 128.480331421 [[ 0.42032766  0.50742391]] [ 0.00407338]
966 0.0 128.438751221 [[ 0.42038809  0.50782503]] [ 0.00405312]
967 0.0 128.426712036 [[ 0.4201817  0.5074084]] [ 0.00409802]
968 0.0 128.347869873 [[ 0.4199552   0.50794291]] [ 0.00408633]
969 0.0 128.373703003 [[ 0.41958258  0.508252  ]] [ 0.00409362]
970 0.0 128.375808716 [[ 0.41935681  0.50878785]] [ 0.00407493]
971 0.0 128.43963623 [[ 0.41958378  0.5084528 ]] [ 0.00408197]
972 0.0 128.403839111 [[ 0.4193994   0.50893107]] [ 0.00407121]
973 0.0 128.390518188 [[ 0.41940552  0.50941987]] [ 0.00404067]
974 0.0 128.43812561 [[ 0.4196374   0.50869791]] [ 0.00406726]
975 0.0 128.713943481 [[ 0.4192796  0.509186 ]] [ 0.00407762]
976 0.0 128.682510376 [[ 0.41977079  0.5098539 ]] [ 0.00398184]
977 0.0 128.581817627 [[ 0.42005992  0.50930283]] [ 0.00399642]
978 0.0 128.500946045 [[ 0.41980965  0.50925967]] [ 0.00402918]
979 0.0 128.316940308 [[ 0.41948268  0.50945003]] [ 0.00404232]
980 0.0 128.412811279 [[ 0.41930172  0.51000179]] [ 0.00402709]
981 0.0 128.468597412 [[ 0.41925356  0.50981694]] [ 0.00404214]
982 0.0 128.515136719 [[ 0.41939573  0.50980667]] [ 0.00403495]
983 0.0 128.371368408 [[ 0.41934116  0.50950308]] [ 0.00406086]
984 0.0 128.576004028 [[ 0.41898134  0.51006898]] [ 0.00404318]
985 0.0 128.530181885 [[ 0.41921735  0.51030042]] [ 0.00402625]
986 0.0 128.669021606 [[ 0.41916533  0.51005813]] [ 0.00404255]
987 0.0 128.533203125 [[ 0.41916686  0.51002991]] [ 0.00404677]
988 0.0 128.42388916 [[ 0.41956777  0.50970367]] [ 0.00403539]
989 0.0 128.287643433 [[ 0.41974379  0.50949433]] [ 0.00403874]
990 0.0 128.484222412 [[ 0.41965336  0.50955094]] [ 0.00404045]
991 0.0 128.440338135 [[ 0.41945777  0.50943815]] [ 0.0040674]
992 0.0 128.347320557 [[ 0.41969876  0.50990194]] [ 0.00402226]
993 0.0 128.922073364 [[ 0.41942345  0.50968979]] [ 0.00405065]
994 0.0 128.534942627 [[ 0.41974324  0.50986399]] [ 0.00403142]
995 0.0 128.318313599 [[ 0.41983124  0.51039287]] [ 0.00399212]
996 0.0 128.607971191 [[ 0.42033344  0.50933486]] [ 0.00401607]
997 0.0 128.345199585 [[ 0.42048645  0.50919144]] [ 0.00402772]
998 0.0 128.421142578 [[ 0.42023011  0.50943994]] [ 0.00402669]
999 0.0 128.436599731 [[ 0.42006448  0.5097391 ]] [ 0.00401901]
creating pickled numpy output
wrote pickled numpy output
Final validation loss
garray(128.18923950195312)
Final test loss
garray(129.59764099121094)
Theano: Initializing cuBLAS
