(50000L, 784L)
compiled score function
Old best loss:
garray(128.12371826171875)
Compiled loss functions
[324221, 324255, 324303, 324335, 324363, 324388, 344221, 353621, 354626, 354627, 354634, 354635, 354654, 354655, 354670, 354674, 354675, 354679, 354694, 354695, 354755, 354766, 354767, 354786, 354787, 354814, 354815, 354826, 354946, 354947, 354966, 354982, 354983, 355006, 355007, 355046, 355047, 355062, 355070, 355071, 355114, 355115, 355122, 355123, 355135, 355166, 355167, 355171, 355235, 355246, 355247, 355254, 355255, 355263, 355286, 355287, 355290, 355338, 355346, 355347, 355402, 355403]

0 0.0 128.108673096 [ 0.00666555]
1 0.0 128.114608765 [ 0.00665888]
2 0.0 128.231826782 [ 0.00666674]
3 0.0 128.219772339 [ 0.00667562]
4 0.0 128.236022949 [ 0.00666648]
5 0.0 128.18371582 [ 0.00666783]
6 0.0 128.174285889 [ 0.00666554]
7 0.0 128.199890137 [ 0.00666779]
8 0.0 128.153915405 [ 0.00666684]
9 0.0 128.129226685 [ 0.00666439]
10 0.0 128.133178711 [ 0.00666727]
11 0.0 128.207000732 [ 0.00665354]
12 0.0 128.207641602 [ 0.00665809]
13 0.0 128.183853149 [ 0.00666499]
14 0.0 128.166748047 [ 0.00666196]
15 0.0 128.167495728 [ 0.00664907]
16 0.0 128.249008179 [ 0.00664756]
17 0.0 128.323196411 [ 0.00664547]
18 0.0 128.234115601 [ 0.00665086]
19 0.0 128.354324341 [ 0.00666319]
20 0.0 128.385223389 [ 0.006655]
21 0.0 128.282440186 [ 0.0066592]
22 0.0 128.496170044 [ 0.00664895]
23 0.0 128.22354126 [ 0.00663682]
24 0.0 128.297241211 [ 0.00663475]
25 0.0 128.300140381 [ 0.00663052]
26 0.0 128.295471191 [ 0.00666961]
27 0.0 128.237289429 [ 0.00665817]
28 0.0 128.416885376 [ 0.00666791]
29 0.0 128.267974854 [ 0.00665062]
30 0.0 128.260726929 [ 0.00665306]
31 0.0 128.340057373 [ 0.00665684]
32 0.0 128.242553711 [ 0.00665584]
33 0.0 128.198364258 [ 0.00665534]
34 0.0 128.221282959 [ 0.00665287]
35 0.0 128.189697266 [ 0.00664852]
36 0.0 128.326843262 [ 0.00665202]
37 0.0 128.288742065 [ 0.00666707]
38 0.0 128.232192993 [ 0.00665951]
39 0.0 128.239837646 [ 0.00665365]
40 0.0 128.247253418 [ 0.00662831]
41 0.0 128.299926758 [ 0.00662818]
42 0.0 128.371612549 [ 0.00662675]
43 0.0 128.2293396 [ 0.00666172]
44 0.0 128.23059082 [ 0.00663381]
45 0.0 128.285919189 [ 0.00665378]
46 0.0 128.194778442 [ 0.00664557]
47 0.0 128.242736816 [ 0.0066535]
48 0.0 128.24067688 [ 0.0066512]
49 0.0 128.273284912 [ 0.00664247]
50 0.0 128.280776978 [ 0.00664715]
51 0.0 128.208343506 [ 0.00664785]
52 0.0 128.30039978 [ 0.0066489]
53 0.0 128.325653076 [ 0.00664939]
54 0.0 128.202590942 [ 0.00665152]
55 0.0 128.308227539 [ 0.00665673]
56 0.0 128.289337158 [ 0.00665377]
57 0.0 128.254623413 [ 0.00665952]
58 0.0 128.21987915 [ 0.00665959]
59 0.0 128.285446167 [ 0.00666408]
60 0.0 128.293334961 [ 0.0066722]
61 0.0 128.274353027 [ 0.00666858]
62 0.0 128.331665039 [ 0.00666818]
63 0.0 128.301254272 [ 0.0066329]
64 0.0 128.293563843 [ 0.00663247]
65 0.0 128.218322754 [ 0.00663389]
66 0.0 128.321395874 [ 0.00663575]
67 0.0 128.205596924 [ 0.00663725]
68 0.0 128.276779175 [ 0.00663655]
69 0.0 128.292648315 [ 0.00664966]
70 0.0 128.332275391 [ 0.00664952]
71 0.0 128.156890869 [ 0.00664752]
72 0.0 128.208435059 [ 0.00664497]
73 0.0 128.260757446 [ 0.00664975]
74 0.0 128.281265259 [ 0.00664804]
75 0.0 128.31817627 [ 0.00665334]
76 0.0 128.217758179 [ 0.0066517]
77 0.0 128.226043701 [ 0.00664794]
78 0.0 128.295791626 [ 0.00664576]
79 0.0 128.306396484 [ 0.00664639]
80 0.0 128.297866821 [ 0.00665293]
81 0.0 128.36529541 [ 0.00665252]
82 0.0 128.348251343 [ 0.00665235]
83 0.0 128.261550903 [ 0.00664082]
84 0.0 128.30670166 [ 0.00664015]
85 0.0 128.307403564 [ 0.00664049]
86 0.0 128.37487793 [ 0.00664342]
87 0.0 128.310531616 [ 0.00663852]
88 0.0 128.309494019 [ 0.00664544]
89 0.0 128.360015869 [ 0.00664592]
90 0.0 128.288803101 [ 0.0066485]
91 0.0 128.300476074 [ 0.00664535]
92 0.0 128.274337769 [ 0.00664142]
93 0.0 128.326538086 [ 0.00663928]
94 0.0 128.345840454 [ 0.00664066]
95 0.0 128.334732056 [ 0.00664138]
96 0.0 128.244873047 [ 0.00661459]
97 0.0 128.237579346 [ 0.00661484]
98 0.0 128.30847168 [ 0.00661636]
99 0.0 128.242767334 [ 0.00661493]
100 0.0 128.236877441 [ 0.00661214]
101 0.0 128.333969116 [ 0.00662479]
102 0.0 128.308364868 [ 0.00664473]
103 0.0 128.299545288 [ 0.00664734]
104 0.0 128.291748047 [ 0.00671449]
105 0.0 128.308944702 [ 0.00671377]
106 0.0 128.220108032 [ 0.00671126]
107 0.0 128.276351929 [ 0.00669523]
108 0.0 128.209991455 [ 0.00669628]
109 0.0 128.393585205 [ 0.00669469]
110 0.0 128.176452637 [ 0.00669317]
111 0.0 128.144470215 [ 0.00669104]
112 0.0 128.32774353 [ 0.0066903]
113 0.0 128.213775635 [ 0.00669941]
114 0.0 128.195846558 [ 0.00669752]
115 0.0 128.245651245 [ 0.00669632]
116 0.0 128.284103394 [ 0.00669532]
117 0.0 128.248352051 [ 0.00669557]
118 0.0 128.204605103 [ 0.00669374]
119 0.0 128.370849609 [ 0.00670183]
120 0.0 128.343078613 [ 0.00669931]
121 0.0 128.299240112 [ 0.00669696]
122 0.0 128.282989502 [ 0.00669551]
123 0.0 128.254089355 [ 0.00669422]
124 0.0 128.287689209 [ 0.00669339]
125 0.0 128.320678711 [ 0.00669051]
126 0.0 128.290115356 [ 0.00668945]
127 0.0 128.382995605 [ 0.00668874]
128 0.0 128.280639648 [ 0.00668736]
129 0.0 128.368148804 [ 0.00668683]
130 0.0 128.320129395 [ 0.00668424]
131 0.0 128.235641479 [ 0.00668371]
132 0.0 128.256744385 [ 0.00667998]
133 0.0 128.371765137 [ 0.00668013]
134 0.0 128.199493408 [ 0.00667617]
135 0.0 128.290969849 [ 0.00667373]
136 0.0 128.262527466 [ 0.00667053]
137 0.0 128.231826782 [ 0.00667095]
138 0.0 128.297302246 [ 0.0066672]
139 0.0 128.26423645 [ 0.006671]
140 0.0 128.20161438 [ 0.00667113]
141 0.0 128.28944397 [ 0.00666843]
142 0.0 128.219421387 [ 0.00666258]
143 0.0 128.337753296 [ 0.00666329]
144 0.0 128.257080078 [ 0.00666012]
145 0.0 128.327102661 [ 0.00665162]
146 0.0 128.320861816 [ 0.00665463]
147 0.0 128.356384277 [ 0.00665684]
148 0.0 128.341827393 [ 0.00667712]
149 0.0 128.228225708 [ 0.00666174]
150 0.0 128.299560547 [ 0.00665619]
151 0.0 128.285812378 [ 0.00665666]
152 0.0 128.322296143 [ 0.00665659]
153 0.0 128.212753296 [ 0.00665706]
154 0.0 128.274215698 [ 0.00665721]
155 0.0 128.351776123 [ 0.00665396]
156 0.0 128.317504883 [ 0.00665841]
157 0.0 128.23109436 [ 0.00665881]
158 0.0 128.274780273 [ 0.00666327]
159 0.0 128.256896973 [ 0.0066614]
160 0.0 128.241134644 [ 0.00666087]
161 0.0 128.309692383 [ 0.00665657]
162 0.0 128.258575439 [ 0.00665623]
163 0.0 128.223022461 [ 0.00665096]
164 0.0 128.483261108 [ 0.00661941]
165 0.0 128.429382324 [ 0.0066237]
166 0.0 128.702972412 [ 0.00656857]
167 0.0 128.31539917 [ 0.0065622]
168 0.0 128.360671997 [ 0.00656635]
169 0.0 128.359970093 [ 0.0065678]
170 0.0 128.362823486 [ 0.00656991]
171 0.0 128.251403809 [ 0.00657173]
172 0.0 128.296600342 [ 0.00657544]
173 0.0 128.323272705 [ 0.00656039]
174 0.0 128.29675293 [ 0.00656695]
175 0.0 128.23789978 [ 0.00656749]
176 0.0 128.283843994 [ 0.00657078]
177 0.0 128.236602783 [ 0.00657369]
178 0.0 128.209884644 [ 0.00657378]
179 0.0 128.227874756 [ 0.0065765]
180 0.0 128.35710144 [ 0.00657739]
181 0.0 128.303604126 [ 0.00657627]
182 0.0 128.331985474 [ 0.00658142]
183 0.0 128.17388916 [ 0.00658519]
184 0.0 128.29019165 [ 0.00658041]
185 0.0 128.247299194 [ 0.00658638]
186 0.0 128.156097412 [ 0.00659045]
187 0.0 128.250717163 [ 0.00659144]
188 0.0 128.210571289 [ 0.00659122]
189 0.0 128.209030151 [ 0.00659497]
190 0.0 128.221755981 [ 0.00659335]
191 0.0 128.292572021 [ 0.0065942]
192 0.0 128.254516602 [ 0.00659766]
193 0.0 128.203308105 [ 0.00659521]
194 0.0 128.181793213 [ 0.00660023]
195 0.0 128.191879272 [ 0.00660005]
196 0.0 128.240875244 [ 0.006599]
197 0.0 128.209442139 [ 0.00659829]
198 0.0 128.182510376 [ 0.00659822]
199 0.0 128.150146484 [ 0.00659706]
200 0.0 128.26348877 [ 0.00659806]
201 0.0 128.211578369 [ 0.00659956]
202 0.0 128.189804077 [ 0.00659746]
203 0.0 128.215377808 [ 0.00659793]
204 0.0 128.235015869 [ 0.00659848]
205 0.0 128.356338501 [ 0.00658371]
206 0.0 128.258743286 [ 0.00659432]
207 0.0 128.204803467 [ 0.00660667]
208 0.0 128.22718811 [ 0.00660573]
209 0.0 128.349868774 [ 0.00660384]
210 0.0 128.281143188 [ 0.00660272]
211 0.0 128.300323486 [ 0.00660057]
212 0.0 128.276077271 [ 0.00659736]
213 0.0 128.227752686 [ 0.00660292]
214 0.0 128.222412109 [ 0.00660015]
215 0.0 128.215942383 [ 0.00659754]
216 0.0 128.24156189 [ 0.00660092]
217 0.0 128.187240601 [ 0.00660545]
218 0.0 128.227218628 [ 0.00660154]
219 0.0 128.292404175 [ 0.00667128]
220 0.0 128.357421875 [ 0.00666724]
221 0.0 128.302642822 [ 0.00666775]
222 0.0 128.237670898 [ 0.00666702]
223 0.0 128.20640564 [ 0.00666677]
224 0.0 128.220428467 [ 0.00666617]
225 0.0 128.173416138 [ 0.0066667]
226 0.0 128.179412842 [ 0.00666539]
227 0.0 128.225769043 [ 0.006665]
228 0.0 128.159423828 [ 0.00666402]
229 0.0 128.210540771 [ 0.00666315]
230 0.0 128.157272339 [ 0.00666111]
231 0.0 128.187026978 [ 0.00666263]
232 0.0 128.142425537 [ 0.00665984]
233 0.0 128.189346313 [ 0.00665913]
234 0.0 128.188964844 [ 0.00665116]
235 0.0 128.180892944 [ 0.00664989]
236 0.0 128.270339966 [ 0.00665022]
237 0.0 128.230377197 [ 0.00664894]
238 0.0 128.25177002 [ 0.00664717]
239 0.0 128.223129272 [ 0.00664524]
240 0.0 128.233947754 [ 0.0066451]
241 0.0 128.26852417 [ 0.00664426]
242 0.0 128.277191162 [ 0.00664251]
243 0.0 128.290817261 [ 0.00664209]
244 0.0 128.296173096 [ 0.00664241]
245 0.0 128.255966187 [ 0.00664132]
246 0.0 128.267089844 [ 0.00664077]
247 0.0 128.30027771 [ 0.00664003]
248 0.0 128.30078125 [ 0.00664035]
249 0.0 128.304382324 [ 0.00664025]
250 0.0 128.279571533 [ 0.00663935]
251 0.0 128.203125 [ 0.00663662]
252 0.0 128.199554443 [ 0.00663831]
253 0.0 128.195495605 [ 0.00664003]
254 0.0 128.351257324 [ 0.00663877]
255 0.0 128.222717285 [ 0.00663775]
256 0.0 128.222305298 [ 0.00663659]
257 0.0 128.137435913 [ 0.00663539]
258 0.0 128.209411621 [ 0.00663584]
259 0.0 128.24319458 [ 0.00662593]
260 0.0 128.341964722 [ 0.00662751]
261 0.0 128.197143555 [ 0.00663301]
262 0.0 128.347122192 [ 0.0066304]
263 0.0 128.357543945 [ 0.00662972]
264 0.0 128.294448853 [ 0.00662605]
265 0.0 128.244415283 [ 0.00662325]
266 0.0 128.175338745 [ 0.00662081]
267 0.0 128.310714722 [ 0.00662488]
268 0.0 128.265426636 [ 0.00662192]
269 0.0 128.28137207 [ 0.00662256]
270 0.0 128.206344604 [ 0.00662742]
271 0.0 128.307693481 [ 0.00661885]
272 0.0 128.316589355 [ 0.00661732]
273 0.0 128.334197998 [ 0.0066169]
274 0.0 128.324203491 [ 0.00661938]
275 0.0 128.280654907 [ 0.00661923]
276 0.0 128.305328369 [ 0.00661544]
277 0.0 128.342163086 [ 0.00660932]
278 0.0 128.314804077 [ 0.0066177]
279 0.0 128.287841797 [ 0.00661157]
280 0.0 128.275512695 [ 0.00661658]
281 0.0 128.290893555 [ 0.00660706]
282 0.0 129.307266235 [ 0.00665275]
283 0.0 128.807266235 [ 0.00667583]
284 0.0 128.573303223 [ 0.00668015]
285 0.0 128.538192749 [ 0.00668026]
286 0.0 128.573974609 [ 0.00670047]
287 0.0 129.162841797 [ 0.00677667]
288 0.0 129.125793457 [ 0.00675555]
289 0.0 129.773071289 [ 0.00669543]
290 0.0 129.652877808 [ 0.00669542]
291 0.0 129.453399658 [ 0.00669542]
292 0.0 129.442703247 [ 0.00669542]
293 0.0 129.365447998 [ 0.00669542]
294 0.0 129.293624878 [ 0.00669542]
295 0.0 129.341766357 [ 0.00669542]
296 0.0 129.312240601 [ 0.00669542]
297 0.0 129.242965698 [ 0.00669542]
298 0.0 129.221496582 [ 0.00669542]
299 0.0 129.297561646 [ 0.00669542]
300 0.0 129.252532959 [ 0.00669542]
301 0.0 129.178894043 [ 0.00669542]
302 0.0 129.163665771 [ 0.00669542]
303 0.0 129.218994141 [ 0.00669542]
304 0.0 129.232696533 [ 0.00669542]
305 0.0 129.221038818 [ 0.00669542]
306 0.0 129.230529785 [ 0.00669542]
307 0.0 129.187561035 [ 0.00669542]
308 0.0 129.16305542 [ 0.00669542]
309 0.0 129.246810913 [ 0.00669542]
310 0.0 129.22215271 [ 0.00669542]
311 0.0 129.13734436 [ 0.00669542]
312 0.0 129.170852661 [ 0.00669542]
313 0.0 129.138793945 [ 0.00669542]
314 0.0 129.19418335 [ 0.00669542]
315 0.0 129.125930786 [ 0.00669542]
316 0.0 129.114212036 [ 0.00669542]
317 0.0 129.118164062 [ 0.00669542]
318 0.0 129.051452637 [ 0.00669542]
319 0.0 129.03453064 [ 0.00669542]
320 0.0 129.067153931 [ 0.00669542]
321 0.0 128.971618652 [ 0.00669542]
322 0.0 129.042495728 [ 0.00669542]
323 0.0 129.006027222 [ 0.00669542]
324 0.0 129.001449585 [ 0.00669542]
325 0.0 129.020828247 [ 0.00669542]
326 0.0 129.077301025 [ 0.00669542]
327 0.0 129.04006958 [ 0.00669542]
328 0.0 129.075195312 [ 0.00669542]
329 0.0 129.046096802 [ 0.00669542]
330 0.0 129.119125366 [ 0.00669543]
331 0.0 129.008651733 [ 0.00669544]
332 0.0 128.998626709 [ 0.00669544]
333 0.0 128.993682861 [ 0.00669544]
334 0.0 128.941223145 [ 0.00669544]
335 0.0 129.041915894 [ 0.00669544]
336 0.0 129.020889282 [ 0.00669544]
337 0.0 129.016876221 [ 0.00669544]
338 0.0 129.060195923 [ 0.00669544]
339 0.0 129.034973145 [ 0.00669544]
340 0.0 129.001922607 [ 0.00669544]
341 0.0 129.008743286 [ 0.00669544]
342 0.0 129.031326294 [ 0.00669544]
343 0.0 129.01234436 [ 0.00669543]
344 0.0 128.998977661 [ 0.00669543]
345 0.0 129.057342529 [ 0.00669543]
346 0.0 128.995040894 [ 0.00669543]
347 0.0 128.978393555 [ 0.00669543]
348 0.0 128.954238892 [ 0.00669543]
349 0.0 128.984390259 [ 0.00669543]
350 0.0 129.014602661 [ 0.00669543]
351 0.0 128.924789429 [ 0.00669543]
352 0.0 128.9296875 [ 0.00669543]
353 0.0 128.942184448 [ 0.00669543]
354 0.0 128.933792114 [ 0.00669543]
355 0.0 128.904067993 [ 0.00669543]
356 0.0 129.004516602 [ 0.00669543]
357 0.0 129.1146698 [ 0.00669543]
358 0.0 129.000686646 [ 0.00669543]
359 0.0 128.995681763 [ 0.00669543]
360 0.0 129.027801514 [ 0.00669543]
361 0.0 128.912765503 [ 0.00669543]
362 0.0 128.960525513 [ 0.00669536]
363 0.0 128.953277588 [ 0.00669536]
364 0.0 128.954345703 [ 0.00669536]
365 0.0 128.921295166 [ 0.00669536]
366 0.0 128.870391846 [ 0.00669536]
367 0.0 128.912628174 [ 0.00669536]
368 0.0 128.902526855 [ 0.00669536]
369 0.0 128.919494629 [ 0.00669536]
370 0.0 128.901626587 [ 0.00669536]
371 0.0 128.95539856 [ 0.00669536]
372 0.0 128.90222168 [ 0.00669536]
373 0.0 128.840286255 [ 0.00669536]
374 0.0 128.884933472 [ 0.00669536]
375 0.0 128.934616089 [ 0.00669536]
376 0.0 128.923751831 [ 0.00669536]
377 0.0 128.931350708 [ 0.00669536]
378 0.0 128.863998413 [ 0.00669536]
379 0.0 128.901290894 [ 0.00669536]
380 0.0 128.906967163 [ 0.00669536]
381 0.0 128.922805786 [ 0.00669539]
382 0.0 128.954864502 [ 0.00669539]
383 0.0 128.953445435 [ 0.00669539]
384 0.0 128.877853394 [ 0.00669539]
385 0.0 128.87928772 [ 0.00669539]
386 0.0 129.079772949 [ 0.00669539]
387 0.0 128.97265625 [ 0.0066954]
388 0.0 128.934204102 [ 0.0066954]
389 0.0 128.916122437 [ 0.0066954]
390 0.0 128.932739258 [ 0.0066954]
391 0.0 128.921890259 [ 0.0066954]
392 0.0 128.879470825 [ 0.0066954]
393 0.0 128.89364624 [ 0.0066954]
394 0.0 128.906723022 [ 0.0066954]
395 0.0 128.928070068 [ 0.00669531]
396 0.0 128.842926025 [ 0.00669531]
397 0.0 128.85269165 [ 0.00669531]
398 0.0 128.868652344 [ 0.00669531]
399 0.0 128.863342285 [ 0.00669561]
400 0.0 128.800689697 [ 0.00669561]
401 0.0 128.840515137 [ 0.00669561]
402 0.0 128.989440918 [ 0.00669561]
403 0.0 128.918884277 [ 0.00669537]
404 0.0 128.902328491 [ 0.00669535]
405 0.0 128.976226807 [ 0.00669535]
406 0.0 128.871917725 [ 0.00669535]
407 0.0 128.815292358 [ 0.00669535]
408 0.0 128.926849365 [ 0.00669535]
409 0.0 128.896377563 [ 0.00669535]
410 0.0 128.883300781 [ 0.00669535]
411 0.0 128.823852539 [ 0.00669535]
412 0.0 128.83001709 [ 0.00669535]
413 0.0 128.764358521 [ 0.00669535]
414 0.0 128.86076355 [ 0.00669535]
415 0.0 128.848464966 [ 0.00669535]
416 0.0 128.859268188 [ 0.00669535]
417 0.0 128.767028809 [ 0.00669535]
418 0.0 128.750366211 [ 0.00669535]
419 0.0 128.797424316 [ 0.00669535]
420 0.0 128.898971558 [ 0.00669535]
421 0.0 128.764053345 [ 0.00669535]
422 0.0 128.905456543 [ 0.00669535]
423 0.0 128.817474365 [ 0.00669535]
424 0.0 128.966247559 [ 0.00669535]
425 0.0 128.76399231 [ 0.00669535]
426 0.0 128.798828125 [ 0.00669535]
427 0.0 128.819549561 [ 0.00669535]
428 0.0 128.80090332 [ 0.00669535]
429 0.0 128.77796936 [ 0.00669535]
430 0.0 128.76550293 [ 0.00669535]
431 0.0 128.784042358 [ 0.00669535]
432 0.0 128.863708496 [ 0.0066915]
433 0.0 128.759429932 [ 0.00669147]
434 0.0 128.749740601 [ 0.00669147]
435 0.0 128.761901855 [ 0.00669147]
436 0.0 128.80796814 [ 0.00669147]
437 0.0 128.787841797 [ 0.00669147]
438 0.0 128.804077148 [ 0.00669147]
439 0.0 128.789611816 [ 0.00669147]
440 0.0 128.762802124 [ 0.00669147]
441 0.0 128.783996582 [ 0.00669147]
442 0.0 128.682739258 [ 0.00669147]
443 0.0 128.849914551 [ 0.00669147]
444 0.0 128.776672363 [ 0.00669147]
445 0.0 128.739227295 [ 0.00669147]
446 0.0 128.79649353 [ 0.00669147]
447 0.0 128.782348633 [ 0.00669147]
448 0.0 128.839065552 [ 0.00669147]
449 0.0 128.669769287 [ 0.00669147]
450 0.0 128.706802368 [ 0.00669147]
451 0.0 128.765518188 [ 0.00669147]
452 0.0 128.713027954 [ 0.00669147]
453 0.0 128.80255127 [ 0.00669147]
454 0.0 128.804626465 [ 0.00669147]
455 0.0 128.799468994 [ 0.00669147]
456 0.0 128.701660156 [ 0.00669147]
457 0.0 128.706207275 [ 0.00669147]
458 0.0 128.718017578 [ 0.00669147]
459 0.0 128.815597534 [ 0.00669147]
460 0.0 128.768417358 [ 0.00669147]
461 0.0 128.720870972 [ 0.00669147]
462 0.0 128.710266113 [ 0.00669147]
463 0.0 128.749450684 [ 0.00669147]
464 0.0 128.705581665 [ 0.00669147]
465 0.0 128.775146484 [ 0.00669147]
466 0.0 128.818588257 [ 0.00669147]
467 0.0 128.747940063 [ 0.00669147]
468 0.0 128.77456665 [ 0.00669147]
469 0.0 128.735397339 [ 0.00669147]
470 0.0 128.71257019 [ 0.00669147]
471 0.0 128.727127075 [ 0.00669147]
472 0.0 128.710327148 [ 0.00669147]
473 0.0 128.771514893 [ 0.00669147]
474 0.0 128.697799683 [ 0.00669147]
475 0.0 128.670715332 [ 0.00669147]
476 0.0 128.680053711 [ 0.00669147]
477 0.0 128.66104126 [ 0.00669147]
478 0.0 128.714141846 [ 0.00669147]
479 0.0 128.701553345 [ 0.00669147]
480 0.0 128.782653809 [ 0.00669147]
481 0.0 128.611618042 [ 0.00669147]
482 0.0 128.720443726 [ 0.00669147]
483 0.0 128.778793335 [ 0.00669147]
484 0.0 128.703277588 [ 0.00669147]
485 0.0 128.700149536 [ 0.00669147]
486 0.0 128.657562256 [ 0.00669147]
487 0.0 128.602752686 [ 0.00669147]
488 0.0 128.535415649 [ 0.00669147]
489 0.0 128.592590332 [ 0.00669147]
490 0.0 128.609329224 [ 0.00669147]
491 0.0 128.585342407 [ 0.00669147]
492 0.0 128.577438354 [ 0.00669147]
493 0.0 128.674133301 [ 0.00669147]
494 0.0 128.61114502 [ 0.00669147]
495 0.0 128.656799316 [ 0.00669147]
496 0.0 128.574203491 [ 0.00669147]
497 0.0 128.687301636 [ 0.00669147]
498 0.0 128.65524292 [ 0.00669147]
499 0.0 128.591400146 [ 0.00669147]
creating pickled numpy output
wrote pickled numpy output
Final validation loss
garray(128.1717529296875)
Final test loss
garray(129.63328552246094)
Theano: Initializing cuBLAS
