(50000L, 784L)
compiled score function
Old best loss:
garray(128.664794921875)
Compiled loss functions
[164527, 197219, 197227, 197255, 197271, 197279, 197282, 197367, 197382, 197398, 197414, 197534, 197567, 197583, 197595, 197611, 197647, 197694, 197715, 197722, 197735, 197766, 197798, 197830, 197847, 197886, 197887, 197938, 197947]

0 0.0 128.706817627 [[ 0.41922225  0.54192273]] [ 0.00430561]
1 0.0 128.693389893 [[ 0.41926018  0.5418488 ]] [ 0.0043044]
2 0.0 128.789154053 [[ 0.41938238  0.54216876]] [ 0.00426638]
3 0.0 128.818771362 [[ 0.4194911   0.54202684]] [ 0.00426323]
4 0.0 128.796524048 [[ 0.41932491  0.54223569]] [ 0.00427026]
5 0.0 128.831893921 [[ 0.41925946  0.54213295]] [ 0.00428384]
6 0.0 128.848815918 [[ 0.4194546   0.54193969]] [ 0.00427649]
7 0.0 128.741516113 [[ 0.41947633  0.54205582]] [ 0.00426354]
8 0.0 128.810699463 [[ 0.41939328  0.54183433]] [ 0.00428662]
9 0.0 128.789321899 [[ 0.41951138  0.54179351]] [ 0.0042829]
10 0.0 128.758270264 [[ 0.41957125  0.54182147]] [ 0.00427481]
11 0.0 128.742019653 [[ 0.41953239  0.54190558]] [ 0.00427235]
12 0.0 128.786651611 [[ 0.4194848   0.54165366]] [ 0.00429256]
13 0.0 128.734039307 [[ 0.41962882  0.54156272]] [ 0.00428254]
14 0.0 128.876586914 [[ 0.41958208  0.54183533]] [ 0.0042721]
15 0.0 128.837371826 [[ 0.41939905  0.54175937]] [ 0.00429201]
16 0.0 128.761413574 [[ 0.41939098  0.54200071]] [ 0.00427833]
17 0.0 128.821990967 [[ 0.41920798  0.54201618]] [ 0.00429178]
18 0.0 128.71762085 [[ 0.41934128  0.54165402]] [ 0.00430205]
19 0.0 128.727127075 [[ 0.4194483   0.54175727]] [ 0.00428546]
20 0.0 128.891342163 [[ 0.41946525  0.54195325]] [ 0.00427188]
21 0.0 128.902816772 [[ 0.41909251  0.54228375]] [ 0.00428109]
22 0.0 128.867797852 [[ 0.41915989  0.54244606]] [ 0.00426824]
23 0.0 128.79598999 [[ 0.4192717   0.54220511]] [ 0.00427107]
24 0.0 128.843780518 [[ 0.41940275  0.54227977]] [ 0.00425374]
25 0.0 128.874664307 [[ 0.41941937  0.54222105]] [ 0.00425636]
26 0.0 128.826904297 [[ 0.41934003  0.54214045]] [ 0.00427216]
27 0.0 128.785644531 [[ 0.41938913  0.54197254]] [ 0.00428223]
28 0.0 128.755889893 [[ 0.41946297  0.54194527]] [ 0.00427168]
29 0.0 128.811477661 [[ 0.41967462  0.54190658]] [ 0.00425275]
30 0.0 128.763244629 [[ 0.41957235  0.54170803]] [ 0.00427726]
31 0.0 128.743515015 [[ 0.41965548  0.54155065]] [ 0.00428243]
32 0.0 128.826705933 [[ 0.41976864  0.54168672]] [ 0.00425912]
33 0.0 128.787063599 [[ 0.41974597  0.54159181]] [ 0.00426919]
34 0.0 128.89642334 [[ 0.41963682  0.54163029]] [ 0.00427721]
35 0.0 128.750900269 [[ 0.41958628  0.54149226]] [ 0.00428824]
36 0.0 128.85369873 [[ 0.41970226  0.54146812]] [ 0.00428417]
37 0.0 128.759567261 [[ 0.41968225  0.54137582]] [ 0.00429035]
38 0.0 128.798416138 [[ 0.41962507  0.54139728]] [ 0.00429584]
39 0.0 128.755371094 [[ 0.41970964  0.54144207]] [ 0.00428015]
40 0.0 128.762817383 [[ 0.41961982  0.54158974]] [ 0.00427774]
41 0.0 128.850601196 [[ 0.41972215  0.54165492]] [ 0.00427351]
42 0.0 128.854614258 [[ 0.41945912  0.54142823]] [ 0.00430499]
43 0.0 128.81552124 [[ 0.41957607  0.54173771]] [ 0.00427617]
44 0.0 128.73866272 [[ 0.41958378  0.54192932]] [ 0.00426101]
45 0.0 128.857376099 [[ 0.41963057  0.54199082]] [ 0.00425799]
46 0.0 128.735427856 [[ 0.41947413  0.54189734]] [ 0.00427615]
47 0.0 128.789093018 [[ 0.41958138  0.54206426]] [ 0.00425294]
48 0.0 128.793548584 [[ 0.4193694   0.54201573]] [ 0.00426984]
49 0.0 128.779464722 [[ 0.41935063  0.54197415]] [ 0.00427366]
50 0.0 128.832901001 [[ 0.41920878  0.54233301]] [ 0.00426696]
51 0.0 128.747680664 [[ 0.41909935  0.54218369]] [ 0.00428668]
52 0.0 128.802810669 [[ 0.41918632  0.5421715 ]] [ 0.00427888]
53 0.0 128.78302002 [[ 0.41918897  0.54223262]] [ 0.0042757]
54 0.0 128.711029053 [[ 0.41909021  0.5422746 ]] [ 0.00428429]
55 0.0 128.808990479 [[ 0.41896056  0.54256076]] [ 0.00428041]
56 0.0 128.760269165 [[ 0.41898608  0.54262347]] [ 0.00426612]
57 0.0 128.746704102 [[ 0.41898981  0.54259785]] [ 0.00426524]
58 0.0 128.820327759 [[ 0.41908422  0.5425474 ]] [ 0.00426641]
59 0.0 128.85496521 [[ 0.41905217  0.54248082]] [ 0.00427559]
60 0.0 128.860977173 [[ 0.41914687  0.54228895]] [ 0.00427751]
61 0.0 128.849761963 [[ 0.41907333  0.54226765]] [ 0.00428587]
62 0.0 128.838241577 [[ 0.41920076  0.54231345]] [ 0.00427553]
63 0.0 128.825820923 [[ 0.41922615  0.5423162 ]] [ 0.0042702]
64 0.0 128.722595215 [[ 0.41913575  0.54254802]] [ 0.00426434]
65 0.0 128.791519165 [[ 0.41906026  0.54270352]] [ 0.00425508]
66 0.0 128.844100952 [[ 0.41903703  0.5425823 ]] [ 0.00426255]
67 0.0 128.799697876 [[ 0.41910912  0.54267677]] [ 0.0042513]
68 0.0 128.803146362 [[ 0.41918924  0.54270821]] [ 0.0042393]
69 0.0 128.813140869 [[ 0.41931004  0.54221594]] [ 0.00426189]
70 0.0 128.882705688 [[ 0.41914302  0.5421471 ]] [ 0.00427676]
71 0.0 128.755615234 [[ 0.41920513  0.54201928]] [ 0.00428809]
72 0.0 128.740264893 [[ 0.41927353  0.5419048 ]] [ 0.00428573]
73 0.0 128.795043945 [[ 0.41916346  0.54205754]] [ 0.00429028]
74 0.0 128.940353394 [[ 0.4191726   0.54210116]] [ 0.0042907]
75 0.0 128.853378296 [[ 0.41923542  0.54220437]] [ 0.00427405]
76 0.0 128.807876587 [[ 0.41925731  0.54230899]] [ 0.00426513]
77 0.0 128.859268188 [[ 0.41920386  0.54237196]] [ 0.00425996]
78 0.0 128.923751831 [[ 0.41924309  0.54212636]] [ 0.00427536]
79 0.0 128.883148193 [[ 0.41923962  0.54216688]] [ 0.00426841]
80 0.0 128.877746582 [[ 0.41918757  0.54215583]] [ 0.0042742]
81 0.0 128.937683105 [[ 0.41909553  0.54217364]] [ 0.00428481]
82 0.0 128.892028809 [[ 0.41922885  0.54200429]] [ 0.00428189]
83 0.0 128.876968384 [[ 0.4193661  0.5418581]] [ 0.00427811]
84 0.0 128.975692749 [[ 0.41935093  0.54171084]] [ 0.00428583]
85 0.0 128.962738037 [[ 0.41926526  0.54212988]] [ 0.00426745]
86 0.0 128.843338013 [[ 0.41920316  0.54205511]] [ 0.00427777]
87 0.0 128.846725464 [[ 0.41927705  0.54199493]] [ 0.00427489]
88 0.0 128.884567261 [[ 0.41930687  0.54172124]] [ 0.00428877]
89 0.0 128.903427124 [[ 0.41912686  0.5417472 ]] [ 0.00430176]
90 0.0 128.872039795 [[ 0.41915866  0.54178818]] [ 0.00430039]
91 0.0 128.883239746 [[ 0.41930719  0.54192967]] [ 0.00427964]
92 0.0 128.928604126 [[ 0.41911916  0.54199793]] [ 0.00428943]
93 0.0 128.951675415 [[ 0.41930379  0.5421601 ]] [ 0.00426591]
94 0.0 128.932327271 [[ 0.419136    0.54209595]] [ 0.00428808]
95 0.0 128.910568237 [[ 0.41933768  0.54166235]] [ 0.00429039]
96 0.0 128.830474854 [[ 0.41930854  0.54179984]] [ 0.00428904]
97 0.0 128.881713867 [[ 0.41942575  0.54178385]] [ 0.00428493]
98 0.0 128.852706909 [[ 0.419379    0.54150239]] [ 0.00429624]
99 0.0 128.811981201 [[ 0.41970141  0.5415716 ]] [ 0.00427125]
100 0.0 128.797988892 [[ 0.41953646  0.54176325]] [ 0.00427019]
101 0.0 128.842727661 [[ 0.4194178  0.541831 ]] [ 0.00427689]
102 0.0 128.810317993 [[ 0.41949878  0.54168417]] [ 0.00427921]
103 0.0 128.800964355 [[ 0.41948678  0.5415878 ]] [ 0.00428809]
104 0.0 128.869354248 [[ 0.41927005  0.54165699]] [ 0.00430196]
105 0.0 128.863601685 [[ 0.41917223  0.54168372]] [ 0.00430336]
106 0.0 128.858169556 [[ 0.41916998  0.54179118]] [ 0.00429716]
107 0.0 128.867523193 [[ 0.41925591  0.54200811]] [ 0.00427839]
108 0.0 128.946472168 [[ 0.41905492  0.54225088]] [ 0.00428149]
109 0.0 128.95300293 [[ 0.41887971  0.54225091]] [ 0.004296]
110 0.0 128.931549072 [[ 0.41892957  0.54220521]] [ 0.00429145]
111 0.0 128.838592529 [[ 0.41900809  0.54217848]] [ 0.00427432]
112 0.0 129.020370483 [[ 0.41916443  0.5421356 ]] [ 0.00426278]
113 0.0 128.887741089 [[ 0.41913555  0.54216068]] [ 0.00426363]
114 0.0 128.878097534 [[ 0.41911429  0.54211961]] [ 0.00427191]
115 0.0 128.874938965 [[ 0.41907243  0.54203831]] [ 0.00428146]
116 0.0 128.893875122 [[ 0.41905307  0.54207353]] [ 0.00427919]
117 0.0 128.850814819 [[ 0.41900087  0.54191052]] [ 0.0042959]
118 0.0 128.807373047 [[ 0.41896765  0.54207712]] [ 0.00428629]
119 0.0 128.802444458 [[ 0.41886603  0.54192977]] [ 0.00430437]
120 0.0 128.880691528 [[ 0.41895886  0.54183898]] [ 0.00430554]
121 0.0 128.845001221 [[ 0.41912076  0.54184641]] [ 0.00428315]
122 0.0 128.834747314 [[ 0.41889651  0.54237022]] [ 0.00427068]
123 0.0 128.761672974 [[ 0.41887641  0.54263459]] [ 0.00425883]
124 0.0 128.775863647 [[ 0.41879932  0.54257017]] [ 0.00426748]
125 0.0 128.815536499 [[ 0.41874835  0.54242566]] [ 0.0042808]
126 0.0 128.788269043 [[ 0.41877628  0.54245741]] [ 0.00428086]
127 0.0 128.913146973 [[ 0.41891736  0.54234083]] [ 0.00427196]
128 0.0 128.788787842 [[ 0.41872469  0.54253081]] [ 0.00427784]
129 0.0 128.803268433 [[ 0.41884408  0.54224079]] [ 0.00428719]
130 0.0 128.81590271 [[ 0.41882254  0.5422533 ]] [ 0.00428723]
131 0.0 128.760742188 [[ 0.41868044  0.54228158]] [ 0.00429329]
132 0.0 128.794845581 [[ 0.41875776  0.54233307]] [ 0.00428522]
133 0.0 128.831039429 [[ 0.41864945  0.54255297]] [ 0.00428125]
134 0.0 128.718399048 [[ 0.41867114  0.54258336]] [ 0.00427615]
135 0.0 128.805877686 [[ 0.41849018  0.54248422]] [ 0.0042978]
136 0.0 128.690841675 [[ 0.41856265  0.54255749]] [ 0.00428283]
137 0.0 128.741210938 [[ 0.41862268  0.54239983]] [ 0.00428599]
138 0.0 128.74206543 [[ 0.41844007  0.54247303]] [ 0.0043]
139 0.0 128.705566406 [[ 0.41830731  0.54266419]] [ 0.00429666]
140 0.0 128.819198608 [[ 0.41833418  0.54265054]] [ 0.00429695]
141 0.0 128.880554199 [[ 0.41851245  0.54265546]] [ 0.00428414]
142 0.0 128.796524048 [[ 0.4184358   0.54262939]] [ 0.00429166]
143 0.0 128.919189453 [[ 0.41869345  0.54267156]] [ 0.00426338]
144 0.0 128.80027771 [[ 0.41872924  0.5422268 ]] [ 0.00428927]
145 0.0 128.86026001 [[ 0.41872981  0.54244273]] [ 0.00427928]
146 0.0 128.854019165 [[ 0.41873725  0.54261089]] [ 0.00426466]
147 0.0 128.813919067 [[ 0.41855604  0.54241383]] [ 0.00429136]
148 0.0 128.792800903 [[ 0.41858423  0.54217386]] [ 0.00430674]
149 0.0 128.70010376 [[ 0.41870028  0.54216236]] [ 0.00429316]
150 0.0 128.729827881 [[ 0.4187213   0.54226966]] [ 0.00428146]
151 0.0 128.834152222 [[ 0.41876727  0.54221342]] [ 0.00428187]
152 0.0 128.909042358 [[ 0.41895714  0.54217257]] [ 0.00426294]
153 0.0 128.859451294 [[ 0.41890136  0.54221345]] [ 0.0042692]
154 0.0 128.781005859 [[ 0.41866959  0.54230831]] [ 0.00428009]
155 0.0 128.816940308 [[ 0.41871007  0.54223013]] [ 0.00428578]
156 0.0 128.882568359 [[ 0.41874269  0.54218071]] [ 0.00428496]
157 0.0 128.774887085 [[ 0.41873168  0.54205382]] [ 0.00429498]
158 0.0 128.748153687 [[ 0.41872914  0.54194986]] [ 0.00429949]
159 0.0 128.747665405 [[ 0.41881503  0.54198827]] [ 0.00429064]
160 0.0 128.809249878 [[ 0.41875292  0.5419633 ]] [ 0.00429637]
161 0.0 128.753051758 [[ 0.41862722  0.54198271]] [ 0.00430575]
162 0.0 128.761764526 [[ 0.41856898  0.54208128]] [ 0.00430356]
163 0.0 128.775741577 [[ 0.418705    0.54222441]] [ 0.00428268]
164 0.0 128.788665771 [[ 0.41866562  0.54217196]] [ 0.00428963]
165 0.0 128.74130249 [[ 0.41876445  0.54233479]] [ 0.00426905]
166 0.0 128.799865723 [[ 0.41890128  0.54234533]] [ 0.0042531]
167 0.0 128.738449097 [[ 0.41876725  0.54210264]] [ 0.00427786]
168 0.0 128.756622314 [[ 0.41869083  0.54201783]] [ 0.00429028]
169 0.0 128.804016113 [[ 0.4185282   0.54187735]] [ 0.00431647]
170 0.0 128.750198364 [[ 0.4188344   0.54178905]] [ 0.00429086]
171 0.0 128.645095825 [[ 0.41887017  0.54161805]] [ 0.00430084]
172 0.0 128.731689453 [[ 0.41882441  0.54145731]] [ 0.00431215]
173 0.0 128.741195679 [[ 0.4187638   0.54166022]] [ 0.00430646]
174 0.0 128.781066895 [[ 0.4187658   0.54180074]] [ 0.00428963]
175 0.0 128.75894165 [[ 0.4189963   0.54179841]] [ 0.00426922]
176 0.0 128.774414062 [[ 0.41901825  0.54171594]] [ 0.00426749]
177 0.0 128.723968506 [[ 0.41902729  0.54183423]] [ 0.00426087]
178 0.0 128.716293335 [[ 0.41889239  0.54172789]] [ 0.00428166]
179 0.0 128.705841064 [[ 0.41889434  0.54185206]] [ 0.00427189]
180 0.0 128.825912476 [[ 0.41903543  0.5416832 ]] [ 0.00426801]
181 0.0 128.841262817 [[ 0.41888393  0.54169092]] [ 0.0042799]
182 0.0 128.73046875 [[ 0.41891821  0.54175159]] [ 0.00427343]
183 0.0 128.674179077 [[ 0.41876318  0.54185826]] [ 0.00427781]
184 0.0 128.862106323 [[ 0.41914724  0.54227221]] [ 0.00421643]
185 0.0 128.795700073 [[ 0.4191764   0.54202009]] [ 0.00422877]
186 0.0 128.665298462 [[ 0.41899055  0.54222693]] [ 0.00423772]
187 0.0 128.697372437 [[ 0.41884086  0.54202051]] [ 0.00426455]
188 0.0 128.731781006 [[ 0.41904588  0.54190125]] [ 0.00425443]
189 0.0 128.68460083 [[ 0.41903401  0.5414554 ]] [ 0.00428472]
190 0.0 128.786315918 [[ 0.41900666  0.54123651]] [ 0.00429943]
191 0.0 128.726318359 [[ 0.41915746  0.54140519]] [ 0.00427797]
192 0.0 128.74206543 [[ 0.41924162  0.54131374]] [ 0.00427132]
193 0.0 128.705947876 [[ 0.41928005  0.54105194]] [ 0.0042836]
194 0.0 128.722503662 [[ 0.41932004  0.54092635]] [ 0.00428746]
195 0.0 128.637817383 [[ 0.41933378  0.54098155]] [ 0.00427871]
196 0.0 128.753677368 [[ 0.41916381  0.54089369]] [ 0.00429943]
197 0.0 128.741821289 [[ 0.4190762   0.54107449]] [ 0.00429441]
198 0.0 128.75289917 [[ 0.41893522  0.54104862]] [ 0.00430254]
199 0.0 128.712799072 [[ 0.41882007  0.5411506 ]] [ 0.00430936]
200 0.0 128.672592163 [[ 0.41865337  0.54121286]] [ 0.00431627]
201 0.0 128.722335815 [[ 0.4186355   0.54150281]] [ 0.00430144]
202 0.0 128.74269104 [[ 0.41885562  0.54121738]] [ 0.00429998]
203 0.0 128.737091064 [[ 0.41883552  0.54135904]] [ 0.00429195]
204 0.0 128.750915527 [[ 0.4189244   0.54144253]] [ 0.00427978]
205 0.0 128.673431396 [[ 0.41879393  0.54130193]] [ 0.00429828]
206 0.0 128.716842651 [[ 0.41886358  0.54166774]] [ 0.00426947]
207 0.0 128.773101807 [[ 0.41868761  0.54181501]] [ 0.00428018]
208 0.0 128.714447021 [[ 0.41864197  0.54195958]] [ 0.00427744]
209 0.0 128.661697388 [[ 0.41865938  0.54182079]] [ 0.00428102]
210 0.0 128.746292114 [[ 0.41893332  0.54154142]] [ 0.00427406]
211 0.0 128.620925903 [[ 0.41898111  0.54167542]] [ 0.00426152]
212 0.0 128.636779785 [[ 0.41882514  0.54177607]] [ 0.00427143]
213 0.0 128.711791992 [[ 0.41869422  0.54172576]] [ 0.00428405]
214 0.0 128.687591553 [[ 0.41853837  0.54180626]] [ 0.00429452]
215 0.0 128.70199585 [[ 0.41860167  0.54177471]] [ 0.00429387]
216 0.0 128.681365967 [[ 0.41859114  0.54178711]] [ 0.00428881]
217 0.0 128.672409058 [[ 0.41859902  0.54183769]] [ 0.00428975]
218 0.0 128.683029175 [[ 0.41854785  0.54172676]] [ 0.00429908]
219 0.0 128.660522461 [[ 0.41865095  0.54178078]] [ 0.00428429]
220 0.0 128.808059692 [[ 0.41853708  0.54189246]] [ 0.0042864]
221 0.0 128.727615356 [[ 0.418348    0.54201011]] [ 0.00429853]
222 0.0 128.698898315 [[ 0.41847459  0.54224225]] [ 0.00427262]
223 0.0 128.7290802 [[ 0.4184467   0.54208746]] [ 0.00428546]
224 0.0 128.693893433 [[ 0.41831862  0.54187102]] [ 0.00430966]
225 0.0 128.710845947 [[ 0.41823525  0.54197551]] [ 0.00430928]
226 0.0 128.68788147 [[ 0.41842012  0.5417411 ]] [ 0.00430386]
227 0.0 128.687164307 [[ 0.41836099  0.54173267]] [ 0.004305]
228 0.0 128.700775146 [[ 0.41848033  0.54185222]] [ 0.00428893]
229 0.0 128.748931885 [[ 0.41838899  0.54187664]] [ 0.004292]
230 0.0 128.684051514 [[ 0.41830838  0.54215509]] [ 0.00428434]
231 0.0 128.779602051 [[ 0.41838014  0.54205699]] [ 0.00428251]
232 0.0 128.732269287 [[ 0.41845144  0.54211818]] [ 0.00427862]
233 0.0 128.684738159 [[ 0.4184915   0.54193151]] [ 0.0042809]
234 0.0 128.706726074 [[ 0.41836767  0.54184169]] [ 0.00429613]
235 0.0 128.714736938 [[ 0.41846903  0.54167849]] [ 0.004302]
236 0.0 128.773773193 [[ 0.41859586  0.54180636]] [ 0.00427506]
237 0.0 128.745697021 [[ 0.41854541  0.54176499]] [ 0.00428666]
238 0.0 128.738250732 [[ 0.41865135  0.54152208]] [ 0.00428653]
239 0.0 128.745437622 [[ 0.418781    0.54137882]] [ 0.00428436]
240 0.0 128.746994019 [[ 0.41872487  0.54138173]] [ 0.00429142]
241 0.0 128.757492065 [[ 0.41874693  0.54143972]] [ 0.00428188]
242 0.0 128.718582153 [[ 0.41864396  0.54160905]] [ 0.00428018]
243 0.0 128.761444092 [[ 0.41854291  0.54175446]] [ 0.00428422]
244 0.0 128.746902466 [[ 0.41836964  0.54185684]] [ 0.00428816]
245 0.0 128.740539551 [[ 0.41837792  0.54170112]] [ 0.00429479]
246 0.0 128.729721069 [[ 0.41836575  0.54175669]] [ 0.00428749]
247 0.0 128.765899658 [[ 0.41849527  0.54197364]] [ 0.00426772]
248 0.0 128.732666016 [[ 0.41857235  0.54192425]] [ 0.004265]
249 0.0 128.803070068 [[ 0.41851318  0.54178653]] [ 0.00427924]
250 0.0 128.72354126 [[ 0.41853164  0.54174274]] [ 0.00427749]
251 0.0 128.743148804 [[ 0.41862215  0.54170913]] [ 0.0042748]
252 0.0 128.780639648 [[ 0.41851141  0.54183697]] [ 0.00427116]
253 0.0 128.779464722 [[ 0.41841084  0.54180907]] [ 0.00427787]
254 0.0 128.769790649 [[ 0.41837423  0.54185264]] [ 0.00428053]
255 0.0 128.765228271 [[ 0.41830125  0.54179092]] [ 0.00429327]
256 0.0 128.682098389 [[ 0.41831683  0.54176767]] [ 0.0042902]
257 0.0 128.696273804 [[ 0.4183275   0.54186427]] [ 0.00428674]
258 0.0 128.689651489 [[ 0.41824298  0.54179835]] [ 0.00429274]
259 0.0 128.750152588 [[ 0.41826751  0.54165072]] [ 0.00430373]
260 0.0 128.735900879 [[ 0.41825497  0.54189996]] [ 0.00428511]
261 0.0 128.731048584 [[ 0.41787962  0.54208342]] [ 0.00430934]
262 0.0 128.682418823 [[ 0.41793113  0.5420798 ]] [ 0.00429739]
263 0.0 128.704284668 [[ 0.41803096  0.54207821]] [ 0.00428961]
264 0.0 128.721969604 [[ 0.41802675  0.54190687]] [ 0.00430011]
265 0.0 128.706542969 [[ 0.41789599  0.54216074]] [ 0.0042963]
266 0.0 128.734939575 [[ 0.41792127  0.5421884 ]] [ 0.00428307]
267 0.0 128.802658081 [[ 0.41773319  0.5424009 ]] [ 0.004298]
268 0.0 128.71484375 [[ 0.4176701   0.54228465]] [ 0.00430843]
269 0.0 128.800872803 [[ 0.41765387  0.54235725]] [ 0.00430203]
270 0.0 128.658538818 [[ 0.41765494  0.54235509]] [ 0.00430016]
271 0.0 128.687805176 [[ 0.417756    0.54241616]] [ 0.00429056]
272 0.0 128.815856934 [[ 0.41783394  0.54248318]] [ 0.00428178]
273 0.0 128.809967041 [[ 0.41775077  0.54250999]] [ 0.00428391]
274 0.0 128.825134277 [[ 0.41757178  0.54247319]] [ 0.0042972]
275 0.0 128.759124756 [[ 0.41752086  0.54267784]] [ 0.00428868]
276 0.0 128.758758545 [[ 0.41772321  0.54272795]] [ 0.00426412]
277 0.0 128.766525269 [[ 0.41769933  0.54235166]] [ 0.00428376]
278 0.0 128.772277832 [[ 0.41766956  0.54225052]] [ 0.00429334]
279 0.0 128.738006592 [[ 0.41792849  0.5419319 ]] [ 0.004293]
280 0.0 128.740905762 [[ 0.41779096  0.54203909]] [ 0.00429923]
281 0.0 128.844802856 [[ 0.41783609  0.54235703]] [ 0.00427911]
282 0.0 128.788848877 [[ 0.41797082  0.54212775]] [ 0.00427589]
283 0.0 128.848403931 [[ 0.41820621  0.54176741]] [ 0.00427892]
284 0.0 128.745742798 [[ 0.41819958  0.54181291]] [ 0.00428147]
285 0.0 128.779251099 [[ 0.4179905   0.54184372]] [ 0.0042987]
286 0.0 128.762969971 [[ 0.41804043  0.54194812]] [ 0.00428417]
287 0.0 128.734146118 [[ 0.41806909  0.54191837]] [ 0.00427856]
288 0.0 128.762069702 [[ 0.41805745  0.5418039 ]] [ 0.00429223]
289 0.0 128.733322144 [[ 0.41792369  0.54187667]] [ 0.00429902]
290 0.0 128.823699951 [[ 0.41785422  0.54206267]] [ 0.0042911]
291 0.0 128.781814575 [[ 0.41789315  0.54201231]] [ 0.00429282]
292 0.0 128.735473633 [[ 0.41792137  0.54175869]] [ 0.00430086]
293 0.0 128.708572388 [[ 0.41778735  0.54181014]] [ 0.00430528]
294 0.0 128.795150757 [[ 0.41800592  0.54188859]] [ 0.00428558]
295 0.0 128.83215332 [[ 0.41800625  0.54154339]] [ 0.00430658]
296 0.0 128.882476807 [[ 0.41799267  0.54175895]] [ 0.0042903]
297 0.0 128.761001587 [[ 0.41799399  0.54184808]] [ 0.00428137]
298 0.0 128.784255981 [[ 0.41783977  0.54193116]] [ 0.00429104]
299 0.0 128.825195312 [[ 0.41788269  0.54188516]] [ 0.00428896]
300 0.0 128.79574585 [[ 0.41802399  0.54188975]] [ 0.0042788]
301 0.0 128.750991821 [[ 0.41795455  0.54190803]] [ 0.00428101]
302 0.0 128.804214478 [[ 0.41818779  0.5416936 ]] [ 0.0042776]
303 0.0 128.748123169 [[ 0.41834156  0.54157434]] [ 0.00426513]
304 0.0 128.768310547 [[ 0.41828105  0.54161092]] [ 0.0042675]
305 0.0 128.730239868 [[ 0.41815315  0.54159752]] [ 0.00427301]
306 0.0 128.804290771 [[ 0.41815537  0.54162819]] [ 0.0042701]
307 0.0 128.743927002 [[ 0.41805297  0.54162977]] [ 0.00428213]
308 0.0 128.747421265 [[ 0.41801208  0.54180978]] [ 0.00427383]
309 0.0 128.788619995 [[ 0.41793151  0.54186934]] [ 0.00427422]
310 0.0 128.846755981 [[ 0.41793903  0.54183035]] [ 0.00427697]
311 0.0 128.749511719 [[ 0.41806228  0.54160165]] [ 0.00427645]
312 0.0 128.738204956 [[ 0.41803129  0.54147654]] [ 0.00428712]
313 0.0 128.724777222 [[ 0.41790035  0.54132365]] [ 0.00430325]
314 0.0 128.750701904 [[ 0.41801945  0.54141806]] [ 0.00428136]
315 0.0 128.772994995 [[ 0.41793029  0.54150375]] [ 0.00428333]
316 0.0 128.727966309 [[ 0.41801422  0.54148029]] [ 0.0042777]
317 0.0 128.742126465 [[ 0.41808955  0.54157793]] [ 0.00427017]
318 0.0 128.751495361 [[ 0.41802762  0.54156304]] [ 0.00427022]
319 0.0 128.729553223 [[ 0.41798664  0.54146405]] [ 0.00427952]
320 0.0 128.723495483 [[ 0.41802516  0.54136262]] [ 0.0042855]
321 0.0 128.742843628 [[ 0.41818473  0.54152731]] [ 0.00426249]
322 0.0 128.782150269 [[ 0.41810131  0.54151308]] [ 0.00426474]
323 0.0 128.756439209 [[ 0.4178456   0.54147757]] [ 0.00429218]
324 0.0 128.769302368 [[ 0.41803413  0.54139609]] [ 0.00427876]
325 0.0 128.716217041 [[ 0.4181281   0.54134423]] [ 0.00427275]
326 0.0 128.720565796 [[ 0.41797971  0.54158716]] [ 0.00427118]
327 0.0 128.766067505 [[ 0.41796011  0.54162244]] [ 0.00427315]
328 0.0 128.780410767 [[ 0.41792899  0.54123428]] [ 0.0043003]
329 0.0 128.767791748 [[ 0.41792822  0.54125725]] [ 0.00429378]
330 0.0 128.872390747 [[ 0.4181693   0.54123492]] [ 0.00427065]
331 0.0 128.844909668 [[ 0.41823438  0.54107113]] [ 0.00427787]
332 0.0 128.804290771 [[ 0.41839191  0.54096468]] [ 0.00426947]
333 0.0 128.815490723 [[ 0.41819233  0.54096136]] [ 0.00428605]
334 0.0 128.685668945 [[ 0.41813979  0.54131103]] [ 0.00426624]
335 0.0 128.719650269 [[ 0.41812155  0.54116876]] [ 0.00427977]
336 0.0 128.821792603 [[ 0.4180883  0.5412305]] [ 0.00428149]
337 0.0 128.789382935 [[ 0.41781825  0.54134172]] [ 0.00429629]
338 0.0 128.855865479 [[ 0.41779188  0.54147561]] [ 0.00429135]
339 0.0 128.892944336 [[ 0.41779664  0.54145818]] [ 0.00429504]
340 0.0 128.906936646 [[ 0.4177019   0.54162357]] [ 0.00428997]
341 0.0 128.833175659 [[ 0.41766358  0.54140819]] [ 0.00430533]
342 0.0 128.81300354 [[ 0.4175452   0.54146583]] [ 0.00430692]
343 0.0 128.900222778 [[ 0.41750083  0.5417597 ]] [ 0.0042965]
344 0.0 128.847015381 [[ 0.41762965  0.54152851]] [ 0.00429296]
345 0.0 128.841720581 [[ 0.41759326  0.54164323]] [ 0.00428535]
346 0.0 128.91607666 [[ 0.41754089  0.54171743]] [ 0.00428944]
347 0.0 128.928344727 [[ 0.41749592  0.54171575]] [ 0.0042905]
348 0.0 128.865325928 [[ 0.41774288  0.54153474]] [ 0.00427352]
349 0.0 128.905670166 [[ 0.41774069  0.54138999]] [ 0.00428209]
350 0.0 128.956893921 [[ 0.41776173  0.54148045]] [ 0.00427938]
351 0.0 128.824768066 [[ 0.41781589  0.54148183]] [ 0.00427074]
352 0.0 128.801101685 [[ 0.41794745  0.54147238]] [ 0.00426135]
353 0.0 128.906036377 [[ 0.4179549   0.54134556]] [ 0.00426875]
354 0.0 128.904876709 [[ 0.41790104  0.54136317]] [ 0.00426429]
355 0.0 128.908096313 [[ 0.41771076  0.54153306]] [ 0.00427106]
356 0.0 128.876113892 [[ 0.41765489  0.54151492]] [ 0.00427737]
357 0.0 128.805633545 [[ 0.41742633  0.54158803]] [ 0.00428625]
358 0.0 128.874801636 [[ 0.41743615  0.54163335]] [ 0.0042768]
359 0.0 128.924865723 [[ 0.41730739  0.54157454]] [ 0.00429268]
360 0.0 128.834243774 [[ 0.41725001  0.5421789 ]] [ 0.00426084]
361 0.0 128.876403809 [[ 0.41716312  0.54230004]] [ 0.00426387]
362 0.0 128.899795532 [[ 0.41703126  0.54230618]] [ 0.00427584]
363 0.0 128.934265137 [[ 0.41707367  0.5422799 ]] [ 0.00427435]
364 0.0 128.82711792 [[ 0.41712081  0.54228607]] [ 0.0042659]
365 0.0 128.81022644 [[ 0.41713242  0.54223284]] [ 0.00426944]
366 0.0 128.748840332 [[ 0.41726068  0.54224412]] [ 0.00426257]
367 0.0 128.793319702 [[ 0.41708665  0.54213243]] [ 0.00428835]
368 0.0 128.733001709 [[ 0.41712956  0.54223649]] [ 0.00427228]
369 0.0 128.833847046 [[ 0.41705222  0.54206258]] [ 0.00428968]
370 0.0 128.78225708 [[ 0.41714721  0.54204255]] [ 0.00428077]
371 0.0 128.847503662 [[ 0.4169983   0.54197784]] [ 0.00429668]
372 0.0 128.862579346 [[ 0.41709923  0.5420229 ]] [ 0.00428323]
373 0.0 128.861175537 [[ 0.41715181  0.54173251]] [ 0.00429313]
374 0.0 128.851547241 [[ 0.41698834  0.54187144]] [ 0.00430004]
375 0.0 128.791748047 [[ 0.41687825  0.54192512]] [ 0.00430288]
376 0.0 128.843154907 [[ 0.41689569  0.54204885]] [ 0.00429139]
377 0.0 128.854522705 [[ 0.41702815  0.54229713]] [ 0.00426708]
378 0.0 128.924209595 [[ 0.41708717  0.54234484]] [ 0.00425954]
379 0.0 128.828079224 [[ 0.41700116  0.54216591]] [ 0.0042767]
380 0.0 128.869750977 [[ 0.41687144  0.5421548 ]] [ 0.00428567]
381 0.0 128.870574951 [[ 0.41686562  0.54229858]] [ 0.00427486]
382 0.0 128.923919678 [[ 0.41692653  0.54221487]] [ 0.00427969]
383 0.0 128.842041016 [[ 0.41697554  0.54218666]] [ 0.00427132]
384 0.0 128.802825928 [[ 0.41695898  0.54192838]] [ 0.00428989]
385 0.0 128.753128052 [[ 0.41711795  0.54198281]] [ 0.00427251]
386 0.0 128.770751953 [[ 0.41697735  0.54199457]] [ 0.00428038]
387 0.0 128.811965942 [[ 0.41705179  0.54202187]] [ 0.00427063]
388 0.0 128.724395752 [[ 0.41710964  0.54183452]] [ 0.00428259]
389 0.0 128.705413818 [[ 0.41710124  0.54183739]] [ 0.00427569]
390 0.0 128.767211914 [[ 0.41718088  0.54177526]] [ 0.00427072]
391 0.0 128.92515564 [[ 0.41749697  0.54170965]] [ 0.0042392]
392 0.0 128.826675415 [[ 0.41756862  0.54230398]] [ 0.00419264]
393 0.0 128.782043457 [[ 0.41706042  0.54214756]] [ 0.00425189]
394 0.0 128.825378418 [[ 0.41705952  0.54212665]] [ 0.00425346]
395 0.0 128.742675781 [[ 0.41705706  0.54199299]] [ 0.0042624]
396 0.0 128.786178589 [[ 0.4168289   0.54197086]] [ 0.00428166]
397 0.0 128.707351685 [[ 0.41701995  0.54211602]] [ 0.00425407]
398 0.0 128.800354004 [[ 0.41716123  0.5420817 ]] [ 0.00424301]
399 0.0 128.762268066 [[ 0.41701448  0.54202953]] [ 0.00426074]
400 0.0 128.832305908 [[ 0.41701819  0.54176961]] [ 0.00427719]
401 0.0 128.803268433 [[ 0.41699025  0.54166432]] [ 0.00428395]
402 0.0 128.927246094 [[ 0.41710974  0.54146557]] [ 0.00428716]
403 0.0 128.812728882 [[ 0.41723942  0.54143901]] [ 0.00427348]
404 0.0 128.875473022 [[ 0.41729766  0.54164869]] [ 0.00424969]
405 0.0 129.013427734 [[ 0.41736204  0.54146479]] [ 0.00426134]
406 0.0 128.820617676 [[ 0.41762562  0.54121876]] [ 0.00425068]
407 0.0 128.829620361 [[ 0.41730169  0.54133213]] [ 0.00427553]
408 0.0 128.824539185 [[ 0.41734848  0.54130703]] [ 0.00427421]
409 0.0 128.891876221 [[ 0.41732331  0.54141009]] [ 0.00426712]
410 0.0 128.836273193 [[ 0.41726269  0.5412728 ]] [ 0.0042821]
411 0.0 128.692565918 [[ 0.41751603  0.54102466]] [ 0.00427653]
412 0.0 128.792251587 [[ 0.41750242  0.54095005]] [ 0.00428083]
413 0.0 128.747390747 [[ 0.41766236  0.54101605]] [ 0.00425451]
414 0.0 128.82144165 [[ 0.41749553  0.54097703]] [ 0.00427712]
415 0.0 128.801986694 [[ 0.4177316   0.54099122]] [ 0.00425613]
416 0.0 128.773178101 [[ 0.41752464  0.54131997]] [ 0.00425204]
417 0.0 128.788299561 [[ 0.41751404  0.54116431]] [ 0.00425946]
418 0.0 128.719604492 [[ 0.41771165  0.54102047]] [ 0.00424926]
419 0.0 128.853225708 [[ 0.41771165  0.54110922]] [ 0.00424307]
420 0.0 128.811737061 [[ 0.41758743  0.54097168]] [ 0.00426483]
421 0.0 128.702896118 [[ 0.41786478  0.54068388]] [ 0.00424689]
422 0.0 128.83531189 [[ 0.41804733  0.54033388]] [ 0.00425625]
423 0.0 128.800491333 [[ 0.41813171  0.54024503]] [ 0.00425435]
424 0.0 128.975601196 [[ 0.41811207  0.54029227]] [ 0.00425425]
425 0.0 128.787322998 [[ 0.41812197  0.54034231]] [ 0.00424382]
426 0.0 128.769515991 [[ 0.41793375  0.54034025]] [ 0.00426525]
427 0.0 128.826339722 [[ 0.41788199  0.5401464 ]] [ 0.00427795]
428 0.0 128.819595337 [[ 0.4180289   0.54011614]] [ 0.00427078]
429 0.0 128.886077881 [[ 0.41803582  0.54025272]] [ 0.00425678]
430 0.0 128.981704712 [[ 0.41809807  0.54029191]] [ 0.00425431]
431 0.0 128.81842041 [[ 0.41795373  0.54029591]] [ 0.00426286]
432 0.0 128.867797852 [[ 0.41806298  0.54012956]] [ 0.0042625]
433 0.0 128.833679199 [[ 0.41793452  0.54051665]] [ 0.00425142]
434 0.0 128.835586548 [[ 0.41763055  0.54051085]] [ 0.00427247]
435 0.0 128.782440186 [[ 0.41751309  0.54050569]] [ 0.00428105]
436 0.0 128.861526489 [[ 0.41754258  0.54056881]] [ 0.00427086]
437 0.0 128.857849121 [[ 0.41756001  0.54059565]] [ 0.00427041]
438 0.0 128.888626099 [[ 0.41761905  0.54049525]] [ 0.00426713]
439 0.0 128.825759888 [[ 0.41743556  0.5403666 ]] [ 0.00429112]
440 0.0 128.783996582 [[ 0.41726702  0.54045634]] [ 0.00430235]
441 0.0 128.759979248 [[ 0.41736848  0.54058566]] [ 0.00427665]
442 0.0 128.815368652 [[ 0.41753061  0.54040316]] [ 0.0042799]
443 0.0 128.902618408 [[ 0.41745417  0.54041656]] [ 0.00428235]
444 0.0 128.846862793 [[ 0.4173916   0.54069661]] [ 0.00427238]
445 0.0 128.825942993 [[ 0.41726946  0.54082863]] [ 0.00427198]
446 0.0 128.848480225 [[ 0.41734537  0.54054745]] [ 0.004284]
447 0.0 128.926300049 [[ 0.41724459  0.54076449]] [ 0.00427869]
448 0.0 128.899673462 [[ 0.41724491  0.54087412]] [ 0.0042664]
449 0.0 128.865127563 [[ 0.41738453  0.54077003]] [ 0.00426522]
450 0.0 128.904296875 [[ 0.41767453  0.54060873]] [ 0.00424878]
451 0.0 128.699752808 [[ 0.41748485  0.54074921]] [ 0.00425435]
452 0.0 128.768890381 [[ 0.41772343  0.54040451]] [ 0.00425149]
453 0.0 128.7709198 [[ 0.41762114  0.54049074]] [ 0.00425498]
454 0.0 128.797439575 [[ 0.41743006  0.54047638]] [ 0.004271]
455 0.0 128.807815552 [[ 0.41718438  0.54065936]] [ 0.00428482]
456 0.0 128.738021851 [[ 0.41706117  0.54075946]] [ 0.00429002]
457 0.0 128.77293396 [[ 0.41703762  0.54075266]] [ 0.00428777]
458 0.0 128.754669189 [[ 0.41716837  0.54064898]] [ 0.00428362]
459 0.0 128.845489502 [[ 0.4174264  0.5407952]] [ 0.00425162]
460 0.0 128.662979126 [[ 0.41714853  0.54089749]] [ 0.00426644]
461 0.0 128.732757568 [[ 0.41711104  0.54066732]] [ 0.00428622]
462 0.0 128.783752441 [[ 0.41706015  0.54082628]] [ 0.00428066]
463 0.0 128.779220581 [[ 0.41699008  0.54089698]] [ 0.0042832]
464 0.0 128.704864502 [[ 0.41700002  0.54085961]] [ 0.00428252]
465 0.0 128.718841553 [[ 0.41704138  0.54078776]] [ 0.00428563]
466 0.0 128.768585205 [[ 0.41707297  0.54090987]] [ 0.0042792]
467 0.0 128.706817627 [[ 0.41701473  0.54098271]] [ 0.00426763]
468 0.0 128.779342651 [[ 0.41681705  0.54116357]] [ 0.00427678]
469 0.0 128.775360107 [[ 0.41682965  0.5412709 ]] [ 0.00426334]
470 0.0 128.714202881 [[ 0.4169315   0.54118044]] [ 0.00425692]
471 0.0 128.796218872 [[ 0.41676555  0.5412037 ]] [ 0.00427248]
472 0.0 128.738845825 [[ 0.41683297  0.54114838]] [ 0.00426335]
473 0.0 128.835113525 [[ 0.41681573  0.54129538]] [ 0.0042575]
474 0.0 128.688186646 [[ 0.41693441  0.54096878]] [ 0.0042665]
475 0.0 128.778518677 [[ 0.41711924  0.54096562]] [ 0.00425112]
476 0.0 128.765640259 [[ 0.41686341  0.54088305]] [ 0.00427707]
477 0.0 128.719741821 [[ 0.41690463  0.54084968]] [ 0.00427702]
478 0.0 128.765945435 [[ 0.41692359  0.5409109 ]] [ 0.00427004]
479 0.0 128.745803833 [[ 0.4167275   0.54115357]] [ 0.00427315]
480 0.0 128.798233032 [[ 0.4166398   0.54122341]] [ 0.00427835]
481 0.0 128.720397949 [[ 0.416501    0.54115467]] [ 0.00428997]
482 0.0 128.753814697 [[ 0.41652851  0.54105249]] [ 0.00429478]
483 0.0 128.841018677 [[ 0.41653481  0.54112528]] [ 0.00428199]
484 0.0 128.7915802 [[ 0.41658892  0.54128799]] [ 0.0042643]
485 0.0 128.77116394 [[ 0.41652297  0.54148338]] [ 0.004257]
486 0.0 128.838973999 [[ 0.41655023  0.54131503]] [ 0.00426005]
487 0.0 128.767364502 [[ 0.41653971  0.54138192]] [ 0.0042593]
488 0.0 128.684463501 [[ 0.41647228  0.54125112]] [ 0.0042754]
489 0.0 128.727493286 [[ 0.41643403  0.54135217]] [ 0.00427074]
490 0.0 128.752059937 [[ 0.41661427  0.54120912]] [ 0.00426424]
491 0.0 128.751144409 [[ 0.41657645  0.54112709]] [ 0.0042701]
492 0.0 128.750900269 [[ 0.41653015  0.54144111]] [ 0.00425361]
493 0.0 128.782470703 [[ 0.41646903  0.54142278]] [ 0.00426388]
494 0.0 128.810302734 [[ 0.41629962  0.54153567]] [ 0.00426916]
495 0.0 128.77671814 [[ 0.4162362   0.54179845]] [ 0.00425605]
496 0.0 128.770751953 [[ 0.41617711  0.54169844]] [ 0.00426783]
497 0.0 128.788543701 [[ 0.41603345  0.54156763]] [ 0.00428862]
498 0.0 128.775253296 [[ 0.41614652  0.54176015]] [ 0.0042657]
499 0.0 128.819625854 [[ 0.41609069  0.54190202]] [ 0.0042625]
creating pickled numpy output
wrote pickled numpy output
Final validation loss
garray(128.6279296875)
Final test loss
garray(129.8790740966797)
Theano: Initializing cuBLAS
