compiled score function
Old best loss
garray(94.72926330566406)
Compiled loss functions
0 93.4129180908 94.7148742676
1 93.4744110107 94.7240753174
2 93.4950942993 94.7299575806
3 93.4071960449 94.7729949951
4 93.5110092163 94.7789382935
5 93.4234848022 94.7260971069
6 93.4507904053 94.7874832153
7 93.4327163696 94.703956604
8 93.4179611206 94.7742996216
9 93.4789657593 94.727973938
10 93.4127349854 94.6920852661
11 93.4414978027 94.7139511108
12 93.3935775757 94.6685638428
13 93.4783554077 94.7882232666
14 93.4217681885 94.6837234497
15 93.4605407715 94.6861572266
16 93.4475784302 94.7417373657
17 93.4327392578 94.7453079224
18 93.3837203979 94.6821975708
19 93.4180145264 94.6610717773
20 93.4016189575 94.7344818115
21 93.4996795654 94.729057312
22 93.4787139893 94.6597442627
23 93.4796905518 94.7153320312
24 93.4273605347 94.6861190796
25 93.4519500732 94.794090271
26 93.3640899658 94.7263717651
27 93.4873809814 94.6852111816
28 93.4332504272 94.7209701538
29 93.3768386841 94.6685256958
30 93.4131774902 94.7696456909
31 93.4379196167 94.7364501953
32 93.3539047241 94.6858901978
33 93.4209976196 94.7207260132
34 93.3942642212 94.6845550537
35 93.4243774414 94.7192459106
36 93.4350662231 94.6742095947
37 93.4344940186 94.7812271118
38 93.4853591919 94.6950683594
39 93.3984985352 94.6966323853
40 93.3705978394 94.7327957153
41 93.3416061401 94.6942367554
42 93.4462203979 94.7422103882
43 93.4345474243 94.7268371582
44 93.4459381104 94.677406311
45 93.4284286499 94.717956543
46 93.4644851685 94.7601318359
47 93.3686752319 94.6924285889
48 93.4799880981 94.678352356
49 93.4729766846 94.6965637207
50 93.4029693604 94.6808853149
51 93.4247283936 94.7355194092
52 93.4080352783 94.7857131958
53 93.4157791138 94.6997070312
54 93.4828338623 94.8061981201
55 93.3799591064 94.7023239136
56 93.4235610962 94.6949081421
57 93.4350585938 94.6437759399
58 93.423500061 94.6238250732
59 93.4478607178 94.7101974487
60 93.3862075806 94.7151260376
61 93.4013214111 94.7499313354
62 93.3725738525 94.674369812
63 93.425201416 94.7093734741
64 93.3733673096 94.6639938354
65 93.3791503906 94.7072982788
66 93.4174575806 94.6540756226
67 93.4402542114 94.7486953735
68 93.4208602905 94.7301330566
69 93.3696670532 94.6484451294
70 93.4362258911 94.6475982666
71 93.3885269165 94.6868591309
72 93.3464813232 94.6789169312
73 93.4119796753 94.7077407837
74 93.4537811279 94.7364959717
75 93.4150543213 94.6954879761
76 93.3233947754 94.7223510742
77 93.3589096069 94.7016220093
78 93.3356552124 94.6610641479
79 93.4046173096 94.7246322632
80 93.3891601562 94.7366943359
81 93.40184021 94.6978607178
82 93.4159164429 94.7068099976
83 93.4736175537 94.6172637939
84 93.4255752563 94.7211990356
85 93.3596496582 94.6655731201
86 93.4029312134 94.6409606934
87 93.4184951782 94.7061691284
88 93.4355010986 94.6734313965
89 93.3298339844 94.6302566528
90 93.4554672241 94.6359329224
91 93.4228973389 94.6394500732
92 93.3679351807 94.7271118164
93 93.3499603271 94.7266921997
94 93.3527984619 94.6652755737
95 93.3768081665 94.6933364868
96 93.3876800537 94.6740570068
97 93.3843612671 94.644569397
98 93.3791809082 94.6435317993
99 93.4068450928 94.6889343262
100 93.3255157471 94.6939315796
101 93.4046707153 94.7490692139
102 93.3179473877 94.6229629517
103 93.4191589355 94.6791229248
104 93.3684082031 94.6738128662
105 93.4048995972 94.6663513184
106 93.4239578247 94.6886367798
107 93.3608703613 94.7098464966
108 93.4336395264 94.6292724609
109 93.3439178467 94.7996368408
110 93.4032058716 94.6457138062
111 93.3803405762 94.6311721802
112 93.3296356201 94.6203308105
113 93.4087371826 94.6377182007
114 93.4307556152 94.6395568848
115 93.4303970337 94.6773147583
116 93.3854598999 94.7396087646
117 93.3667449951 94.7104568481
118 93.4070358276 94.6758804321
119 93.4333190918 94.6273574829
120 93.3851699829 94.7936248779
121 93.3357696533 94.6370315552
122 93.4266204834 94.7755355835
123 93.4356765747 94.6507568359
124 93.3892974854 94.6967315674
125 93.3645782471 94.7113571167
126 93.3661880493 94.6839523315
127 93.3222579956 94.6855239868
128 93.4436950684 94.6902084351
129 93.3564453125 94.6282730103
130 93.4373550415 94.7210235596
131 93.3840789795 94.7560882568
132 93.4178390503 94.6844329834
133 93.3062744141 94.6624069214
134 93.3838348389 94.6467819214
135 93.385055542 94.6298980713
136 93.3437194824 94.6070861816
137 93.3951797485 94.7461700439
138 93.3808364868 94.6952362061
139 93.3234863281 94.6919250488
140 93.41355896 94.6168136597
141 93.404296875 94.6256942749
142 93.4004669189 94.6838760376
143 93.423789978 94.6543884277
144 93.3684082031 94.6408462524
145 93.3341751099 94.6873321533
146 93.4210891724 94.7053451538
147 93.3959960938 94.7274398804
148 93.3112182617 94.7709732056
149 93.4285964966 94.7002487183
150 93.3695068359 94.6885604858
151 93.4203262329 94.6181106567
152 93.3439102173 94.635093689
153 93.3699798584 94.6927108765
154 93.3704299927 94.6037063599
155 93.3519210815 94.6677856445
156 93.4014968872 94.7719192505
157 93.3964691162 94.6609725952
158 93.3736953735 94.6820678711
159 93.3874359131 94.5796508789
160 93.3506164551 94.5880889893
161 93.3556976318 94.6466445923
162 93.347038269 94.6278686523
163 93.3300170898 94.6906509399
164 93.294418335 94.6711730957
165 93.3431396484 94.6885375977
166 93.3732452393 94.6690673828
167 93.3534851074 94.6254043579
168 93.3221282959 94.6595840454
169 93.4048995972 94.7262954712
170 93.3457260132 94.6934585571
171 93.4096755981 94.674911499
172 93.3426742554 94.66065979
173 93.323135376 94.6333312988
174 93.3711547852 94.7078323364
175 93.4331207275 94.6253738403
176 93.3501739502 94.6885375977
177 93.3847198486 94.6460189819
178 93.3456344604 94.7554702759
179 93.3656768799 94.6038589478
180 93.369758606 94.6657104492
181 93.3905944824 94.6695098877
182 93.3801269531 94.5808410645
183 93.4194107056 94.6527938843
184 93.414855957 94.6639175415
185 93.3142776489 94.6602630615
186 93.3825073242 94.6921386719
187 93.2919311523 94.6683502197
188 93.3327560425 94.6255722046
189 93.379737854 94.6615066528
190 93.331741333 94.6621627808
191 93.4218139648 94.7077102661
192 93.365814209 94.6081237793
193 93.3435592651 94.6475143433
194 93.3410949707 94.6481628418
195 93.4379882812 94.702293396
196 93.3320388794 94.6647338867
197 93.3990859985 94.7010879517
198 93.3702545166 94.6089324951
199 93.379776001 94.6988067627
200 93.3006210327 94.6944351196
201 93.3543777466 94.5784912109
202 93.3335342407 94.7305145264
203 93.3959350586 94.6865692139
204 93.2792282104 94.5835876465
205 93.3680648804 94.6325378418
206 93.3071594238 94.5987167358
207 93.3231506348 94.6390838623
208 93.3406143188 94.5751037598
209 93.3796844482 94.5619659424
210 93.3402862549 94.6689376831
211 93.3656845093 94.695854187
212 93.4083786011 94.6976242065
213 93.3758239746 94.6246490479
214 93.3815383911 94.600227356
215 93.2640686035 94.5980224609
216 93.3421401978 94.5937347412
217 93.2803649902 94.6111221313
218 93.3639373779 94.5839385986
219 93.33568573 94.5967102051
220 93.3485412598 94.6238555908
221 93.3547897339 94.6091842651
222 93.2837142944 94.6882324219
223 93.3742752075 94.693031311
224 93.3785705566 94.5993499756
225 93.3335952759 94.6150970459
226 93.2686080933 94.589050293
227 93.254776001 94.5551757812
228 93.373374939 94.7109603882
229 93.3191680908 94.6492080688
230 93.3567581177 94.6524658203
231 93.3361358643 94.6460113525
232 93.3530349731 94.6676712036
233 93.3606185913 94.6348571777
234 93.3707351685 94.650138855
235 93.3482589722 94.548789978
236 93.283416748 94.6664962769
237 93.3152008057 94.6421661377
238 93.3058166504 94.6564941406
239 93.3255996704 94.6165390015
240 93.3429260254 94.6440353394
241 93.3563995361 94.6301040649
242 93.2623901367 94.6622695923
243 93.2897796631 94.6397628784
244 93.3262176514 94.6162567139
245 93.3081283569 94.6338577271
246 93.3348770142 94.6124954224
247 93.3359375 94.6190643311
248 93.2911376953 94.653137207
249 93.3370742798 94.5886001587
250 93.2974243164 94.5967941284
251 93.3851547241 94.6260375977
252 93.2784042358 94.545173645
253 93.313079834 94.6724319458
254 93.3438568115 94.6898574829
255 93.3377151489 94.6390762329
256 93.3592300415 94.6253585815
257 93.3637390137 94.5985717773
258 93.3357543945 94.6298599243
259 93.2875671387 94.6062088013
260 93.3805160522 94.5684661865
261 93.321105957 94.6079101562
262 93.3498153687 94.5789413452
263 93.2845993042 94.6585464478
264 93.322013855 94.6007919312
265 93.2762985229 94.5229568481
266 93.3297576904 94.5570373535
267 93.3394165039 94.6136550903
268 93.3263168335 94.602935791
269 93.297416687 94.5670089722
270 93.2813644409 94.6739959717
271 93.2378768921 94.6112289429
272 93.3343048096 94.6138076782
273 93.2896194458 94.6556396484
274 93.3001785278 94.5574493408
275 93.3352966309 94.64037323
276 93.3720169067 94.6924667358
277 93.3092498779 94.6250762939
278 93.3526687622 94.5743789673
279 93.3503799438 94.6842575073
280 93.3598403931 94.5753860474
281 93.2994766235 94.5749588013
282 93.2836990356 94.5912246704
283 93.3285980225 94.6737442017
284 93.3774185181 94.6585693359
285 93.3093948364 94.6318511963
286 93.3727874756 94.640045166
287 93.3228912354 94.5766067505
288 93.3393859863 94.5885391235
289 93.2727584839 94.5828323364
290 93.3530044556 94.5938796997
291 93.2382888794 94.5565261841
292 93.2624893188 94.5213317871
293 93.3507995605 94.6457977295
294 93.30052948 94.5249328613
295 93.2869491577 94.6249465942
296 93.2829666138 94.6072616577
297 93.2572402954 94.6138381958
298 93.3220596313 94.6849975586
299 93.3064651489 94.6491317749
300 93.3302993774 94.5490341187
301 93.2496185303 94.6798171997
302 93.3135452271 94.6115188599
303 93.3424758911 94.6147460938
304 93.3162765503 94.6238632202
305 93.3039779663 94.6174163818
306 93.2859039307 94.5842971802
307 93.3614349365 94.5336532593
308 93.2686538696 94.6511001587
309 93.3014907837 94.6893005371
310 93.3942947388 94.5933074951
311 93.3781280518 94.6326370239
312 93.2737808228 94.5920333862
313 93.335395813 94.6005401611
314 93.3282394409 94.6798019409
315 93.3777313232 94.620513916
316 93.2879104614 94.5646820068
317 93.2905197144 94.6067733765
318 93.2944412231 94.5576019287
319 93.2913589478 94.6882171631
320 93.2253112793 94.6226654053
321 93.3574981689 94.5699691772
322 93.3116989136 94.6317825317
323 93.2945175171 94.5435714722
324 93.2476959229 94.6077804565
325 93.2724456787 94.6660461426
326 93.241973877 94.6028213501
327 93.2613067627 94.6246032715
328 93.2595672607 94.6054763794
329 93.2726898193 94.5466384888
330 93.2741851807 94.585144043
331 93.2323608398 94.5267181396
332 93.2750701904 94.6219940186
333 93.3076248169 94.5981826782
334 93.3080978394 94.5811004639
335 93.3092575073 94.582572937
336 93.3684997559 94.544128418
337 93.3198013306 94.5600280762
338 93.2625350952 94.5866470337
339 93.2667160034 94.6340255737
340 93.2997589111 94.637512207
341 93.2706604004 94.5961990356
342 93.3028945923 94.606262207
343 93.2881011963 94.6152877808
344 93.2820739746 94.5627746582
345 93.3244171143 94.5201950073
346 93.3566741943 94.5154266357
347 93.2825164795 94.5275497437
348 93.2958908081 94.7455825806
349 93.3147583008 94.5761108398
350 93.2690505981 94.6427764893
351 93.3344497681 94.5489425659
352 93.2920608521 94.5614852905
353 93.3207397461 94.6722564697
354 93.2720413208 94.5431365967
355 93.3248596191 94.6505966187
356 93.2914962769 94.5403594971
357 93.2997665405 94.5913696289
358 93.2839813232 94.5255126953
359 93.299079895 94.5793151855
360 93.3424758911 94.5312042236
361 93.2521972656 94.5909957886
362 93.2989349365 94.6622924805
363 93.276260376 94.6907119751
364 93.3082351685 94.5418548584
365 93.2958145142 94.5313110352
366 93.2431564331 94.5705947876
367 93.2320709229 94.5615692139
368 93.3038787842 94.6005706787
369 93.2465591431 94.5456008911
370 93.2807006836 94.6112823486
371 93.2342758179 94.5894317627
372 93.3068008423 94.5535507202
373 93.2888946533 94.580947876
374 93.304473877 94.534538269
375 93.3235549927 94.6034011841
376 93.3054962158 94.5606002808
377 93.2442398071 94.6938781738
378 93.2613449097 94.5799255371
379 93.3135070801 94.6177062988
380 93.2276382446 94.5623016357
381 93.2659378052 94.6075439453
382 93.2609863281 94.5460357666
383 93.2482147217 94.5564727783
384 93.2409973145 94.5896987915
385 93.269859314 94.6455612183
386 93.2583084106 94.4992675781
387 93.2297592163 94.5231628418
388 93.2371063232 94.6094284058
389 93.2713165283 94.5116500854
390 93.2567443848 94.6088943481
391 93.2822952271 94.6003189087
392 93.2687988281 94.6414718628
393 93.2594070435 94.6407470703
394 93.2140960693 94.6065444946
395 93.3043670654 94.5720443726
396 93.2427139282 94.5707931519
397 93.2210006714 94.5838088989
398 93.2256546021 94.5430221558
399 93.2587280273 94.5895385742
400 93.2642593384 94.6060256958
401 93.302116394 94.6569366455
402 93.2748184204 94.4811630249
403 93.2479553223 94.5391921997
404 93.2995376587 94.5565109253
405 93.2900772095 94.5885314941
406 93.24193573 94.5065765381
407 93.2404403687 94.614074707
408 93.2137985229 94.529838562
409 93.2287979126 94.5390396118
410 93.2407150269 94.56615448
411 93.2813339233 94.524230957
412 93.2634658813 94.5945358276
413 93.224281311 94.5579376221
414 93.2441482544 94.5105133057
415 93.2107467651 94.5537338257
416 93.266494751 94.623550415
417 93.2889938354 94.535369873
418 93.2132263184 94.571144104
419 93.214630127 94.5683135986
420 93.2773361206 94.5815887451
421 93.2434768677 94.596786499
422 93.2531356812 94.5275497437
423 93.2782592773 94.5768203735
424 93.2525177002 94.5038375854
425 93.2633972168 94.5792617798
426 93.2388839722 94.5691986084
427 93.1963806152 94.583442688
428 93.2508392334 94.5278320312
429 93.2763595581 94.5550918579
430 93.2506942749 94.4853515625
431 93.2691802979 94.5110321045
432 93.3139343262 94.5713729858
433 93.3080749512 94.5752487183
434 93.2176971436 94.5248565674
435 93.2357788086 94.6284332275
436 93.2034378052 94.6031494141
437 93.2476577759 94.6166229248
438 93.2668991089 94.5985412598
439 93.2664108276 94.5012741089
440 93.2251281738 94.5068511963
441 93.274559021 94.5316696167
442 93.2652206421 94.5329360962
443 93.2598571777 94.5312347412
444 93.2771759033 94.4753952026
445 93.2590789795 94.5517883301
446 93.2320785522 94.5519485474
447 93.1966781616 94.6208877563
448 93.1837768555 94.6418762207
449 93.2279205322 94.5359954834
450 93.2258300781 94.5515441895
451 93.2485198975 94.5506362915
452 93.2984771729 94.5482254028
453 93.2941970825 94.5194320679
454 93.2254180908 94.5555953979
455 93.1909790039 94.5349121094
456 93.2035369873 94.5617980957
457 93.198135376 94.5386352539
458 93.1581802368 94.5073318481
459 93.2488479614 94.5999069214
460 93.2187805176 94.5225448608
461 93.3157577515 94.5507583618
462 93.306388855 94.5004043579
463 93.2338562012 94.5552978516
464 93.2283706665 94.5507965088
465 93.2528076172 94.5714950562
466 93.18019104 94.6038513184
467 93.2607803345 94.5176086426
468 93.2773208618 94.5538864136
469 93.2449111938 94.4731140137
470 93.2530212402 94.5994873047
471 93.2609939575 94.5813751221
472 93.2716751099 94.5441741943
473 93.2474975586 94.4944229126
474 93.1824645996 94.4809112549
475 93.2226791382 94.5744628906
476 93.2636947632 94.5117263794
477 93.1910171509 94.5539855957
478 93.2655181885 94.4553146362
479 93.2996749878 94.533493042
480 93.2148971558 94.5130233765
481 93.2757797241 94.5591201782
482 93.224357605 94.5160369873
483 93.2574386597 94.6476821899
484 93.214050293 94.4692611694
485 93.2555160522 94.4474334717
486 93.243270874 94.6818847656
487 93.2038192749 94.4580764771
488 93.2111740112 94.4733734131
489 93.2106399536 94.5170822144
490 93.2344207764 94.5815505981
491 93.2644577026 94.5863571167
492 93.1942138672 94.4856719971
493 93.2713775635 94.5538787842
494 93.2594985962 94.5130615234
495 93.2784576416 94.5532073975
496 93.2581558228 94.5114212036
497 93.255279541 94.5336380005
498 93.167388916 94.4921951294
499 93.2143554688 94.5891723633
500 93.2052993774 94.4538650513
501 93.1368255615 94.4427566528
502 93.1812057495 94.6009216309
503 93.2038497925 94.5975570679
504 93.1928710938 94.5612945557
505 93.2043685913 94.5103378296
506 93.2228469849 94.513458252
507 93.2160186768 94.548248291
508 93.214263916 94.5117340088
509 93.2184677124 94.43359375
510 93.2489395142 94.5975112915
511 93.2491912842 94.4829940796
512 93.2224197388 94.4776077271
513 93.1856384277 94.596206665
514 93.2104492188 94.5340805054
515 93.2392959595 94.5159835815
516 93.2258377075 94.4828491211
517 93.2294082642 94.5413970947
518 93.1689376831 94.5639724731
519 93.2270889282 94.5779571533
520 93.186668396 94.550201416
521 93.1687850952 94.5866699219
522 93.2356567383 94.5310821533
523 93.184715271 94.6207885742
524 93.2061157227 94.4643325806
525 93.2584762573 94.5597991943
526 93.2138977051 94.4595870972
527 93.239730835 94.5028381348
528 93.2088699341 94.5277709961
529 93.2064743042 94.5618362427
530 93.2085952759 94.5297317505
531 93.2245864868 94.4843063354
532 93.1584243774 94.4979705811
533 93.1707763672 94.493888855
534 93.1886367798 94.5172424316
535 93.2235870361 94.4609985352
536 93.2224807739 94.5135421753
537 93.1803359985 94.5927963257
538 93.2016296387 94.5302124023
539 93.1443557739 94.5179672241
540 93.2511138916 94.5569000244
541 93.271736145 94.5394821167
542 93.1940765381 94.5256347656
543 93.1809539795 94.5532989502
544 93.2024612427 94.4758300781
545 93.2605895996 94.4707717896
546 93.2328186035 94.6512374878
547 93.2027740479 94.5342254639
548 93.2157974243 94.5126571655
549 93.2416000366 94.5576324463
550 93.2249755859 94.531829834
551 93.2451400757 94.5876998901
552 93.1218566895 94.4841690063
553 93.2332611084 94.5079956055
554 93.2731399536 94.5085449219
555 93.2372055054 94.6210632324
556 93.1707000732 94.5751876831
557 93.181060791 94.4862594604
558 93.2441177368 94.4906387329
559 93.146194458 94.506072998
560 93.1791000366 94.4964370728
561 93.2429580688 94.49269104
562 93.174369812 94.5088577271
563 93.1728591919 94.4800491333
564 93.1994400024 94.4948120117
565 93.1630859375 94.4904632568
566 93.2235794067 94.4706344604
567 93.1917800903 94.4771957397
568 93.2244338989 94.5140075684
569 93.2373580933 94.5939254761
570 93.2072143555 94.4680480957
571 93.202835083 94.5329589844
572 93.1846389771 94.5249633789
573 93.2155609131 94.4925842285
574 93.1162567139 94.4563064575
575 93.2026748657 94.5578613281
576 93.1328201294 94.5655822754
577 93.2151412964 94.4577865601
578 93.2430496216 94.5405349731
579 93.1866455078 94.5753097534
580 93.2186965942 94.4892883301
581 93.1430587769 94.5303726196
582 93.1849365234 94.4292221069
583 93.2053070068 94.5317687988
584 93.2357406616 94.4550857544
585 93.2037811279 94.577796936
586 93.1473693848 94.5107040405
587 93.1634979248 94.4978637695
588 93.121055603 94.5539321899
589 93.2342987061 94.4281845093
590 93.1989440918 94.5614242554
591 93.1984100342 94.564956665
592 93.1706008911 94.5022506714
593 93.1612243652 94.5122375488
594 93.1902770996 94.4769363403
595 93.19921875 94.5319747925
596 93.196395874 94.4811401367
597 93.1600570679 94.4605789185
598 93.1335983276 94.540687561
599 93.2462692261 94.5218200684
600 93.2363204956 94.5462722778
601 93.1609344482 94.4841690063
602 93.1563339233 94.4945831299
603 93.2274780273 94.504119873
604 93.2131500244 94.5330963135
605 93.1960678101 94.5519790649
606 93.139755249 94.5063476562
607 93.1482772827 94.4823379517
608 93.1730957031 94.5127944946
609 93.205329895 94.5025939941
610 93.1709747314 94.5109405518
611 93.2034912109 94.433921814
612 93.1475982666 94.5081710815
613 93.2263870239 94.508026123
614 93.2081604004 94.5321502686
615 93.1786956787 94.5762863159
616 93.2031707764 94.463973999
617 93.1477813721 94.4615631104
618 93.1371459961 94.4989318848
619 93.1564712524 94.4801330566
620 93.2133712769 94.459487915
621 93.1508407593 94.5347290039
622 93.2052764893 94.5365600586
623 93.1622848511 94.4977340698
624 93.2383575439 94.5854187012
625 93.1465606689 94.5092697144
626 93.2691802979 94.5378417969
627 93.1743011475 94.5281143188
628 93.1515960693 94.4886322021
629 93.2090301514 94.4988632202
630 93.1971511841 94.4796447754
631 93.2018890381 94.4903488159
632 93.1912078857 94.5113677979
633 93.1359481812 94.4438247681
634 93.1996994019 94.4144134521
635 93.2550048828 94.4578933716
636 93.197227478 94.5162277222
637 93.2014770508 94.477935791
638 93.1667175293 94.5077590942
639 93.1789245605 94.5362930298
640 93.2050857544 94.5260314941
641 93.1625900269 94.4932785034
642 93.1781387329 94.4990386963
643 93.2205276489 94.5093612671
644 93.2226409912 94.5340957642
645 93.1821746826 94.553024292
646 93.2090911865 94.5171737671
647 93.238899231 94.5018234253
648 93.1688613892 94.4912338257
649 93.092414856 94.4530029297
650 93.1659469604 94.4477081299
651 93.1138000488 94.4387664795
652 93.1660385132 94.5610656738
653 93.1878204346 94.439239502
654 93.1344299316 94.5028991699
655 93.1749954224 94.4973602295
656 93.1697540283 94.4446487427
657 93.2001953125 94.5533218384
658 93.1732559204 94.4422912598
659 93.1233978271 94.5435638428
660 93.1730194092 94.4357452393
661 93.198928833 94.4666824341
662 93.1083602905 94.4665374756
663 93.129776001 94.5488815308
664 93.1660308838 94.4412078857
665 93.1817855835 94.4927215576
666 93.161567688 94.5116195679
667 93.1725540161 94.4652862549
668 93.1630783081 94.4187240601
669 93.1870193481 94.5192947388
670 93.1708374023 94.5276794434
671 93.1253509521 94.519241333
672 93.1849975586 94.418182373
673 93.1049041748 94.4938201904
674 93.163269043 94.4917678833
675 93.1196594238 94.5459136963
676 93.1684570312 94.4750976562
677 93.1066970825 94.4378662109
678 93.1446380615 94.4029541016
679 93.2473068237 94.4906845093
680 93.137588501 94.4473724365
681 93.1458587646 94.550201416
682 93.1728210449 94.5148696899
683 93.171836853 94.407989502
684 93.158416748 94.4632720947
685 93.1415557861 94.4854888916
686 93.1517562866 94.5093078613
687 93.2274780273 94.4621887207
688 93.14818573 94.4471588135
689 93.1246185303 94.4883880615
690 93.1397247314 94.4813690186
691 93.1410598755 94.4593505859
692 93.1310882568 94.5200500488
693 93.1115646362 94.3792877197
694 93.1570358276 94.509727478
695 93.2324905396 94.4858627319
696 93.1713180542 94.4503936768
697 93.1405181885 94.4602737427
698 93.1203613281 94.4657516479
699 93.1577606201 94.4055938721
700 93.0962982178 94.4425201416
701 93.1592102051 94.4675598145
702 93.1159896851 94.4917526245
703 93.1910552979 94.4733581543
704 93.1476593018 94.5471496582
705 93.0804977417 94.4115524292
706 93.1698989868 94.4459533691
707 93.2049789429 94.4407501221
708 93.1543960571 94.4965438843
709 93.1169052124 94.4438247681
710 93.1898193359 94.502784729
711 93.1014404297 94.505065918
712 93.126914978 94.5056381226
713 93.1044540405 94.5220870972
714 93.11743927 94.5651321411
715 93.1509780884 94.4986114502
716 93.1660842896 94.4703216553
717 93.166305542 94.4332504272
718 93.1336212158 94.4891738892
719 93.1454162598 94.3696365356
720 93.0765762329 94.4377822876
721 93.1709976196 94.4568710327
722 93.1117858887 94.4372940063
723 93.1396179199 94.4692840576
724 93.1126785278 94.465713501
725 93.1274795532 94.4739303589
726 93.1112594604 94.5179443359
727 93.0989379883 94.4422302246
728 93.1954803467 94.5404205322
729 93.139755249 94.4433822632
730 93.1632461548 94.4100265503
731 93.1550140381 94.4409103394
732 93.2016448975 94.482383728
733 93.1937408447 94.440032959
734 93.1044387817 94.3905334473
735 93.1066207886 94.5251693726
736 93.1059799194 94.5003356934
737 93.159286499 94.396270752
738 93.1608886719 94.4959869385
739 93.1442565918 94.4776763916
740 93.1053543091 94.459487915
741 93.1099395752 94.4048995972
742 93.1959152222 94.3788909912
743 93.148109436 94.4223480225
744 93.1437072754 94.4470596313
745 93.1779403687 94.5858535767
746 93.1168441772 94.4188842773
747 93.1161193848 94.4189758301
748 93.1083679199 94.5291137695
749 93.0887374878 94.438079834
750 93.1288604736 94.5227508545
751 93.1286087036 94.4353637695
752 93.0985488892 94.5099945068
753 93.1358413696 94.4009857178
754 93.1305770874 94.4749984741
755 93.1632385254 94.5216827393
756 93.161819458 94.4725341797
757 93.1212310791 94.5042495728
758 93.1004486084 94.4344863892
759 93.2116012573 94.4298400879
760 93.1566009521 94.3827972412
761 93.2031173706 94.3862075806
762 93.1209106445 94.4449691772
763 93.1175994873 94.4705963135
764 93.148475647 94.5143508911
765 93.10987854 94.5240402222
766 93.0911407471 94.4428634644
767 93.1561508179 94.5183563232
768 93.0816650391 94.4299316406
769 93.1697463989 94.467048645
770 93.1013412476 94.430305481
771 93.1261901855 94.4787826538
772 93.1082000732 94.4772567749
773 93.1719741821 94.4519119263
774 93.1243896484 94.4685440063
775 93.1100158691 94.4700012207
776 93.0612258911 94.4314117432
777 93.111114502 94.3802185059
778 93.1495742798 94.4440689087
779 92.9976043701 94.4181137085
780 93.1527557373 94.3574752808
781 93.1026306152 94.4317321777
782 93.1091766357 94.4294128418
783 93.1415100098 94.4464874268
784 93.1225204468 94.4243011475
785 93.1045150757 94.4752731323
786 93.1116790771 94.424369812
787 93.1143569946 94.4765014648
788 93.1071395874 94.4282836914
789 93.1518249512 94.4937438965
790 93.133644104 94.4737701416
791 93.0863189697 94.4420013428
792 93.1182098389 94.452911377
793 93.1237792969 94.5027313232
794 93.1207962036 94.3859863281
795 93.0810470581 94.3756484985
796 93.0741043091 94.4254455566
797 93.0949783325 94.4789199829
798 93.2029800415 94.3313369751
799 93.1819992065 94.41771698
800 93.0660552979 94.4547958374
801 93.0596694946 94.4563598633
802 93.0932998657 94.5139770508
803 93.0994796753 94.4701843262
804 93.117149353 94.4473876953
805 93.1373748779 94.3483200073
806 93.0747070312 94.4294128418
807 93.1353988647 94.3919296265
808 93.1127166748 94.4774246216
809 93.1173248291 94.4321136475
810 93.1059951782 94.4085617065
811 93.1145401001 94.3844070435
812 93.1559143066 94.3251953125
813 93.1377410889 94.427734375
814 93.1321105957 94.4709625244
815 93.1374282837 94.4013442993
816 93.1579208374 94.4268035889
817 93.0895004272 94.3441390991
818 93.0547485352 94.4579238892
819 93.0769805908 94.4483566284
820 93.0719680786 94.3707199097
821 93.0865859985 94.4283218384
822 93.1361465454 94.3839263916
823 93.112487793 94.4416122437
824 93.0880966187 94.4569244385
825 93.0800247192 94.4376449585
826 93.1270065308 94.3995361328
827 93.1303405762 94.4203262329
828 93.067817688 94.4094696045
829 93.1583938599 94.5068740845
830 93.1040344238 94.5055465698
831 93.1303482056 94.3989715576
832 93.0586166382 94.4743728638
833 93.0706176758 94.3821868896
834 93.1413497925 94.4479827881
835 93.0748138428 94.3974761963
836 93.1391601562 94.4289855957
837 93.1803207397 94.4614715576
838 93.0417098999 94.3879623413
839 93.1286773682 94.4560317993
840 93.0599212646 94.3652191162
841 93.1377792358 94.4390792847
842 93.1449813843 94.4059066772
843 93.089805603 94.4130783081
844 93.1320495605 94.4501190186
845 93.0715179443 94.4192581177
846 93.1147613525 94.4421234131
847 93.0732345581 94.3982315063
848 93.1404953003 94.4454574585
849 93.0969543457 94.4422988892
850 93.0702896118 94.3952865601
851 93.0710983276 94.5114974976
852 93.0681762695 94.4176254272
853 93.0466079712 94.4491043091
854 93.1163864136 94.3557510376
855 93.0647583008 94.3718719482
856 93.1385192871 94.4427871704
857 93.1418991089 94.4368133545
858 93.1112594604 94.4737243652
859 93.0972900391 94.4437942505
860 93.059967041 94.3976821899
861 93.0851974487 94.4121322632
862 93.1269073486 94.4409866333
863 93.1386795044 94.4009094238
864 93.1287994385 94.4368133545
865 93.1397781372 94.4413223267
866 93.0073471069 94.3840942383
867 93.0941009521 94.3820571899
868 93.1133956909 94.4101104736
869 93.1129455566 94.504776001
870 93.1135406494 94.4036254883
871 93.1011581421 94.4781723022
872 93.0862960815 94.4260253906
873 93.0598144531 94.380569458
874 93.0921554565 94.4181594849
875 93.1028366089 94.3777389526
876 93.0816192627 94.4007949829
877 93.1221847534 94.2641143799
878 93.1255493164 94.521987915
879 93.0272750854 94.4152832031
880 93.1053161621 94.3551864624
881 93.0484313965 94.4711608887
882 93.1852645874 94.3552322388
883 93.0694351196 94.3750610352
884 93.0667800903 94.4235992432
885 93.0323867798 94.4699935913
886 93.0448760986 94.41456604
887 93.0904998779 94.3843078613
888 93.0732345581 94.3911590576
889 93.130569458 94.3906784058
890 93.0444259644 94.4296035767
891 93.0352859497 94.3991317749
892 93.0750579834 94.3741378784
893 93.1439208984 94.4209213257
894 93.0764770508 94.4017333984
895 92.9935150146 94.3872528076
896 93.0471496582 94.3342971802
897 93.0702667236 94.4033508301
898 93.1130981445 94.418762207
899 93.0386962891 94.3895492554
900 93.0915374756 94.5102996826
901 93.0686340332 94.3633575439
902 93.1198196411 94.3667068481
903 93.0776367188 94.4401473999
904 93.0880584717 94.4683532715
905 93.030418396 94.3849029541
906 93.0121688843 94.4279708862
907 93.0993652344 94.3983612061
908 93.1305389404 94.470413208
909 93.0764770508 94.4182662964
910 93.0586471558 94.3665008545
911 93.0083389282 94.4113388062
912 93.0305786133 94.2773361206
913 93.0353775024 94.3992080688
914 93.066734314 94.4152679443
915 93.1403961182 94.4953308105
916 93.0321350098 94.3944320679
917 93.1173400879 94.4160614014
918 93.1087112427 94.5058441162
919 93.0756759644 94.3547821045
920 93.103187561 94.4135742188
921 93.113494873 94.4666366577
922 93.0330810547 94.3731231689
923 93.0687713623 94.4144897461
924 93.0409469604 94.4236450195
925 93.1079788208 94.34765625
926 93.0825195312 94.4124069214
927 93.0831298828 94.3968658447
928 93.0665206909 94.4534454346
929 93.0895004272 94.3728103638
930 93.0546951294 94.4742507935
931 93.1213989258 94.3301696777
932 93.0650939941 94.3705825806
933 93.0911178589 94.4175720215
934 93.0712585449 94.2892837524
935 93.0367050171 94.4316329956
936 93.0704650879 94.3814544678
937 93.0316085815 94.3811569214
938 93.0397644043 94.4011993408
939 93.0975112915 94.3812484741
940 93.0553894043 94.4456634521
941 93.0743560791 94.3781814575
942 93.0811386108 94.3894882202
943 93.034614563 94.348274231
944 93.0683364868 94.3840713501
945 93.081451416 94.4356536865
946 93.0751342773 94.421875
947 93.0340270996 94.4068984985
948 93.0846862793 94.3539810181
949 93.0819396973 94.3868637085
950 93.0286407471 94.4739685059
951 93.1175613403 94.3703613281
952 93.0839538574 94.3808517456
953 93.0486602783 94.3821487427
954 93.0248794556 94.4496154785
955 93.0481338501 94.3887634277
956 93.0794372559 94.4443893433
957 93.0910949707 94.3798141479
958 93.0263977051 94.3679962158
959 93.0629043579 94.3431625366
960 92.999206543 94.3761138916
961 93.0638809204 94.3350296021
962 93.0694198608 94.4295959473
963 93.0431671143 94.3911743164
964 92.9985580444 94.3737335205
965 93.0855560303 94.429069519
966 93.0434188843 94.3388977051
967 93.0313873291 94.4207992554
968 93.0546569824 94.3416137695
969 93.0409469604 94.3014068604
970 93.0595397949 94.3348617554
971 93.0879974365 94.3244934082
972 93.00730896 94.3691940308
973 93.0438766479 94.4230957031
974 93.0638580322 94.2811203003
975 93.0314102173 94.3290252686
976 93.0829162598 94.4270248413
977 93.0639801025 94.423576355
978 93.0388412476 94.3648757935
979 93.0130996704 94.5038375854
980 92.985496521 94.3695068359
981 93.0859985352 94.4128341675
982 93.1125564575 94.3703155518
983 93.011138916 94.3300704956
984 93.0165176392 94.3586730957
985 93.0053405762 94.3940429688
986 93.1196899414 94.3957901001
987 93.0125350952 94.3678894043
988 93.0422439575 94.3666915894
989 93.0119400024 94.2783203125
990 93.047454834 94.4585266113
991 93.0667495728 94.3535842896
992 93.0053405762 94.2826385498
993 93.0828170776 94.3483123779
994 93.0422592163 94.3776550293
995 93.0975646973 94.4494247437
996 93.03515625 94.3518753052
997 93.0448379517 94.3217773438
998 93.0540771484 94.4287567139
999 93.0522003174 94.3712158203
1000 93.0697250366 94.3454589844
1001 93.0427856445 94.3632888794
1002 93.0068206787 94.4288330078
1003 93.0683364868 94.4497756958
1004 93.0030212402 94.3976211548
1005 93.0049667358 94.386932373
1006 93.0619277954 94.3370132446
1007 92.9912948608 94.3062133789
1008 93.0249404907 94.3418197632
1009 93.0595169067 94.3971481323
1010 93.0755462646 94.3473892212
1011 93.0366744995 94.3965072632
1012 93.0313644409 94.3409194946
1013 93.0323791504 94.3479537964
1014 93.0451812744 94.3241577148
1015 93.0696792603 94.3247833252
1016 93.0523300171 94.3858108521
1017 93.0516204834 94.3238067627
1018 93.0271759033 94.4430389404
1019 93.0448150635 94.3173294067
1020 93.0335083008 94.3638839722
1021 93.0474090576 94.3256759644
1022 93.0214157104 94.4420089722
1023 93.0504455566 94.4042510986
1024 93.0330047607 94.3867950439
1025 93.05493927 94.3320083618
1026 93.0950012207 94.3630065918
1027 93.032699585 94.4078445435
1028 93.0194168091 94.3608627319
1029 93.0590057373 94.2966995239
1030 93.0223999023 94.3225097656
1031 93.1085739136 94.3932571411
1032 93.0337142944 94.3727874756
1033 93.1209793091 94.3926315308
1034 93.043586731 94.4301071167
1035 93.0586013794 94.4459762573
1036 93.0099411011 94.4208450317
1037 93.0136413574 94.3675994873
1038 93.0058059692 94.422088623
1039 92.9923171997 94.3541870117
1040 93.0502166748 94.3460693359
1041 93.0433273315 94.3936233521
1042 93.023727417 94.3911514282
1043 93.0592956543 94.4191131592
1044 93.0450286865 94.3448562622
1045 93.0216369629 94.3618621826
1046 93.0296707153 94.3841018677
1047 93.0476455688 94.4531402588
1048 93.0037155151 94.3084335327
1049 92.9664993286 94.415725708
1050 92.9899673462 94.4135818481
1051 93.0218811035 94.4217987061
1052 93.0362091064 94.3037261963
1053 92.9721908569 94.3636245728
1054 93.0388412476 94.3213577271
1055 93.0535888672 94.3681716919
1056 93.024017334 94.3668746948
1057 92.9658584595 94.3674697876
1058 93.0545349121 94.4516830444
1059 93.0349807739 94.3530197144
1060 93.0036392212 94.3549499512
1061 93.0163192749 94.2816467285
1062 92.9934005737 94.4043045044
1063 92.9857788086 94.3614578247
1064 93.0587539673 94.4525146484
1065 93.0425491333 94.3206863403
1066 92.9861602783 94.368888855
1067 92.9832000732 94.4152832031
1068 92.976776123 94.3474578857
1069 93.0452194214 94.4077835083
1070 93.067489624 94.3895263672
1071 92.9870605469 94.3649597168
1072 93.0116577148 94.2961502075
1073 93.0188064575 94.4063415527
1074 93.0317611694 94.372756958
1075 93.0279388428 94.3761444092
1076 93.0739593506 94.2597503662
1077 93.0302963257 94.4184112549
1078 93.0310745239 94.456413269
1079 93.0204544067 94.3493499756
1080 93.0328063965 94.4642333984
1081 93.0632400513 94.3551635742
1082 93.049987793 94.3695220947
1083 92.985458374 94.3754501343
1084 93.0594406128 94.3467254639
1085 93.0835342407 94.4158630371
1086 93.0164871216 94.3559951782
1087 93.0142059326 94.3427734375
1088 93.0230941772 94.3791427612
1089 93.0230407715 94.3770675659
1090 93.0135879517 94.2994003296
1091 93.0482177734 94.3537216187
1092 93.0180206299 94.3617477417
1093 93.0177001953 94.3583755493
1094 92.9783172607 94.3685836792
1095 93.0216140747 94.343208313
1096 93.0087966919 94.2457504272
1097 93.0355758667 94.3684005737
1098 93.0506668091 94.2980804443
1099 92.9853363037 94.3034210205
1100 93.0387039185 94.3639678955
1101 92.9466400146 94.3783187866
1102 92.989906311 94.3598403931
1103 92.9968490601 94.3535232544
1104 93.0252075195 94.3545150757
1105 93.0387802124 94.3161392212
1106 92.9348678589 94.3381576538
1107 93.0028076172 94.3489456177
1108 93.0314941406 94.2493133545
1109 93.0473556519 94.3981399536
1110 93.0150604248 94.342338562
1111 93.0459594727 94.3689575195
1112 93.0078353882 94.3764648438
1113 92.9816360474 94.2988510132
1114 93.0414276123 94.3463134766
1115 92.9733352661 94.3466110229
1116 92.9938049316 94.3760070801
1117 93.0011138916 94.3383483887
1118 93.0317001343 94.3521728516
1119 93.0283889771 94.2705688477
1120 92.9915084839 94.3273010254
1121 93.0003585815 94.4019241333
1122 93.0434570312 94.3679275513
1123 93.0248794556 94.3000259399
1124 93.0349807739 94.4122619629
1125 93.0618362427 94.3399124146
1126 92.9816970825 94.3706817627
1127 92.9535980225 94.3161697388
1128 92.976600647 94.3094940186
1129 92.9714279175 94.3633575439
1130 93.0223846436 94.269821167
1131 92.9626464844 94.2972183228
1132 92.9529342651 94.4124450684
1133 93.0186767578 94.3403091431
1134 93.0046463013 94.3243484497
1135 92.9791488647 94.2953262329
1136 92.996925354 94.3459014893
1137 93.034034729 94.3354263306
1138 93.0203475952 94.3133010864
1139 93.0116653442 94.3379211426
1140 92.976776123 94.3234939575
1141 93.0429000854 94.3291473389
1142 92.9864959717 94.3464584351
1143 92.9416046143 94.2677001953
1144 92.9981384277 94.4327468872
1145 92.9784240723 94.4019088745
1146 92.9869689941 94.3486785889
1147 93.0149154663 94.3142700195
1148 92.9476776123 94.3037567139
1149 92.967956543 94.286819458
1150 93.0047073364 94.321105957
1151 93.0287246704 94.3682327271
1152 92.9737548828 94.3187637329
1153 93.0632553101 94.3249893188
1154 92.9996795654 94.3700180054
1155 92.9520797729 94.3268814087
1156 92.9829788208 94.2890777588
1157 92.9925994873 94.294128418
1158 92.9741592407 94.3681564331
1159 93.0335540771 94.3925552368
1160 92.9750976562 94.3555984497
1161 93.0437774658 94.2975006104
1162 93.0012741089 94.3474349976
1163 93.0035171509 94.2955703735
1164 92.9426498413 94.3238449097
1165 92.9537811279 94.3804550171
1166 92.9894790649 94.3769760132
1167 93.0058746338 94.2881240845
1168 92.9871139526 94.2959899902
1169 93.001335144 94.3893814087
1170 92.9984283447 94.373588562
1171 92.9452362061 94.4130630493
1172 92.9592971802 94.329498291
1173 92.9908065796 94.2805862427
1174 92.9356460571 94.2922515869
1175 93.0146255493 94.281288147
1176 92.9816741943 94.4171066284
1177 93.0496368408 94.3475494385
1178 92.9852294922 94.3473892212
1179 93.0400390625 94.3030090332
1180 92.9785614014 94.2852172852
1181 92.9546356201 94.3031082153
1182 93.0644454956 94.3785095215
1183 93.0233306885 94.2919082642
1184 93.0156173706 94.3224945068
1185 92.9243392944 94.2836227417
1186 92.9667358398 94.3932113647
1187 93.0576477051 94.3588867188
1188 93.0008468628 94.3484573364
1189 92.9528045654 94.3081130981
1190 93.0154953003 94.4288330078
1191 93.0224990845 94.3452072144
1192 93.0278167725 94.3095550537
1193 92.9823989868 94.3223190308
1194 92.9666595459 94.2548370361
1195 92.9775772095 94.2300567627
1196 92.9903488159 94.2505722046
1197 92.9316940308 94.2962493896
1198 93.0114593506 94.355255127
1199 92.9459838867 94.382232666
1200 92.9356079102 94.3311004639
1201 93.0004348755 94.2836074829
1202 92.9572982788 94.3969192505
1203 92.8949813843 94.3080444336
1204 93.0089263916 94.3304443359
1205 92.9268264771 94.3113250732
1206 92.9785614014 94.3104705811
1207 92.9558181763 94.3854751587
1208 93.0310974121 94.3512039185
1209 93.0335083008 94.3716278076
1210 92.9667358398 94.31690979
1211 92.9220962524 94.2680511475
1212 92.9799804688 94.2674255371
1213 92.9481582642 94.3336257935
1214 93.0001983643 94.3128051758
1215 92.9940948486 94.4681930542
1216 92.9197158813 94.2583007812
1217 92.9950256348 94.2789382935
1218 92.9529571533 94.3345870972
1219 93.0096969604 94.3185424805
1220 92.9469680786 94.3897476196
1221 92.995300293 94.3129730225
1222 92.9628677368 94.2671813965
1223 93.0178146362 94.3552703857
1224 92.9542160034 94.2871398926
1225 93.0022354126 94.290397644
1226 93.0152053833 94.2916183472
1227 93.0301361084 94.3019485474
1228 93.0203704834 94.3541870117
1229 92.9409179688 94.2900390625
1230 92.9508209229 94.2317504883
1231 92.9703979492 94.3107910156
1232 92.9777755737 94.2872695923
1233 93.0043563843 94.3599700928
1234 92.9732055664 94.3249969482
1235 92.9427185059 94.3320388794
1236 92.9440002441 94.3259124756
1237 92.9873886108 94.3253860474
1238 92.8859558105 94.3702316284
1239 92.9811553955 94.3525466919
1240 93.0008544922 94.3327789307
1241 92.9720153809 94.2572937012
1242 92.959777832 94.3611984253
1243 92.9549484253 94.2400665283
1244 92.9710998535 94.3424911499
1245 92.9538574219 94.2701263428
1246 92.9390563965 94.2287063599
1247 93.0188751221 94.2996368408
1248 93.0180587769 94.4489440918
1249 92.9784088135 94.2339248657
1250 92.9335098267 94.318977356
1251 92.9601364136 94.3977355957
1252 93.0197982788 94.399887085
1253 92.8935699463 94.3145980835
1254 92.9589004517 94.3881072998
1255 92.923576355 94.3071746826
1256 92.9688949585 94.3157958984
1257 92.9188995361 94.397819519
1258 92.967918396 94.3379592896
1259 92.9835968018 94.3393630981
1260 92.9454803467 94.3080596924
1261 92.9267959595 94.2805786133
1262 92.898979187 94.2888870239
1263 92.9879989624 94.2598876953
1264 92.9459991455 94.231628418
1265 93.0382385254 94.3645172119
1266 92.9941253662 94.3257751465
1267 92.9262161255 94.3458328247
1268 92.9594497681 94.3274078369
1269 92.9360809326 94.2602996826
1270 92.9546661377 94.2802886963
1271 92.9583053589 94.3044967651
1272 92.9144592285 94.262588501
1273 92.8898544312 94.3154067993
1274 92.9750747681 94.3012313843
1275 92.9659881592 94.2543563843
1276 92.9587860107 94.3314208984
1277 92.9239501953 94.2914123535
1278 92.9380874634 94.307472229
1279 92.9321594238 94.3058929443
1280 92.9696884155 94.2299880981
1281 92.951210022 94.2844390869
1282 92.9468078613 94.3497467041
1283 92.9213104248 94.3627624512
1284 92.9622879028 94.3528442383
1285 92.9178543091 94.288848877
1286 92.9966583252 94.2831954956
1287 93.0011138916 94.3084335327
1288 92.9995574951 94.2926254272
1289 92.9647750854 94.3015670776
1290 92.9906768799 94.3131256104
1291 92.9512786865 94.3031005859
1292 92.9073410034 94.1589126587
1293 92.9427566528 94.3260498047
1294 92.9104156494 94.2303009033
1295 92.9667892456 94.282081604
1296 92.9651565552 94.4088973999
1297 92.898475647 94.1818618774
1298 92.9833602905 94.2331314087
1299 92.960899353 94.2687225342
1300 92.9460601807 94.3172988892
1301 93.0122909546 94.2626342773
1302 92.9305953979 94.2722091675
1303 92.9254455566 94.2923660278
1304 92.9110565186 94.347869873
1305 92.9552841187 94.2619247437
1306 92.9202346802 94.2902374268
1307 92.9812011719 94.2921981812
1308 92.9627990723 94.3005371094
1309 92.9370956421 94.2238540649
1310 93.0106201172 94.2885055542
1311 92.8917999268 94.2613449097
1312 92.950340271 94.246963501
1313 92.9510192871 94.3427505493
1314 92.9190750122 94.2720870972
1315 93.0282745361 94.3635482788
1316 92.9838485718 94.3327789307
1317 92.9481506348 94.2938690186
1318 92.9560852051 94.2816009521
1319 93.0050964355 94.3833694458
1320 92.9340362549 94.3769989014
1321 92.9807357788 94.3088531494
1322 92.9455413818 94.3408966064
1323 92.9201812744 94.3307723999
1324 92.9081268311 94.2483901978
1325 92.970954895 94.2962646484
1326 92.9532470703 94.311416626
1327 92.9546813965 94.3378829956
1328 92.9841766357 94.3854217529
1329 92.9243469238 94.2805862427
1330 92.9304580688 94.2349319458
1331 92.892036438 94.2965545654
1332 92.8937606812 94.3429260254
1333 92.9429168701 94.3239364624
1334 92.9989471436 94.3299713135
1335 92.9167404175 94.2555847168
1336 92.9198608398 94.3306503296
1337 92.889175415 94.3323440552
1338 92.9332809448 94.2497558594
1339 92.9499969482 94.2429962158
1340 92.9141769409 94.2276000977
1341 92.9066696167 94.3250656128
1342 92.8961410522 94.2501602173
1343 92.9167251587 94.3168182373
1344 93.0044403076 94.3436508179
1345 92.9314498901 94.3546524048
1346 92.9137802124 94.3248825073
1347 92.9018173218 94.2680511475
1348 92.9678955078 94.3357620239
1349 92.9631195068 94.3083267212
1350 92.9642944336 94.2483596802
1351 92.9332809448 94.3307876587
1352 92.972366333 94.2705383301
1353 93.0165405273 94.2669067383
1354 92.9840393066 94.2602844238
1355 92.9319152832 94.3536071777
1356 92.9106369019 94.269569397
1357 92.9250411987 94.2878646851
1358 92.9299163818 94.2688980103
1359 92.8923797607 94.2301254272
1360 92.9489364624 94.2379684448
1361 92.9005050659 94.251411438
1362 92.9426193237 94.3775100708
1363 92.9724578857 94.2811431885
1364 92.8669052124 94.2621841431
1365 92.8742599487 94.2759628296
1366 92.9027862549 94.3081893921
1367 92.9352874756 94.3270263672
1368 92.9124755859 94.2573013306
1369 92.914604187 94.2418441772
1370 92.9396362305 94.3158493042
1371 92.9446411133 94.3185348511
1372 92.94581604 94.2639007568
1373 92.9181365967 94.2520828247
1374 92.9028091431 94.263092041
1375 92.9665145874 94.1607513428
1376 92.9108810425 94.2866744995
1377 92.9641189575 94.3282241821
1378 92.9448776245 94.3766098022
1379 93.0040206909 94.258934021
1380 92.8910369873 94.2555007935
1381 92.8787384033 94.3509750366
1382 92.8951797485 94.2315597534
1383 92.8849639893 94.1811447144
1384 92.9611282349 94.2824020386
1385 92.9212493896 94.1889953613
1386 92.910446167 94.2505874634
1387 92.8849639893 94.274810791
1388 92.9269790649 94.2021713257
1389 92.8367385864 94.2403488159
1390 92.912651062 94.290435791
1391 92.9390182495 94.3207092285
1392 92.8657302856 94.3687820435
1393 92.9449996948 94.2933731079
1394 92.851020813 94.1903457642
1395 92.8822479248 94.3015441895
1396 92.8921813965 94.2873382568
1397 92.8594665527 94.3028488159
1398 92.9445343018 94.2127380371
1399 92.9207305908 94.2064056396
1400 92.8456802368 94.2550888062
1401 92.825668335 94.2175064087
1402 92.8613967896 94.2977142334
1403 92.9362564087 94.2851257324
1404 92.898399353 94.2444839478
1405 92.957824707 94.2669296265
1406 92.9658813477 94.268081665
1407 92.9316558838 94.2300491333
1408 92.8835754395 94.3193817139
1409 92.93019104 94.1902236938
1410 92.9199142456 94.2969818115
1411 93.0043258667 94.297706604
1412 92.9377975464 94.2218093872
1413 92.9418182373 94.2557830811
1414 92.9322967529 94.2958374023
1415 92.9296569824 94.326675415
1416 93.0254592896 94.2402648926
1417 92.9421539307 94.2656021118
1418 92.9231567383 94.2646942139
1419 92.9605789185 94.2621536255
1420 92.8883209229 94.2476577759
1421 92.899520874 94.3797683716
1422 92.9562759399 94.1875076294
1423 92.8449478149 94.2853240967
1424 92.8452377319 94.2266921997
1425 92.9257659912 94.2657470703
1426 92.9362564087 94.3522109985
1427 92.8465805054 94.2838516235
1428 92.8683547974 94.2006378174
1429 92.9504013062 94.2846832275
1430 92.8730010986 94.2140579224
1431 92.9948806763 94.249786377
1432 92.9017944336 94.2399291992
1433 92.976234436 94.2497940063
1434 92.8970565796 94.2898330688
1435 92.9322891235 94.2542266846
1436 92.8707199097 94.2665786743
1437 92.8975372314 94.2679443359
1438 92.9641952515 94.2370147705
1439 92.9124450684 94.2662582397
1440 92.9370193481 94.3171386719
1441 92.89503479 94.2794342041
1442 92.9104766846 94.2599105835
1443 92.9312973022 94.2779388428
1444 92.9269561768 94.2409591675
1445 92.8832550049 94.2756118774
1446 92.9107513428 94.2461013794
1447 92.9302444458 94.2799758911
1448 92.8780975342 94.2576751709
1449 92.8680953979 94.2744750977
1450 92.8857574463 94.3040008545
1451 92.8941955566 94.2990112305
1452 92.8794784546 94.2465667725
1453 92.9188995361 94.3631134033
1454 92.8398513794 94.2702636719
1455 92.9022979736 94.3122406006
1456 92.9180679321 94.2782821655
1457 92.8985900879 94.2526626587
1458 92.9050369263 94.2719116211
1459 92.8857879639 94.2661895752
1460 92.9326553345 94.3078994751
1461 92.8649368286 94.248085022
1462 92.9050292969 94.2805252075
1463 92.8334350586 94.2728500366
1464 92.8858413696 94.3061599731
1465 92.8529968262 94.2578964233
1466 92.8854370117 94.1933441162
1467 92.8921661377 94.2822189331
1468 92.9453887939 94.2648162842
1469 92.9517364502 94.3112945557
1470 92.9030151367 94.2745819092
1471 92.9175186157 94.1853866577
1472 92.8433685303 94.1733322144
1473 92.9132995605 94.2869110107
1474 92.8866500854 94.2472763062
1475 92.9220581055 94.2585754395
1476 92.9261169434 94.2821121216
1477 92.8700180054 94.2278137207
1478 92.9032363892 94.3198699951
1479 92.9060974121 94.2891693115
1480 92.9076156616 94.245513916
1481 92.8948669434 94.1980133057
1482 92.8982543945 94.1884002686
1483 92.8854751587 94.2773971558
1484 92.932258606 94.2995223999
1485 92.9226913452 94.2201843262
1486 92.8595962524 94.2659683228
1487 92.9069976807 94.2256698608
1488 92.9324798584 94.2557678223
1489 92.9134750366 94.3343353271
1490 92.8568191528 94.2372512817
1491 92.8684158325 94.2550506592
1492 92.870300293 94.2747497559
1493 92.9529953003 94.2678604126
1494 92.8999176025 94.2512512207
1495 92.8633575439 94.2527008057
1496 92.8935699463 94.263343811
1497 92.8965606689 94.2533721924
1498 92.8642654419 94.2300491333
1499 92.8868408203 94.2812576294
1500 92.9562606812 94.2803955078
1501 92.9350204468 94.2400741577
1502 92.9002990723 94.2980041504
1503 92.8333740234 94.2462310791
1504 92.8963394165 94.4038314819
1505 92.9233551025 94.2857818604
1506 92.9143371582 94.2655181885
1507 92.9350967407 94.2223358154
1508 92.9253158569 94.2701568604
1509 92.8834991455 94.2163848877
1510 92.8849258423 94.2133102417
1511 92.9032211304 94.2774505615
1512 92.8977813721 94.2459793091
1513 92.9105148315 94.2696456909
1514 92.8562011719 94.2861709595
1515 92.917137146 94.2363128662
1516 92.9090805054 94.2969207764
1517 92.8567962646 94.2978210449
1518 92.9027404785 94.2749404907
1519 92.9105606079 94.2780990601
1520 92.8498153687 94.2756500244
1521 92.8947067261 94.2525024414
1522 92.8749542236 94.2300567627
1523 92.8724975586 94.226524353
1524 92.8857498169 94.259513855
1525 92.8565979004 94.2294387817
1526 92.8797149658 94.3256072998
1527 92.8577346802 94.2459564209
1528 92.878578186 94.2199325562
1529 92.8506698608 94.2282867432
1530 92.8667678833 94.2098236084
1531 92.8801345825 94.2113647461
1532 92.8792800903 94.2482070923
1533 92.8204040527 94.193069458
1534 92.8182983398 94.2292251587
1535 92.8530578613 94.2010879517
1536 92.8813781738 94.2629852295
1537 92.9194488525 94.2492599487
1538 92.8423156738 94.1601257324
1539 92.9016113281 94.2644882202
1540 92.8683395386 94.2718505859
1541 92.9213867188 94.2378921509
1542 92.8217544556 94.2380599976
1543 92.9330444336 94.2390823364
1544 92.8620605469 94.2480163574
1545 92.9234542847 94.3019790649
1546 92.8945465088 94.1706390381
1547 92.8615570068 94.2150344849
1548 92.9115371704 94.2411651611
1549 92.9295883179 94.3529891968
1550 92.893989563 94.2229156494
1551 92.7741241455 94.1957321167
1552 92.8573913574 94.2789382935
1553 92.8399887085 94.2658233643
1554 92.8827514648 94.3191833496
1555 92.8960342407 94.3215255737
1556 92.8734359741 94.1722946167
1557 92.8903884888 94.2196884155
1558 92.8379364014 94.2543716431
1559 92.8847961426 94.2583618164
1560 92.8563690186 94.24659729
1561 92.9180297852 94.3085327148
1562 92.8918151855 94.2668685913
1563 92.9085769653 94.2778244019
1564 92.8809967041 94.2131195068
1565 92.8961868286 94.1978225708
1566 92.9067840576 94.2747573853
1567 92.8256912231 94.1542510986
1568 92.8552856445 94.1883087158
1569 92.8810348511 94.263710022
1570 92.851600647 94.2791976929
1571 92.910118103 94.2388076782
1572 92.9074554443 94.2498092651
1573 92.898475647 94.2933502197
1574 92.8586196899 94.3104171753
1575 92.8802261353 94.2519073486
1576 92.9270782471 94.2583465576
1577 92.8549575806 94.29347229
1578 92.8502349854 94.2289505005
1579 92.8876800537 94.1967697144
1580 92.87159729 94.1995697021
1581 92.9129562378 94.2782897949
1582 92.8411407471 94.2091293335
1583 92.8513259888 94.1292114258
1584 92.8782806396 94.2624969482
1585 92.8882141113 94.2475814819
1586 92.8597793579 94.2625579834
1587 92.8454208374 94.164932251
1588 92.8734207153 94.354637146
1589 92.8538360596 94.208656311
1590 92.8695144653 94.2975463867
1591 92.863899231 94.2197418213
1592 92.927520752 94.1402511597
1593 92.8804473877 94.2446975708
1594 92.896736145 94.2401199341
1595 92.8342895508 94.2043075562
1596 92.8408813477 94.2094955444
1597 92.8049163818 94.1926116943
1598 92.8498001099 94.1646575928
1599 92.8578262329 94.3027801514
1600 92.8147201538 94.209526062
1601 92.8819961548 94.2273864746
1602 92.9022369385 94.307144165
1603 92.8825378418 94.2134857178
1604 92.818321228 94.2820587158
1605 92.7860946655 94.2339630127
1606 92.8232955933 94.2360534668
1607 92.8618011475 94.2562866211
1608 92.8222198486 94.2021255493
1609 92.8537139893 94.2709960938
1610 92.803237915 94.2106552124
1611 92.8428955078 94.2833328247
1612 92.861618042 94.168548584
1613 92.8089141846 94.2753829956
1614 92.8883285522 94.3159103394
1615 92.9190597534 94.2417831421
1616 92.7969512939 94.243888855
1617 92.8971939087 94.1785202026
1618 92.8387145996 94.2130661011
1619 92.8330307007 94.3064804077
1620 92.9150161743 94.1529312134
1621 92.8737792969 94.243309021
1622 92.8453674316 94.2565536499
1623 92.8965606689 94.258682251
1624 92.8567962646 94.1877975464
1625 92.8814849854 94.2266159058
1626 92.8645172119 94.2793884277
1627 92.8267974854 94.267288208
1628 92.8671951294 94.2846832275
1629 92.8528366089 94.2775650024
1630 92.8344955444 94.2048110962
1631 92.854888916 94.1733169556
1632 92.81665802 94.272605896
1633 92.8978652954 94.2270126343
1634 92.8371963501 94.2429885864
1635 92.8622360229 94.1462020874
1636 92.8167800903 94.2517700195
1637 92.8285751343 94.2521438599
1638 92.8726806641 94.2683486938
1639 92.7972564697 94.1895065308
1640 92.8082046509 94.1766357422
1641 92.8023376465 94.2647781372
1642 92.8860778809 94.1337814331
1643 92.8292388916 94.2049636841
1644 92.8676681519 94.1966094971
1645 92.8399658203 94.1625747681
1646 92.8752365112 94.3237457275
1647 92.8482971191 94.1392745972
1648 92.8142547607 94.1977081299
1649 92.8185272217 94.2402572632
1650 92.892539978 94.173034668
1651 92.8254165649 94.2855911255
1652 92.8075790405 94.1507110596
1653 92.8395690918 94.2391815186
1654 92.8475952148 94.2544326782
1655 92.9157409668 94.3287963867
1656 92.8262939453 94.248085022
1657 92.7646789551 94.2073822021
1658 92.825050354 94.2172851562
1659 92.9232940674 94.184135437
1660 92.8346557617 94.219871521
1661 92.8238372803 94.2413101196
1662 92.8558959961 94.1585464478
1663 92.8316192627 94.2097015381
1664 92.8431167603 94.2358856201
1665 92.8126296997 94.1980819702
1666 92.8354949951 94.2582855225
1667 92.8527450562 94.2122039795
1668 92.894821167 94.3153076172
1669 92.8635864258 94.2139816284
1670 92.8668365479 94.2216644287
1671 92.8623352051 94.2099761963
1672 92.8471755981 94.1901397705
1673 92.9027404785 94.2505569458
1674 92.8363800049 94.2263565063
1675 92.8162384033 94.1866073608
1676 92.8067855835 94.268371582
1677 92.8653640747 94.2693252563
1678 92.9015808105 94.2093200684
1679 92.8789367676 94.1876220703
1680 92.8221511841 94.1920852661
1681 92.7971572876 94.2251586914
1682 92.9056777954 94.1600112915
1683 92.8102798462 94.2055511475
1684 92.892906189 94.2095489502
1685 92.8450469971 94.1396484375
1686 92.8662796021 94.2057113647
1687 92.8612213135 94.2292938232
1688 92.862197876 94.2206192017
1689 92.8146972656 94.2116699219
1690 92.8007202148 94.1321258545
1691 92.903465271 94.2461624146
1692 92.8322372437 94.2440948486
1693 92.8528289795 94.2173156738
1694 92.8089675903 94.1972732544
1695 92.8201141357 94.1783370972
1696 92.8440246582 94.1666183472
1697 92.8886413574 94.163734436
1698 92.8635787964 94.1604003906
1699 92.8025588989 94.2133102417
1700 92.9087600708 94.226852417
1701 92.8434906006 94.2881011963
1702 92.8770675659 94.2551879883
1703 92.8092193604 94.3138885498
1704 92.7965774536 94.207321167
1705 92.8137359619 94.1474227905
1706 92.7879867554 94.2133483887
1707 92.8237762451 94.1752319336
1708 92.8190307617 94.2427902222
1709 92.8392410278 94.2423858643
1710 92.8042449951 94.1706924438
1711 92.859588623 94.1366500854
1712 92.85131073 94.1731262207
1713 92.7877883911 94.2578201294
1714 92.8335800171 94.1655731201
1715 92.8407669067 94.1852340698
1716 92.8459472656 94.1368255615
1717 92.7728652954 94.2511138916
1718 92.8461151123 94.2029953003
1719 92.8497390747 94.1544494629
1720 92.823425293 94.2533493042
1721 92.8016738892 94.1740570068
1722 92.7609558105 94.2152786255
1723 92.8422088623 94.2364578247
1724 92.838180542 94.166519165
1725 92.7841110229 94.144569397
1726 92.8212203979 94.2067947388
1727 92.8008956909 94.2077331543
1728 92.8723983765 94.2359390259
1729 92.8459396362 94.2122344971
1730 92.8456573486 94.1831130981
1731 92.8237609863 94.2421417236
1732 92.8145904541 94.1621322632
1733 92.8130187988 94.1862411499
1734 92.8191604614 94.2186508179
1735 92.8133850098 94.2134246826
1736 92.7957687378 94.2254486084
1737 92.8278579712 94.17578125
1738 92.8472747803 94.2423629761
1739 92.8397598267 94.2304840088
1740 92.8826446533 94.2142944336
1741 92.8227462769 94.1610565186
1742 92.8483963013 94.2289810181
1743 92.8473739624 94.1505126953
1744 92.8479156494 94.2745361328
1745 92.8203964233 94.0872192383
1746 92.8381347656 94.2181777954
1747 92.8672485352 94.0726699829
1748 92.8026275635 94.2777481079
1749 92.8100357056 94.2221984863
1750 92.7906799316 94.1967544556
1751 92.7825393677 94.1665039062
1752 92.8142242432 94.2096481323
1753 92.8065185547 94.2233200073
1754 92.7736282349 94.2177734375
1755 92.8591690063 94.1517791748
1756 92.7230148315 94.1535568237
1757 92.8421401978 94.2301940918
1758 92.8037414551 94.1729736328
1759 92.8707351685 94.2071838379
1760 92.8440093994 94.206451416
1761 92.7684173584 94.1941223145
1762 92.8316345215 94.251701355
1763 92.8246078491 94.1977081299
1764 92.8235473633 94.1606903076
1765 92.8273162842 94.2368087769
1766 92.8008575439 94.130531311
1767 92.9162139893 94.1745452881
1768 92.8184814453 94.1569213867
1769 92.7696304321 94.1942138672
1770 92.8348388672 94.2218399048
1771 92.8450088501 94.2038192749
1772 92.8042755127 94.1866531372
1773 92.914680481 94.2315979004
1774 92.7695770264 94.2222442627
1775 92.7634963989 94.1638336182
1776 92.8842468262 94.225982666
1777 92.8508758545 94.1826477051
1778 92.838684082 94.2208633423
1779 92.8363342285 94.102645874
1780 92.8191757202 94.1672363281
1781 92.8073501587 94.21509552
1782 92.8130569458 94.1187438965
1783 92.7554397583 94.1669387817
1784 92.8131790161 94.206817627
1785 92.8916702271 94.2042694092
1786 92.8437194824 94.1484451294
1787 92.8416748047 94.1539840698
1788 92.8740539551 94.2434997559
1789 92.7617340088 94.2036132812
1790 92.8105239868 94.1881103516
1791 92.7637405396 94.1363983154
1792 92.849861145 94.1620483398
1793 92.8326187134 94.1795196533
1794 92.7844314575 94.1485443115
1795 92.8494644165 94.1307754517
1796 92.8614501953 94.2055282593
1797 92.7995758057 94.1882781982
1798 92.8266143799 94.1840209961
1799 92.8439941406 94.1342010498
1800 92.769821167 94.140838623
1801 92.8034896851 94.1885528564
1802 92.8904342651 94.2072982788
1803 92.7726745605 94.1238708496
1804 92.8185577393 94.1564941406
1805 92.737197876 94.246711731
1806 92.7959976196 94.2772140503
1807 92.7993392944 94.1958847046
1808 92.7963485718 94.1109237671
1809 92.8238067627 94.1416397095
1810 92.7491378784 94.1438446045
1811 92.8075714111 94.1804351807
1812 92.7618179321 94.1759109497
1813 92.748260498 94.1229324341
1814 92.8270263672 94.1144485474
1815 92.8322906494 94.1531524658
1816 92.7778167725 94.1135864258
1817 92.7860183716 94.1364440918
1818 92.7773742676 94.2018966675
1819 92.8346557617 94.2468719482
1820 92.7616653442 94.1830825806
1821 92.7378845215 94.1925201416
1822 92.785369873 94.2543334961
1823 92.7847213745 94.1569290161
1824 92.8225402832 94.176361084
1825 92.7970962524 94.2940750122
1826 92.7894363403 94.1619491577
1827 92.8302154541 94.2213592529
1828 92.7748565674 94.1762313843
1829 92.8003311157 94.0879135132
1830 92.811706543 94.1519012451
1831 92.8450393677 94.1676712036
1832 92.8120880127 94.1670608521
1833 92.7552108765 94.2045211792
1834 92.7851409912 94.0933074951
1835 92.7523803711 94.1928329468
1836 92.7565383911 94.1980438232
1837 92.8089675903 94.2048034668
1838 92.8178710938 94.1729125977
1839 92.821105957 94.1965332031
1840 92.7577362061 94.1527175903
1841 92.7789840698 94.2360992432
1842 92.7983474731 94.1921691895
1843 92.7830200195 94.1463851929
1844 92.8952560425 94.1605224609
1845 92.8414077759 94.2542190552
1846 92.7931289673 94.2412872314
1847 92.786239624 94.1882858276
1848 92.8490142822 94.1864776611
1849 92.7502746582 94.2361068726
1850 92.7495651245 94.2101974487
1851 92.8052749634 94.1625976562
1852 92.8129196167 94.1501235962
1853 92.7775344849 94.1039428711
1854 92.7772750854 94.1552886963
1855 92.8274688721 94.1656341553
1856 92.7621841431 94.1695175171
1857 92.7916183472 94.2047729492
1858 92.8312759399 94.1760482788
1859 92.7397003174 94.2267990112
1860 92.8612365723 94.1876831055
1861 92.7603988647 94.2420730591
1862 92.8455963135 94.1457138062
1863 92.8268356323 94.1691589355
1864 92.7952194214 94.1503372192
1865 92.7668609619 94.1920623779
1866 92.8021469116 94.2512359619
1867 92.7554702759 94.1924972534
1868 92.7642211914 94.1425476074
1869 92.7814712524 94.1647415161
1870 92.7765808105 94.1871261597
1871 92.7820358276 94.1284332275
1872 92.7593612671 94.1468429565
1873 92.7983779907 94.1641387939
1874 92.7320251465 94.1527938843
1875 92.7778167725 94.1385421753
1876 92.749420166 94.0949707031
1877 92.7556838989 94.0969696045
1878 92.74949646 94.2034912109
1879 92.7859573364 94.1337280273
1880 92.7659378052 94.1259231567
1881 92.8045959473 94.2805252075
1882 92.7995071411 94.2383956909
1883 92.7885971069 94.0911254883
1884 92.7302093506 94.1128692627
1885 92.7728805542 94.1215744019
1886 92.7801742554 94.1935653687
1887 92.8046112061 94.1271514893
1888 92.8412704468 94.0558776855
1889 92.7956848145 94.1782913208
1890 92.7720489502 94.1525039673
1891 92.7801971436 94.108001709
1892 92.786315918 94.1831359863
1893 92.7442550659 94.1688156128
1894 92.7593688965 94.119934082
1895 92.8092956543 94.1725006104
1896 92.7652282715 94.1009368896
1897 92.7998199463 94.1901779175
1898 92.7585983276 94.1842193604
1899 92.835975647 94.2421798706
1900 92.7891387939 94.1743240356
1901 92.8012008667 94.1108551025
1902 92.7317810059 94.1507110596
1903 92.7880401611 94.1054840088
1904 92.7888183594 94.1430130005
1905 92.8322601318 94.2658462524
1906 92.7970199585 94.179725647
1907 92.8186645508 94.1331481934
1908 92.7737197876 94.1026611328
1909 92.8033599854 94.137046814
1910 92.8141403198 94.159614563
1911 92.8017349243 94.1564483643
1912 92.8223571777 94.26121521
1913 92.7237548828 94.1582717896
1914 92.8211364746 94.1755065918
1915 92.8473968506 94.1561126709
1916 92.789894104 94.2103805542
1917 92.7732543945 94.1788635254
1918 92.7752304077 94.0864257812
1919 92.7828292847 94.1515808105
1920 92.7805099487 94.165145874
1921 92.7945251465 94.177482605
1922 92.7674713135 94.150428772
1923 92.8184356689 94.1499099731
1924 92.7920074463 94.1473388672
1925 92.8091659546 94.1662521362
1926 92.7931976318 94.1059951782
1927 92.7942581177 94.1932220459
1928 92.7758789062 94.1715011597
1929 92.7469940186 94.1718139648
1930 92.7471389771 94.1991882324
1931 92.7548294067 94.1669845581
1932 92.8353805542 94.1066360474
1933 92.799369812 94.1205978394
1934 92.8222579956 94.1317749023
1935 92.7730941772 94.1161575317
1936 92.7570800781 94.1447753906
1937 92.7568740845 94.1397399902
1938 92.8248672485 94.1775512695
1939 92.7746963501 94.1238937378
1940 92.7451705933 94.2146148682
1941 92.8264083862 94.2208938599
1942 92.7499008179 94.2124938965
1943 92.7411804199 94.1524353027
1944 92.7414398193 94.2051696777
1945 92.7324295044 94.2058029175
1946 92.8387985229 94.1670455933
1947 92.7986679077 94.0633239746
1948 92.799949646 94.2667007446
1949 92.7567062378 94.2107849121
1950 92.7320556641 94.2304916382
1951 92.7491607666 94.1744766235
1952 92.78956604 94.1296157837
1953 92.8042602539 94.113494873
1954 92.7434997559 94.1805725098
1955 92.8245162964 94.1366424561
1956 92.798614502 94.1509017944
1957 92.7125167847 94.1483154297
1958 92.7406463623 94.2088851929
1959 92.7910766602 94.1748886108
1960 92.7174453735 94.100982666
1961 92.7238998413 94.1120376587
1962 92.757484436 94.125038147
1963 92.7674942017 94.1363983154
1964 92.7241592407 94.0826797485
1965 92.7507553101 94.0891571045
1966 92.7245559692 94.1263885498
1967 92.7502212524 94.1718826294
1968 92.7701339722 94.1342086792
1969 92.7586212158 94.0866622925
1970 92.7556762695 94.1604003906
1971 92.7545776367 94.2104797363
1972 92.7681884766 94.1216964722
1973 92.7399368286 94.1884231567
1974 92.7576446533 94.1251754761
1975 92.7588195801 94.1549377441
1976 92.7854766846 94.0882644653
1977 92.7499847412 94.1131439209
1978 92.8135757446 94.0463180542
1979 92.7442703247 94.1586074829
1980 92.7233810425 94.1112289429
1981 92.7737808228 94.117401123
1982 92.7225799561 94.1480636597
1983 92.7924194336 94.1675949097
1984 92.7501602173 94.0635223389
1985 92.7539749146 94.1976623535
1986 92.793800354 94.1692581177
1987 92.7833175659 94.1729888916
1988 92.7630004883 94.0692367554
1989 92.8214187622 94.1922454834
1990 92.8093185425 94.1502761841
1991 92.7512741089 94.1297073364
1992 92.7644958496 94.1362457275
1993 92.726776123 94.0662765503
1994 92.7522354126 94.1477508545
1995 92.6834106445 94.1359329224
1996 92.7401657104 94.0867080688
1997 92.7969894409 94.1567840576
1998 92.7349777222 94.0919494629
1999 92.7886581421 94.1417617798
creating pickled numpy output
wrote pickled numpy output
Final validation loss
garray(94.17496490478516)
Final test loss
garray(93.4900131225586)
Theano: Initializing cuBLAS
