ExpLogPatternSub
LogExpPatternSub
[[ 0.  0.  0. ...,  0.  0.  0.]
 [ 0.  0.  0. ...,  0.  0.  0.]
 [ 0.  0.  0. ...,  0.  0.  0.]
 ..., 
 [ 0.  0.  0. ...,  0.  0.  0.]
 [ 0.  0.  0. ...,  0.  0.  0.]
 [ 0.  0.  0. ...,  0.  0.  0.]]
compiled score function
Old best loss
garray(99.96089172363281)
Compiled loss functions
0 96.8473587036 99.9429626465
1 96.8124694824 100.003250122
2 96.8377304077 99.9923095703
3 96.8555679321 99.9911117554
4 96.8370361328 99.9860687256
5 96.8617706299 100.019691467
6 96.8143005371 100.012939453
7 96.8991394043 99.9951400757
8 96.8084793091 100.04650116
9 96.8138580322 99.9702758789
10 96.8567352295 100.073120117
11 96.8082199097 99.9974899292
12 96.8248291016 100.012062073
13 96.7768554688 99.9622650146
14 96.7669754028 99.9416732788
15 96.8118743896 99.9169998169
16 96.8358383179 99.9738845825
17 96.8790283203 100.017837524
18 96.8638839722 99.91847229
19 96.8354187012 100.005233765
20 96.798538208 99.9817733765
21 96.8985671997 100.000213623
22 96.8801803589 100.061843872
23 96.8871002197 100.071334839
24 96.9056472778 100.054542542
25 96.8689956665 100.056564331
26 96.8253707886 99.9409713745
27 96.8108139038 99.9449081421
28 96.8137741089 100.018424988
29 96.8160400391 99.8855667114
30 96.7979354858 99.9676818848
31 96.8241577148 99.9929199219
32 96.8014984131 99.9941940308
33 96.8652801514 99.9649124146
34 96.782585144 99.8740615845
35 96.8515548706 100.034172058
36 96.8867797852 100.011947632
37 96.8285293579 100.110450745
38 96.8938293457 100.053634644
39 96.8834381104 99.9884567261
40 96.9075698853 100.062263489
41 96.8375549316 100.079025269
42 96.803314209 99.9453811646
43 96.8376312256 100.04384613
44 96.7930908203 99.9656448364
45 96.8025970459 100.050933838
46 96.7713470459 99.9771881104
47 96.8223800659 100.005851746
48 96.7810211182 100.022186279
49 96.7952651978 99.9523696899
50 96.9666290283 100.143562317
51 96.8003997803 99.9451217651
52 96.8078155518 99.9971618652
53 96.8054580688 99.9611434937
54 96.8338851929 99.9529647827
55 96.8349761963 100.003211975
56 96.8341598511 100.006538391
57 96.7739944458 99.9042739868
58 96.8101501465 100.022659302
59 96.7913360596 100.018920898
60 96.8701858521 100.00881958
61 96.8008880615 99.9469451904
62 96.8378372192 100.050010681
63 96.7902908325 99.9455490112
64 96.8409042358 99.9493103027
65 96.8299942017 99.9454421997
66 96.8282546997 100.014831543
67 96.8761901855 100.021781921
68 96.8321990967 99.8675231934
69 96.7979812622 99.9684066772
70 96.8932189941 100.104927063
71 96.8076782227 99.9189224243
72 96.8429641724 100.069702148
73 96.8158874512 99.9458312988
74 96.7785949707 99.9784545898
75 96.8456192017 99.949432373
76 96.844619751 100.068138123
77 96.8337173462 99.9151687622
78 96.7983779907 99.9466400146
79 96.8188247681 100.115112305
80 96.7823944092 99.8908081055
81 96.7905654907 99.9367294312
82 96.7994995117 99.9630508423
83 96.8133468628 99.9348449707
84 96.8135986328 99.8897628784
85 96.8188476562 99.9537353516
86 96.7416000366 99.9841461182
87 96.8103790283 99.9510955811
88 96.8049163818 99.9363250732
89 96.7537994385 99.8422775269
90 96.8335494995 99.9553451538
91 96.8462371826 100.028495789
92 96.8141860962 100.043075562
93 96.8004684448 100.005119324
94 96.7940139771 99.9162521362
95 96.7947463989 100.009132385
96 96.7739944458 99.9865493774
97 96.8362579346 100.007965088
98 96.7989349365 99.9687347412
99 96.8133392334 99.9770584106
100 96.7964553833 100.03074646
101 96.806678772 100.045875549
102 96.7665557861 99.9780960083
103 96.8109741211 99.9912948608
104 96.7714157104 100.007743835
105 96.7780838013 99.946685791
106 96.8259658813 99.9878463745
107 96.7966308594 99.9019241333
108 96.8125610352 100.017311096
109 96.8311767578 99.9585494995
110 96.7027359009 99.9097900391
111 96.8246612549 100.034317017
112 96.8041687012 100.059883118
113 96.8143463135 99.9787979126
114 96.7643737793 99.9408874512
115 96.8129043579 99.97706604
116 96.8156356812 100.010055542
117 96.7688751221 99.9321975708
118 96.8283538818 99.9985580444
119 96.772567749 99.9456787109
120 96.8063583374 99.9923324585
121 96.7940979004 99.9008789062
122 96.8419265747 100.072532654
123 96.7610397339 100.033676147
124 96.7751464844 99.9945831299
125 96.7649002075 99.9250717163
126 96.8110046387 99.938293457
127 96.7990570068 99.9066467285
128 96.8426589966 100.039161682
129 96.7183380127 99.9289016724
130 96.8040084839 100.043174744
131 96.8014068604 99.9725723267
132 96.8363952637 99.9834442139
133 96.730796814 99.9737243652
134 96.7726287842 100.018737793
135 96.7184143066 99.8422241211
136 96.7967605591 99.9789199829
137 96.7978897095 100.020568848
138 96.8469543457 100.017028809
139 96.7575378418 99.9514541626
140 96.7957458496 100.000740051
141 96.7490768433 99.8535385132
142 96.7914886475 99.896812439
143 96.8321151733 100.012504578
144 96.8237609863 99.9236450195
145 96.7765579224 99.8968734741
146 96.7758407593 99.9818649292
147 96.7670669556 99.9906234741
148 96.7220993042 99.9846878052
149 96.8003845215 99.9257736206
150 96.7702407837 99.9312210083
151 96.7831954956 100.070175171
152 96.768157959 99.919670105
153 96.8145370483 100.003005981
154 96.818359375 100.01134491
155 96.7446365356 99.9411087036
156 96.8102798462 99.9434738159
157 96.7489395142 99.8598556519
158 96.7532501221 99.9515762329
159 96.7195358276 99.9342269897
160 96.7847137451 99.9968566895
161 96.7921905518 99.9356002808
162 96.7833251953 99.9475708008
163 96.7631759644 100.024436951
164 96.7640457153 99.9526519775
165 96.7142562866 99.8866577148
166 96.7066268921 99.864112854
167 96.7428588867 99.94115448
168 96.7894668579 99.9485473633
169 96.750617981 99.9238739014
170 96.7591552734 99.961807251
171 96.7697601318 99.9162063599
172 96.7407913208 99.9561920166
173 96.7081985474 99.8902816772
174 96.8296585083 99.9466934204
175 96.7310638428 99.9567871094
176 96.7777404785 99.923324585
177 96.7319488525 99.9418716431
178 96.7884979248 99.9506378174
179 96.8127746582 99.8896255493
180 96.8146286011 99.9253082275
181 96.8321762085 99.9810256958
182 96.7414093018 100.053794861
183 96.7786865234 100.037109375
184 96.7509384155 99.9140090942
185 96.7266082764 99.9764633179
186 96.8129806519 100.001022339
187 96.7224578857 99.9467163086
188 96.8019561768 99.9286727905
189 96.7989959717 100.033638
190 96.8156738281 99.9757843018
191 96.8054199219 99.9345321655
192 96.7097473145 99.9488754272
193 96.7924194336 100.096549988
194 96.7466964722 99.9116439819
195 96.7477493286 99.9948959351
196 96.7954940796 99.9606323242
197 96.7640762329 99.9496994019
198 96.7604980469 100.008872986
199 96.7671203613 100.001586914
200 96.761138916 100.058349609
201 96.7834396362 99.9337692261
202 96.7518539429 99.9210357666
203 96.7246170044 99.9923477173
204 96.7237701416 99.9948120117
205 96.7697982788 100.007156372
206 96.7216262817 99.891494751
207 96.7931365967 99.9376449585
208 96.7511138916 99.9759979248
209 96.8086471558 99.9635467529
210 96.7787475586 99.955581665
211 96.7283477783 99.9644470215
212 96.7235794067 99.9760360718
213 96.7192077637 99.9230575562
214 96.7718353271 99.8897705078
215 96.7927246094 100.001045227
216 96.7536392212 99.9277114868
217 96.7216949463 99.8688583374
218 96.7403411865 99.9927062988
219 96.6836242676 99.8000717163
220 96.8085784912 100.027282715
221 96.7771987915 99.9804611206
222 96.7465744019 99.8923568726
223 96.7082977295 99.8835601807
224 96.7622909546 99.9611740112
225 96.748878479 99.9160842896
226 96.7445373535 100.01915741
227 96.75390625 99.9889602661
228 96.7042160034 99.9073181152
229 96.7540054321 99.9546127319
230 96.778717041 99.9717788696
231 96.7788391113 99.9193649292
232 96.7652206421 99.9217681885
233 96.7104568481 99.9295501709
234 96.7480239868 99.8968353271
235 96.7501983643 99.9774780273
236 96.7643203735 100.002388
237 96.6940002441 99.8741073608
238 96.7399139404 99.9730148315
239 96.7346954346 99.8886184692
240 96.7016983032 99.8971252441
241 96.6859207153 99.8370895386
242 96.8026351929 99.9858474731
243 96.7157440186 100.008934021
244 96.7660751343 99.974899292
245 96.7769088745 99.9700775146
246 96.7499313354 100.002227783
247 96.6912994385 99.8434524536
248 96.7900009155 100.024627686
249 96.7348251343 99.8854293823
250 96.7735977173 99.9638290405
251 96.6812438965 99.9003143311
252 96.6956939697 100.016532898
253 96.7080688477 99.940322876
254 96.754989624 99.9388580322
255 96.740776062 99.8923187256
256 96.7581558228 99.9552001953
257 96.7156906128 99.9767303467
258 96.705116272 99.9383926392
259 96.75756073 100.006408691
260 96.7338867188 99.8455352783
261 96.7471160889 99.9591827393
262 96.7786941528 99.9121627808
263 96.7036209106 99.8920211792
264 96.7517166138 99.8846969604
265 96.6908950806 99.8632965088
266 96.7861175537 99.990776062
267 96.7745895386 100.026275635
268 96.7600402832 100.006385803
269 96.7736968994 99.9223937988
270 96.7537155151 99.9583816528
271 96.7055282593 99.8466796875
272 96.7437286377 99.9048690796
273 96.771270752 99.9568862915
274 96.6998672485 99.9672698975
275 96.7295608521 100.030860901
276 96.722984314 99.9566345215
277 96.7583999634 99.9193954468
278 96.7436676025 99.9281387329
279 96.7010650635 99.860710144
280 96.7407913208 99.8914260864
281 96.7376708984 99.9029388428
282 96.69165802 99.9625320435
283 96.7286987305 99.9098205566
284 96.7679901123 99.9421920776
285 96.6801986694 99.8487167358
286 96.6740951538 99.9832992554
287 96.7061843872 99.9461135864
288 96.7213058472 99.9723587036
289 96.6868362427 99.9043960571
290 96.7095184326 99.9374694824
291 96.7275161743 99.9848480225
292 96.7491149902 99.9468383789
293 96.7668991089 100.042198181
294 96.7307281494 99.9698562622
295 96.7445678711 99.9513473511
296 96.7724609375 99.9580383301
297 96.7741699219 99.950843811
298 96.723815918 99.9616012573
299 96.8025665283 99.9755096436
300 96.6989974976 99.9362564087
301 96.721206665 99.9394989014
302 96.6814956665 99.9271850586
303 96.7535400391 99.9115371704
304 96.682510376 99.8368606567
305 96.6913146973 99.8687973022
306 96.7772140503 99.9905776978
307 96.6986160278 99.8286819458
308 96.7329940796 99.9357528687
309 96.7038803101 99.9156723022
310 96.7406768799 99.9958496094
311 96.7484359741 99.9651947021
312 96.7703552246 99.9906997681
313 96.7089385986 99.922668457
314 96.7322769165 99.9518203735
315 96.6890640259 99.9325256348
316 96.7038497925 99.9439697266
317 96.6742782593 99.9827194214
318 96.7542877197 99.9270858765
319 96.7569961548 99.9158325195
320 96.7231750488 99.919303894
321 96.7008895874 100.013465881
322 96.6819000244 100.002662659
323 96.7063064575 99.9838562012
324 96.7079772949 99.9455718994
325 96.682258606 99.9048843384
326 96.6763839722 99.8747253418
327 96.7093353271 99.8469772339
328 96.7495956421 100.02633667
329 96.7296066284 99.9557723999
330 96.6759490967 99.8379440308
331 96.6310043335 99.887336731
332 96.7038955688 99.9197311401
333 96.6570053101 99.8451690674
334 96.711555481 99.8309402466
335 96.7340545654 99.8801498413
336 96.6669006348 99.9832687378
337 96.7405700684 100.003974915
338 96.7490539551 99.9498214722
339 96.7249298096 99.8576583862
340 96.6634674072 99.9236526489
341 96.7027206421 99.9120941162
342 96.7484893799 100.053405762
343 96.6864471436 99.8671340942
344 96.7523193359 99.9113464355
345 96.6815109253 99.9271240234
346 96.7002410889 99.8618469238
347 96.794303894 99.9724884033
348 96.6499786377 99.9334487915
349 96.6642379761 99.8668518066
350 96.6217269897 99.9458999634
351 96.7078170776 99.9024124146
352 96.689491272 99.9301071167
353 96.723274231 99.9311141968
354 96.6573791504 99.9119567871
355 96.7055740356 99.9130096436
356 96.6824951172 99.9308319092
357 96.698425293 99.9431762695
358 96.7524337769 100.022407532
359 96.6742172241 99.8652572632
360 96.7079162598 99.8742980957
361 96.6800613403 99.8458099365
362 96.6660995483 99.8928222656
363 96.7108612061 99.8935241699
364 96.7112503052 99.9394836426
365 96.6725006104 99.8254470825
366 96.7242889404 99.9640884399
367 96.7653198242 100.123344421
368 96.7097167969 99.9084320068
369 96.6567153931 99.9070129395
370 96.6391372681 99.9135131836
371 96.6947479248 99.8498306274
372 96.7689971924 99.9666137695
373 96.6906967163 99.9261245728
374 96.6903839111 99.905632019
375 96.7473983765 99.9628067017
376 96.714805603 99.9110946655
377 96.7238998413 99.883682251
378 96.6634368896 99.8709259033
379 96.7164001465 100.048294067
380 96.664276123 99.9434814453
381 96.6365966797 99.8691253662
382 96.7111663818 99.9502792358
383 96.6782913208 99.9136428833
384 96.6740264893 99.9214172363
385 96.7120361328 99.9516067505
386 96.6551589966 99.9016571045
387 96.8558349609 99.9996261597
388 96.7035598755 99.9441070557
389 96.7135848999 99.9374084473
390 96.6862564087 100.020477295
391 96.6767349243 99.9345245361
392 96.6952590942 99.891784668
393 96.6570739746 99.9464645386
394 96.6867675781 100.027679443
395 96.6884002686 99.9246368408
396 96.6963195801 99.9137496948
397 96.677406311 99.881072998
398 96.7064666748 99.9245376587
399 96.6488571167 99.8494338989
400 96.7303237915 99.9361724854
401 96.6510772705 99.9652481079
402 96.6517105103 99.885345459
403 96.7102966309 99.9514160156
404 96.7121200562 99.9712371826
405 96.6564865112 99.9059524536
406 96.7026596069 99.9545822144
407 96.6634750366 99.9618453979
408 96.6911010742 99.8386001587
409 96.6224365234 99.9161605835
410 96.7564163208 99.9770812988
411 96.7856369019 99.9804000854
412 96.697555542 99.9931030273
413 96.6364593506 99.7801818848
414 96.6996383667 99.9517669678
415 96.6526565552 99.8578720093
416 96.6383361816 99.8666915894
417 96.6727142334 99.9561691284
418 96.6902389526 99.9341278076
419 96.6874160767 99.9245376587
420 96.6988983154 100.021690369
421 96.6806564331 99.9518127441
422 96.7648162842 99.9130401611
423 96.6916351318 99.936088562
424 96.7356567383 99.9618835449
425 96.6731948853 99.9535522461
426 96.6612167358 99.9447250366
427 96.6998138428 99.9754333496
428 96.6873397827 99.9396438599
429 96.6957778931 99.9254608154
430 96.6430969238 99.9518127441
431 96.6623001099 99.8428268433
432 96.6677093506 99.9008331299
433 96.6711959839 99.9416885376
434 96.667427063 99.8291168213
435 96.6428756714 99.8859939575
436 96.64818573 99.930305481
437 96.6438751221 99.8920669556
438 96.6812591553 99.923866272
439 96.774017334 100.005157471
440 96.6507797241 99.8736572266
441 96.648651123 99.9019546509
442 96.7138748169 99.9721755981
443 96.6840438843 100.006988525
444 96.6049804688 99.9016113281
445 96.6412963867 99.9396438599
446 96.6719360352 99.8878250122
447 96.6903686523 99.9391937256
448 96.7177963257 99.9862213135
449 96.7020797729 99.9171829224
450 96.6610565186 99.9031906128
451 96.6889801025 99.9836502075
452 96.5869369507 99.9516525269
453 96.674118042 99.9745864868
454 96.7032775879 99.9543151855
455 96.6233062744 99.8680877686
456 96.6139068604 99.9350738525
457 96.6254806519 99.9079971313
458 96.7006912231 99.9608383179
459 96.6472702026 99.9393615723
460 96.6952438354 100.016548157
461 96.6732177734 99.9161453247
462 96.6243972778 99.8712387085
463 96.6636505127 99.9124221802
464 96.6573410034 99.9116134644
465 96.6506576538 99.8513565063
466 96.7069091797 99.960723877
467 96.6111984253 99.8316040039
468 96.6842651367 99.9043731689
469 96.6857299805 99.9410476685
470 96.619720459 99.8924484253
471 96.6755447388 99.8838195801
472 96.6620864868 99.8401947021
473 96.6126937866 99.7901687622
474 96.6287078857 99.9238815308
475 96.6697006226 99.8213500977
476 96.6013946533 99.8532867432
477 96.6983413696 99.9579315186
478 96.617149353 100.005249023
479 96.6333999634 99.8810348511
480 96.7212600708 100.07674408
481 96.6328811646 99.8296127319
482 96.6451187134 99.8398208618
483 96.6395339966 99.9236450195
484 96.6336898804 99.7879486084
485 96.667678833 99.9514694214
486 96.6586608887 99.9065322876
487 96.5983505249 99.9172439575
488 96.6298446655 99.9633255005
489 96.6384048462 99.8933258057
490 96.6966552734 99.9078445435
491 96.6559066772 99.8965377808
492 96.6636199951 99.9610900879
493 96.626159668 99.9474716187
494 96.7007751465 99.8425292969
495 96.6242446899 99.8670349121
496 96.684135437 99.9830780029
497 96.6324539185 99.9113082886
498 96.6107406616 99.931968689
499 96.6198577881 99.8933639526
500 96.6483764648 99.8865127563
501 96.712097168 100.007492065
502 96.6563339233 99.9098510742
503 96.59009552 99.8857116699
504 96.698135376 99.9065628052
505 96.6689605713 99.9282608032
506 96.6571502686 99.9290313721
507 96.6747360229 99.9736938477
508 96.6464691162 99.9711380005
509 96.6561279297 99.9340438843
510 96.6683349609 99.9481506348
511 96.6430892944 99.8802337646
512 96.7092971802 99.9068374634
513 96.6738357544 99.9053878784
514 96.6379394531 99.9374008179
515 96.6002578735 99.9025192261
516 96.6129150391 99.986869812
517 96.6072540283 99.8596878052
518 96.6422653198 99.9015350342
519 96.6445999146 99.8783569336
520 96.6167602539 99.968132019
521 96.6414794922 99.9133758545
522 96.6377182007 99.9078140259
523 96.6171951294 99.893913269
524 96.6027450562 99.8872146606
525 96.6183166504 99.9808502197
526 96.6172180176 99.8976745605
527 96.6362991333 99.9118041992
528 96.6237945557 99.8440093994
529 96.6514663696 99.8125762939
530 96.6756210327 99.9172439575
531 96.6037597656 99.8976821899
532 96.743850708 99.9501419067
533 96.6285171509 99.9168930054
534 96.6176757812 99.9026947021
535 96.6719741821 99.9894943237
536 96.6308441162 99.835975647
537 96.6040039062 99.8013763428
538 96.6284942627 99.8736495972
539 96.6795196533 99.8811721802
540 96.6528091431 99.8991012573
541 96.6420440674 99.879989624
542 96.5968093872 99.9070739746
543 96.6621170044 99.8190078735
544 96.7117538452 99.9358215332
545 96.6072387695 99.8956222534
546 96.5970687866 99.8507995605
547 96.6266403198 99.8086242676
548 96.5611495972 99.7486877441
549 96.6911392212 99.9291381836
550 96.650390625 99.8767852783
551 96.6509552002 99.896270752
552 96.6607971191 99.9577636719
553 96.6309967041 99.8846511841
554 96.6231613159 99.8684234619
555 96.6331558228 99.8335494995
556 96.6082382202 99.8651123047
557 96.6894454956 100.013565063
558 96.6123580933 99.8985214233
559 96.6434173584 99.9423065186
560 96.591545105 99.8180541992
561 96.6242904663 99.9109802246
562 96.6597595215 99.9383926392
563 96.6466751099 99.8978805542
564 96.6335144043 99.859954834
565 96.6104278564 99.8043212891
566 96.6322784424 99.8903656006
567 96.6790161133 99.8581695557
568 96.6404800415 99.9131088257
569 96.6009292603 99.9175949097
570 96.6020050049 99.9540328979
571 96.5876998901 99.8490066528
572 96.6725845337 99.9699249268
573 96.6774902344 99.9184570312
574 96.6632537842 99.8519592285
575 96.5991973877 99.9295883179
576 96.6544265747 99.8559341431
577 96.6320953369 99.9753952026
578 96.6058654785 99.9306259155
579 96.5972747803 99.9122085571
580 96.6401977539 99.9364013672
581 96.6223144531 99.8070755005
582 96.6468658447 99.8263168335
583 96.6836242676 99.9310073853
584 96.5960769653 99.8187179565
585 96.6405944824 99.8784332275
586 96.5675048828 99.8371810913
587 96.6447677612 99.881362915
588 96.5716171265 99.8573455811
589 96.5998840332 99.874382019
590 96.580619812 99.8814239502
591 96.6000747681 99.8193969727
592 96.6633758545 99.9352722168
593 96.6302566528 99.9184112549
594 96.6205596924 99.8684310913
595 96.5968475342 99.8910980225
596 96.5965576172 99.8958129883
597 96.6065368652 99.9385375977
598 96.6650390625 99.9440689087
599 96.6248397827 99.8244857788
600 96.6019363403 99.8734741211
601 96.6772155762 99.9295501709
602 96.6278991699 99.9449386597
603 96.6375274658 99.8517379761
604 96.6212997437 99.9148712158
605 96.6274261475 99.9142227173
606 96.6161804199 99.8351211548
607 96.597694397 99.9236373901
608 96.6188354492 99.8465118408
609 96.6742782593 99.9730148315
610 96.655418396 99.9475250244
611 96.6391143799 99.9948196411
612 96.7173309326 99.9401855469
613 96.5911483765 99.8165893555
614 96.5960998535 99.8530807495
615 96.6379089355 99.8905563354
616 96.6637802124 99.8812484741
617 96.6474761963 99.9425506592
618 96.6408996582 99.87474823
619 96.5877609253 99.9008560181
620 96.6496810913 99.904296875
621 96.5696411133 99.7822952271
622 96.6779708862 99.9205322266
623 96.5996780396 99.9194869995
624 96.7201766968 99.9572296143
625 96.5926742554 99.9708709717
626 96.6264343262 99.8191375732
627 96.6141281128 99.8544845581
628 96.6715164185 100.048019409
629 96.6467971802 99.9240646362
630 96.5983810425 99.8830871582
631 96.6996383667 99.9101409912
632 96.6220550537 99.8542251587
633 96.6514358521 99.9592437744
634 96.5118560791 99.8896560669
635 96.6483154297 99.9503173828
636 96.6307373047 100.025032043
637 96.5651092529 99.8075180054
638 96.6175994873 99.8206329346
639 96.620513916 99.9375686646
640 96.5866012573 100.002609253
641 96.6576538086 99.9053344727
642 96.5698776245 99.9254455566
643 96.6170959473 99.8471984863
644 96.563079834 99.8189086914
645 96.6578674316 100.001228333
646 96.5841598511 99.9226989746
647 96.5951004028 99.8888244629
648 96.5446395874 99.8355331421
649 96.6074295044 99.9060134888
650 96.604675293 99.8679885864
651 96.5538482666 99.8980789185
652 96.6119003296 99.8946380615
653 96.5965194702 99.9181442261
654 96.592628479 99.8804779053
655 96.6068344116 100.001495361
656 96.6807556152 99.9067611694
657 96.5369186401 99.8973846436
658 96.5628662109 99.8918075562
659 96.6059875488 99.9161376953
660 96.6208953857 99.8655548096
661 96.6091537476 99.9702606201
662 96.6091308594 99.9206771851
663 96.5264663696 99.7854385376
664 96.5690841675 99.9155883789
665 96.5966644287 99.9254760742
666 96.6376342773 99.9629211426
667 96.5655059814 99.8567199707
668 96.5509796143 99.8662490845
669 96.6619567871 99.9368438721
670 96.6001663208 99.9780349731
671 96.5947341919 99.9412002563
672 96.6282577515 99.9779510498
673 96.6067199707 99.8870010376
674 96.6065597534 99.9108505249
675 96.5941848755 99.9188690186
676 96.5265960693 99.8597793579
677 96.6219100952 99.9637069702
678 96.6031494141 99.8547210693
679 96.5884552002 99.8066253662
680 96.604637146 99.9397964478
681 96.6314163208 99.8826675415
682 96.6106567383 99.9196090698
683 96.5975189209 99.9063262939
684 96.6172561646 99.9570236206
685 96.6411743164 99.9117736816
686 96.5729675293 99.9331893921
687 96.6484375 99.9381866455
688 96.5628585815 99.9159240723
689 96.5555648804 99.9005584717
690 96.583656311 99.9291229248
691 96.6180267334 99.9460754395
692 96.5808181763 99.9337463379
693 96.5709609985 99.8651657104
694 96.5316696167 99.9016189575
695 96.5596313477 99.8406600952
696 96.5918197632 99.9154815674
697 96.5628204346 99.9345779419
698 96.6368942261 99.9853973389
699 96.604309082 99.9165725708
700 96.5941543579 99.9629135132
701 96.5897369385 99.9212799072
702 96.5733947754 99.9124908447
703 96.5895690918 99.8146591187
704 96.5542907715 99.8447189331
705 96.5542144775 99.8375244141
706 96.6526947021 99.9110412598
707 96.6205368042 99.941078186
708 96.548789978 99.880569458
709 96.5685577393 99.8405380249
710 96.5690612793 99.8318023682
711 96.5612792969 99.8906478882
712 96.5750274658 99.9150009155
713 96.625617981 99.9195480347
714 96.6598587036 99.8491134644
715 96.6167602539 99.9416275024
716 96.5489349365 99.8830795288
717 96.5392379761 99.8903121948
718 96.5679550171 99.9093780518
719 96.5497741699 99.8086776733
720 96.5590591431 99.8664627075
721 96.569190979 99.8419876099
722 96.5849304199 99.9550018311
723 96.537437439 99.8762741089
724 96.6182403564 99.9738540649
725 96.6016159058 99.9066009521
726 96.5453491211 99.850402832
727 96.6017608643 99.8871383667
728 96.6299285889 99.9163208008
729 96.611579895 99.9670333862
730 96.5790481567 99.905456543
731 96.555480957 99.8706741333
732 96.5292663574 99.7646865845
733 96.5838012695 99.9337692261
734 96.5268783569 99.8897247314
735 96.5564041138 99.975112915
736 96.5649108887 99.8294219971
737 96.5562973022 99.8426742554
738 96.5118942261 99.8358688354
739 96.5255966187 99.8455123901
740 96.5416564941 99.9062271118
741 96.571395874 99.9171600342
742 96.5939407349 99.8879241943
743 96.541519165 99.8786697388
744 96.6345443726 99.9113845825
745 96.5243988037 99.7793579102
746 96.5282440186 99.7562332153
747 96.598487854 99.8542480469
748 96.5473403931 99.7951126099
749 96.5381240845 99.845085144
750 96.5896987915 99.8546600342
751 96.5515975952 99.8368759155
752 96.5062561035 99.8025817871
753 96.5765151978 99.9288330078
754 96.5172805786 99.8371887207
755 96.5436859131 99.8416900635
756 96.5837783813 99.8633499146
757 96.5861053467 99.9245605469
758 96.62940979 99.9124832153
759 96.630821228 99.9106369019
760 96.5374755859 99.8723831177
761 96.6666870117 99.8828277588
762 96.5801849365 99.8808746338
763 96.5488586426 99.9058074951
764 96.515296936 99.9247741699
765 96.5001983643 99.8457260132
766 96.5679550171 99.8316879272
767 96.5594787598 99.7839660645
768 96.5056991577 99.8429107666
769 96.5365371704 99.8444442749
770 96.5444793701 99.7912216187
771 96.6119155884 99.9472885132
772 96.5966873169 99.9300231934
773 96.5710906982 99.8913345337
774 96.6134490967 99.904510498
775 96.6274337769 99.9196166992
776 96.5788345337 99.8485565186
777 96.615737915 99.9036865234
778 96.5704345703 99.8934783936
779 96.5597381592 99.8905715942
780 96.5606689453 99.9860687256
781 96.5283584595 99.8086471558
782 96.5421676636 99.884262085
783 96.5272979736 99.8635482788
784 96.5852203369 100.002319336
785 96.5531158447 99.9371566772
786 96.5630569458 100.017211914
787 96.5388565063 99.9705123901
788 96.6233062744 99.9840774536
789 96.5747756958 99.8505325317
790 96.5487289429 99.8310623169
791 96.5769958496 99.9022064209
792 96.5625610352 99.8087844849
793 96.5305862427 99.8663711548
794 96.517906189 99.8513259888
795 96.5572052002 99.8089141846
796 96.5289382935 99.8502655029
797 96.5474777222 99.8417205811
798 96.5233612061 99.8467254639
799 96.5498199463 99.8623657227
800 96.5840454102 99.9302444458
801 96.5400238037 99.9451065063
802 96.5255661011 99.7829589844
803 96.6172103882 99.9169540405
804 96.501739502 99.8771591187
805 96.5082244873 99.8172225952
806 96.576385498 99.9324874878
807 96.5835342407 99.9029006958
808 96.5723876953 99.8539047241
809 96.5140304565 99.8478469849
810 96.5295562744 99.8834609985
811 96.583114624 99.9248504639
812 96.5404205322 99.8685913086
813 96.6148376465 99.9596939087
814 96.5515899658 99.8820877075
815 96.6113891602 99.9514846802
816 96.5354385376 99.8077697754
817 96.5927200317 99.9157485962
818 96.6258544922 99.8926315308
819 96.5669784546 99.9725265503
820 96.5476608276 99.9064407349
821 96.5769348145 99.9746704102
822 96.524055481 99.9332962036
823 96.4898757935 99.8779220581
824 96.5705184937 99.9454116821
825 96.5676193237 99.9155960083
826 96.526260376 99.9306488037
827 96.6256942749 99.9014968872
828 96.5379180908 99.8074951172
829 96.5519180298 99.8306655884
830 96.5301208496 99.8950500488
831 96.5363006592 99.8836212158
832 96.5659408569 99.9343490601
833 96.507774353 99.8444137573
834 96.5760498047 99.9343338013
835 96.5025177002 99.8486251831
836 96.5472183228 99.892906189
837 96.4704208374 99.8619308472
838 96.5342941284 99.8622055054
839 96.5331268311 99.7335128784
840 96.5397186279 99.8960723877
841 96.5139007568 99.7928085327
842 96.5003509521 99.8769836426
843 96.4747238159 99.8151397705
844 96.4540786743 99.8714981079
845 96.5467758179 99.9105529785
846 96.4832611084 99.8049926758
847 96.5093154907 99.7737350464
848 96.5496139526 99.8298110962
849 96.542640686 99.8469543457
850 96.485458374 99.8304824829
851 96.5829849243 99.8585510254
852 96.5255203247 99.9148330688
853 96.5013198853 99.8176651001
854 96.4969100952 99.797088623
855 96.5654373169 99.9013824463
856 96.5809555054 99.8865890503
857 96.534538269 99.8520355225
858 96.5486373901 99.8608398438
859 96.5767364502 99.8500823975
860 96.5720977783 99.8821487427
861 96.5206985474 99.868850708
862 96.5375976562 99.8502044678
863 96.6204376221 99.8604125977
864 96.5499801636 99.8633728027
865 96.4539642334 99.8288116455
866 96.5057067871 99.8509521484
867 96.5320587158 99.8754730225
868 96.5721664429 99.9505691528
869 96.5148391724 99.8608474731
870 96.4557342529 99.8387374878
871 96.5319061279 99.7271728516
872 96.5510864258 99.8095474243
873 96.566947937 99.8890151978
874 96.5622406006 99.9174728394
875 96.5702209473 99.8255996704
876 96.5669555664 99.8991088867
877 96.4681167603 99.86328125
878 96.4956741333 99.791015625
879 96.516456604 99.9029312134
880 96.5318450928 99.8788757324
881 96.4999542236 99.9057693481
882 96.5663375854 99.8836746216
883 96.5200881958 99.8486251831
884 96.5397949219 99.8339385986
885 96.4850769043 99.804107666
886 96.4942169189 99.8979187012
887 96.5059738159 99.8162384033
888 96.5224304199 99.8376846313
889 96.4881439209 99.8710174561
890 96.5370254517 99.7800445557
891 96.5306167603 99.8173141479
892 96.5620346069 99.9219741821
893 96.5908203125 99.9721450806
894 96.5469970703 99.8629302979
895 96.5807952881 99.9407196045
896 96.5624160767 99.8800735474
897 96.4685974121 99.888458252
898 96.5037384033 99.8535614014
899 96.5521240234 99.9362335205
900 96.5509567261 99.815071106
901 96.5449981689 99.8832702637
902 96.4927139282 99.7711334229
903 96.5618057251 99.8557052612
904 96.5380172729 99.8667678833
905 96.4923171997 99.8071670532
906 96.5643005371 100.016647339
907 96.5357284546 99.7692565918
908 96.4797744751 99.8896865845
909 96.5327758789 99.8615951538
910 96.5238800049 99.891242981
911 96.519821167 99.8978881836
912 96.5128860474 99.9614257812
913 96.5164260864 99.817779541
914 96.5178756714 99.9618835449
915 96.4865570068 99.9282836914
916 96.4704589844 99.7845077515
917 96.5267944336 99.8670578003
918 96.5387039185 99.8963928223
919 96.5099182129 99.9030838013
920 96.5261077881 99.8722381592
921 96.5260009766 99.8850326538
922 96.4764556885 99.8135910034
923 96.5002059937 99.8546218872
924 96.5213241577 99.8219680786
925 96.6201171875 99.9441680908
926 96.5139846802 99.911895752
927 96.5715560913 99.8710250854
928 96.5517349243 99.8359222412
929 96.5320205688 99.8785095215
930 96.4642944336 99.8209075928
931 96.5034179688 99.8764724731
932 96.5250091553 99.8880844116
933 96.494178772 99.8495864868
934 96.5272140503 99.8942565918
935 96.4975585938 99.9354858398
936 96.5113601685 99.9002380371
937 96.5104064941 99.8499221802
938 96.4929275513 99.8550109863
939 96.5299987793 99.8740692139
940 96.5286102295 99.8461608887
941 96.5506744385 99.9381866455
942 96.5359268188 99.9039001465
943 96.4886550903 99.82371521
944 96.4920349121 99.8509216309
945 96.4984970093 99.8053970337
946 96.4964141846 99.8391571045
947 96.5099182129 99.8695602417
948 96.6078338623 100.029808044
949 96.4758758545 99.9543380737
950 96.5138244629 99.9147949219
951 96.5055999756 99.8576126099
952 96.4872589111 99.7978820801
953 96.5022201538 99.8499069214
954 96.4574584961 99.7364654541
955 96.5362548828 99.8390579224
956 96.5124359131 99.8495483398
957 96.5264968872 99.8910751343
958 96.528465271 99.8873672485
959 96.5199356079 99.8086090088
960 96.5124206543 99.8546981812
961 96.4794158936 99.8449401855
962 96.529335022 99.8603439331
963 96.5133209229 99.8703994751
964 96.5170440674 99.890045166
965 96.4978408813 99.8832702637
966 96.5169143677 99.8122940063
967 96.4899139404 99.8491973877
968 96.448387146 99.8037261963
969 96.4549789429 99.8906936646
970 96.5071868896 99.8350067139
971 96.5518493652 99.776763916
972 96.5069274902 99.8191757202
973 96.5823364258 100.028373718
974 96.467124939 99.7902603149
975 96.5285339355 99.888458252
976 96.5138778687 99.8560562134
977 96.5018692017 99.8602981567
978 96.5248794556 99.8351364136
979 96.4657058716 99.9644699097
980 96.4769973755 99.823059082
981 96.533744812 99.9476852417
982 96.4837799072 99.8479690552
983 96.50415802 99.8139190674
984 96.4692001343 99.7854156494
985 96.5771560669 99.9392700195
986 96.4861297607 99.8361282349
987 96.4590148926 99.8250198364
988 96.4944610596 99.7888259888
989 96.4678497314 99.7953643799
990 96.4267654419 99.8358383179
991 96.5455703735 99.8973770142
992 96.5228347778 99.8903045654
993 96.4822006226 99.8210372925
994 96.4794845581 99.9522476196
995 96.5274581909 99.9069137573
996 96.521446228 99.7948226929
997 96.4665145874 99.7971343994
998 96.4684371948 99.7993621826
999 96.5503311157 99.8970947266
creating pickled numpy output
wrote pickled numpy output
Final validation loss
garray(99.86608123779297)
Final test loss
garray(99.3080062866211)
Theano: Initializing cuBLAS
