Compiled loss functions
compiled score function
0 194.253860474 192.65322876
1 179.747192383 178.123474121
2 176.209228516 174.722640991
3 172.848388672 170.922439575
4 169.938812256 168.22505188
5 167.316162109 165.481552124
6 165.056640625 162.832992554
7 163.309707642 161.746139526
8 162.492538452 161.018951416
9 161.092773438 159.451538086
10 160.382202148 158.494949341
11 159.339797974 157.860015869
12 159.070388794 157.197265625
13 158.043075562 156.279296875
14 157.280731201 155.742660522
15 156.62171936 155.016220093
16 156.140380859 154.498001099
17 155.557540894 154.456085205
18 154.90965271 153.6040802
19 154.58039856 153.522338867
20 154.455291748 152.947982788
21 153.591598511 152.376922607
22 153.357421875 152.219543457
23 153.444595337 152.450042725
24 152.829589844 151.667510986
25 152.747772217 151.733978271
26 152.054382324 151.187713623
27 151.767211914 150.598953247
28 151.673065186 150.631027222
29 151.334503174 150.528945923
30 150.964126587 150.139801025
31 150.89151001 150.045455933
32 150.538009644 149.782928467
33 150.280059814 149.722976685
34 150.299484253 149.60824585
35 150.259094238 149.798416138
36 149.829269409 149.348358154
37 149.766479492 149.087402344
38 149.554595947 149.004440308
39 149.130493164 148.669952393
40 149.463653564 148.648757935
41 149.264099121 149.18522644
42 148.851196289 148.648925781
43 148.732910156 148.387329102
44 148.440490723 147.854797363
45 148.416732788 148.007110596
46 148.245117188 147.72164917
47 148.279891968 147.95135498
48 147.96736145 147.530441284
49 147.838989258 147.597412109
50 147.792419434 147.383422852
51 147.657516479 147.230712891
52 147.754302979 147.332763672
53 147.225982666 146.956115723
54 147.264144897 147.149490356
55 147.174880981 147.203201294
56 147.138900757 147.076370239
57 147.018859863 146.863327026
58 147.253967285 147.4584198
59 146.701049805 146.751571655
60 146.793899536 146.742294312
61 146.451980591 146.540878296
62 146.380661011 146.489242554
63 146.612747192 146.384216309
64 146.514480591 146.341415405
65 146.337173462 146.287460327
66 146.406570435 146.212478638
67 146.392318726 146.765045166
68 146.03868103 146.059844971
69 146.008422852 146.001876831
70 145.860488892 146.083953857
71 145.791351318 145.792053223
72 145.782409668 145.715560913
73 145.492858887 145.717697144
74 145.59046936 145.530548096
75 145.541671753 145.988723755
76 145.496414185 145.651473999
77 145.510787964 145.632614136
78 145.238769531 145.318939209
79 145.244415283 145.168014526
80 145.277008057 145.651153564
81 145.170471191 145.494674683
82 145.116470337 145.374343872
83 145.033401489 145.536529541
84 144.922180176 145.50100708
85 144.826553345 145.015029907
86 144.696289062 144.867446899
87 144.835418701 145.224594116
88 144.704620361 145.035339355
89 144.63458252 145.080215454
90 144.500091553 144.75289917
91 144.466491699 144.948913574
92 144.330780029 144.893783569
93 144.603012085 145.033065796
94 144.470199585 144.813568115
95 144.18347168 144.621337891
96 144.079071045 144.513153076
97 144.376800537 144.946166992
98 144.146881104 144.765365601
99 144.176559448 144.657608032
100 144.203948975 144.432739258
101 143.907577515 144.340240479
102 144.111923218 144.918029785
103 143.982421875 144.51008606
104 143.771011353 144.258773804
105 143.953735352 144.570098877
106 144.005599976 144.755874634
107 143.587219238 144.260299683
108 143.973800659 144.533081055
109 143.749832153 144.30657959
110 143.599395752 144.190765381
111 143.717529297 144.262756348
112 143.555145264 143.805892944
113 143.448684692 143.930252075
114 143.389678955 143.939804077
115 143.508621216 144.168106079
116 143.407318115 143.80809021
117 143.324005127 143.954147339
118 143.395965576 143.961151123
119 143.391540527 143.901275635
120 143.137039185 143.889480591
121 143.241378784 143.79737854
122 143.326812744 143.889526367
123 143.054763794 143.654571533
124 143.426040649 144.458969116
125 143.365066528 143.636703491
126 143.381317139 144.486175537
127 142.904998779 143.707275391
128 142.876022339 143.737228394
129 143.017425537 143.904647827
130 142.984802246 143.844528198
131 142.870361328 143.547653198
132 142.754974365 143.496948242
133 142.929504395 143.98348999
134 142.725738525 143.403884888
135 142.822357178 143.727172852
136 142.872940063 143.514846802
137 142.618362427 143.221969604
138 142.897994995 143.536270142
139 142.669219971 143.425003052
140 142.614242554 143.251876831
141 142.703704834 143.850769043
142 142.89515686 143.564407349
143 142.449829102 143.207824707
144 142.571838379 143.342163086
145 142.384597778 143.292480469
146 142.457733154 143.343658447
147 142.488586426 143.07598877
148 142.552520752 143.348098755
149 142.492034912 143.359695435
150 142.667129517 143.16242981
151 142.338394165 143.269165039
152 142.25982666 142.964477539
153 142.248641968 143.250137329
154 142.279129028 143.052734375
155 142.201095581 143.272399902
156 142.163909912 143.095672607
157 142.173568726 143.279663086
158 142.257873535 143.223678589
159 142.097290039 143.19102478
160 142.204238892 143.048416138
161 141.867675781 142.724472046
162 141.904663086 142.799423218
163 141.942169189 142.89642334
164 141.822509766 142.917480469
165 141.912322998 142.95098877
166 142.095397949 143.182266235
167 141.874221802 143.052520752
168 142.500442505 143.935821533
169 141.825698853 143.117202759
170 141.89642334 142.930847168
171 141.865844727 143.142456055
172 141.911483765 142.798019409
173 141.842895508 143.160964966
174 141.931991577 143.117996216
175 141.734603882 142.823852539
176 141.664077759 142.479492188
177 141.5440979 142.615921021
178 141.596878052 142.56678772
179 141.513412476 142.805297852
180 141.704452515 142.847808838
181 141.693023682 142.602706909
182 141.572891235 142.704544067
183 141.47366333 142.551116943
184 141.535079956 142.642288208
185 141.607162476 142.540298462
186 141.545410156 142.335403442
187 141.386932373 142.625137329
188 141.714233398 142.432693481
189 141.595443726 142.67237854
190 141.401580811 142.544235229
191 141.591110229 142.441040039
192 141.413131714 142.58416748
193 141.331451416 142.746429443
194 141.302536011 142.452880859
195 141.509307861 142.789978027
196 141.191558838 142.196655273
197 141.267562866 142.471542358
198 141.11289978 142.250915527
199 141.186508179 142.570465088
200 141.494049072 142.796264648
201 141.060623169 142.274902344
202 141.330093384 142.908615112
203 141.101593018 142.302749634
204 141.218963623 142.295166016
205 141.231552124 142.39050293
206 141.081161499 142.354049683
207 141.071273804 142.441925049
208 141.123672485 142.275039673
209 141.133895874 142.409332275
210 140.980407715 142.171844482
211 141.163619995 142.56312561
212 141.124862671 142.184326172
213 140.998931885 142.045776367
214 141.242080688 142.568786621
215 141.09413147 142.280792236
216 140.746551514 142.040222168
217 140.824172974 142.177352905
218 140.857803345 142.113952637
219 141.024093628 142.240631104
220 140.835662842 142.219329834
221 140.970962524 142.212860107
222 141.054153442 142.290771484
223 141.214431763 142.262634277
224 140.93460083 142.100540161
225 141.035064697 142.456619263
226 141.119812012 142.139343262
227 140.830596924 141.915802002
228 140.689498901 142.195968628
229 140.836013794 142.117889404
230 140.936859131 142.097564697
231 140.854751587 141.996826172
232 140.943710327 142.03086853
233 140.819580078 142.024688721
234 140.792877197 141.876266479
235 140.868850708 142.332565308
236 140.669754028 141.930664062
237 140.722808838 141.923324585
238 140.720153809 141.937515259
239 140.691268921 141.940734863
240 140.610137939 142.140197754
241 140.671630859 142.092254639
242 140.578170776 141.847045898
243 140.804626465 142.167907715
244 140.61668396 142.169006348
245 140.481948853 141.706207275
246 140.760681152 142.200256348
247 140.668395996 142.0831604
248 140.538345337 141.767654419
249 140.697769165 141.80847168
250 140.409790039 141.779678345
251 140.486190796 142.106628418
252 140.359512329 141.746902466
253 140.587554932 141.789901733
254 140.609710693 141.828414917
255 140.449951172 141.570648193
256 140.615432739 142.012939453
257 140.53767395 141.975326538
258 140.602264404 141.925704956
259 140.470977783 141.904434204
260 140.298675537 141.623474121
261 140.437042236 141.988128662
262 140.57723999 141.839477539
263 140.186889648 141.503662109
264 140.296890259 141.669952393
265 140.465011597 141.769775391
266 140.557861328 142.150939941
267 140.352081299 141.574569702
268 140.343811035 141.950500488
269 140.428573608 141.913238525
270 140.344833374 141.679031372
271 140.348999023 141.710998535
272 140.348205566 141.676589966
273 140.213287354 141.587493896
274 140.346710205 141.833740234
275 140.530929565 141.674804688
276 140.20993042 141.435073853
277 140.451858521 141.604568481
278 140.371383667 141.49281311
279 140.372848511 141.700653076
280 140.247161865 141.942977905
281 140.19644165 141.744400024
282 140.292144775 141.570861816
283 140.180053711 141.68371582
284 140.214813232 141.614578247
285 140.077941895 141.741226196
286 140.030349731 141.665130615
287 140.298980713 141.773239136
288 140.19418335 141.843826294
289 140.11907959 141.553894043
290 140.134231567 141.669128418
291 139.989257812 141.484939575
292 140.107543945 141.580078125
293 140.050827026 141.54335022
294 140.13873291 141.611816406
295 139.977279663 141.544052124
296 139.79776001 141.306549072
297 140.100463867 141.353302002
298 139.968978882 141.45715332
299 139.960235596 141.37260437
300 139.93800354 141.581176758
301 140.026199341 141.404052734
302 140.128677368 141.539703369
303 139.962677002 141.502655029
304 140.139678955 141.770553589
305 140.096282959 141.607147217
306 139.88885498 141.523254395
307 139.888702393 141.275939941
308 139.867523193 141.413314819
309 140.122070312 141.734191895
310 139.80632019 141.199996948
311 139.764877319 141.160812378
312 140.035842896 141.570755005
313 139.921432495 141.279403687
314 139.758178711 141.059707642
315 139.956329346 141.503051758
316 139.872299194 141.275665283
317 139.796890259 141.393264771
318 139.886703491 141.159805298
319 139.967590332 141.638824463
320 139.778869629 141.232177734
321 140.307403564 141.30015564
322 139.843963623 141.323745728
323 139.714080811 141.361740112
324 139.642990112 141.242614746
325 139.92401123 141.697296143
326 139.904663086 141.324020386
327 139.72946167 141.187271118
328 139.784362793 141.501052856
329 139.612350464 141.006225586
330 139.741821289 141.41519165
331 139.855529785 141.56137085
332 139.83807373 141.370361328
333 139.964691162 141.693466187
334 139.516967773 141.109313965
335 139.582397461 141.220733643
336 139.610473633 141.354873657
337 139.658172607 141.417999268
338 139.807922363 141.227203369
339 139.747772217 141.206802368
340 139.752166748 141.120452881
341 139.965240479 141.33732605
342 139.611038208 141.132705688
343 139.754577637 141.366027832
344 139.587310791 141.108566284
345 139.750076294 141.401184082
346 139.528747559 141.058120728
347 139.82951355 141.606338501
348 139.742431641 140.997802734
349 139.599349976 141.191680908
350 139.539871216 140.875320435
351 139.8646698 141.451416016
352 139.635131836 141.158538818
353 139.729187012 141.319839478
354 139.539352417 141.053192139
355 139.497055054 141.103637695
356 139.414413452 141.04385376
357 139.550674438 141.010482788
358 139.504989624 140.900726318
359 139.396240234 141.12020874
360 139.468841553 141.190444946
361 139.701522827 141.213973999
362 139.35005188 141.082626343
363 139.486968994 140.854141235
364 139.450668335 141.102401733
365 139.709762573 141.237167358
366 139.385116577 141.009368896
367 139.412857056 141.065872192
368 139.435501099 141.042953491
369 139.558731079 141.365814209
370 139.331863403 141.082214355
371 139.382629395 140.941818237
372 139.373001099 140.808166504
373 139.384109497 141.069839478
374 139.399932861 140.769256592
375 139.402679443 140.905807495
376 139.544662476 141.017974854
377 139.327880859 140.992095947
378 139.310470581 140.856750488
379 139.526382446 141.178024292
380 139.281005859 141.114074707
381 139.475921631 140.86706543
382 139.708114624 141.582138062
383 139.325378418 141.012023926
384 139.537750244 140.862792969
385 139.39239502 140.862121582
386 139.382019043 140.876861572
387 139.426437378 140.94354248
388 139.269622803 140.723068237
389 139.306655884 141.051330566
390 139.140991211 140.811065674
391 139.27532959 140.835372925
392 139.419692993 141.147064209
393 139.127990723 140.701477051
394 139.476882935 140.999481201
395 139.80380249 141.705154419
396 139.330993652 140.792312622
397 139.246582031 141.020080566
398 139.234436035 140.765777588
399 139.440231323 141.000869751
400 139.124969482 140.581390381
401 139.071731567 140.950302124
402 139.101882935 140.814468384
403 139.295318604 140.841308594
404 139.146514893 140.891677856
405 139.226165771 140.895019531
406 139.043899536 140.827209473
407 139.147781372 140.86479187
408 139.219390869 140.996261597
409 139.13923645 140.83795166
410 139.123168945 140.759841919
411 139.019393921 140.657043457
412 139.136276245 140.988052368
413 139.24446106 140.768203735
414 139.081420898 140.561141968
415 139.159500122 140.601501465
416 139.464355469 140.974014282
417 139.294921875 140.901367188
418 139.191131592 140.996109009
419 139.158630371 140.788650513
420 139.153182983 140.71156311
421 138.969192505 140.48664856
422 139.230194092 141.117446899
423 139.392349243 140.871688843
424 139.189666748 140.815002441
425 139.019042969 140.878448486
426 139.12461853 140.636383057
427 138.992462158 140.727340698
428 139.080718994 140.88583374
429 139.408187866 140.915176392
430 139.347167969 141.299072266
431 139.564559937 140.937484741
432 139.140563965 140.897323608
433 138.92175293 140.42817688
434 138.893295288 140.49331665
435 139.151123047 140.778503418
436 138.886230469 140.540420532
437 138.856964111 140.49987793
438 139.020843506 140.758346558
439 139.012237549 140.726928711
440 139.087966919 140.724517822
441 139.082107544 140.91734314
442 139.014221191 140.649124146
443 139.178710938 140.759399414
444 138.854034424 140.603530884
445 138.979751587 140.787490845
446 139.132125854 140.775909424
447 138.835266113 140.439804077
448 138.947845459 140.452209473
449 139.197433472 141.063415527
450 138.876785278 140.550552368
451 139.075012207 140.795425415
452 139.014389038 140.703582764
453 138.916610718 140.593994141
454 138.969665527 140.516601562
455 139.108734131 140.48651123
456 138.936538696 140.731704712
457 139.067550659 140.786315918
458 138.923492432 140.677703857
459 138.989776611 140.911621094
460 138.883514404 140.536514282
461 138.920440674 140.555099487
462 138.866744995 140.514724731
463 139.043304443 140.83757019
464 138.806121826 140.54069519
465 139.130691528 140.740631104
466 138.939453125 140.587814331
467 139.003128052 140.433578491
468 138.854324341 140.536590576
469 138.855331421 140.784225464
470 138.732650757 140.444244385
471 138.949813843 140.524200439
472 138.926193237 140.463775635
473 138.997360229 140.994812012
474 138.926803589 140.787246704
475 139.072570801 140.468856812
476 138.787979126 140.326934814
477 139.024291992 140.798690796
478 139.078720093 140.401153564
479 138.875350952 140.389022827
480 138.732788086 140.606414795
481 138.737442017 140.491714478
482 138.832809448 140.33744812
483 138.728652954 140.371154785
484 138.74407959 140.130523682
485 138.865142822 140.83354187
486 138.786209106 140.481765747
487 138.889892578 140.824478149
488 138.832672119 140.684844971
489 139.030731201 140.771118164
490 138.712921143 140.462921143
491 138.699859619 140.567855835
492 138.645599365 140.358657837
493 138.812835693 140.603973389
494 138.821121216 140.693359375
495 138.715911865 140.495513916
496 139.02104187 140.624664307
497 138.741653442 140.540039062
498 138.793823242 140.541641235
499 138.595550537 140.372207642
500 138.866043091 140.546691895
501 138.854141235 140.499664307
502 138.844512939 140.439727783
503 138.841140747 140.688842773
504 138.683044434 140.494232178
505 139.052566528 140.61505127
506 138.688339233 140.46925354
507 138.865310669 140.818527222
508 138.638000488 140.356826782
509 138.807449341 140.626495361
510 138.770309448 140.389968872
511 138.768890381 140.380691528
512 138.694442749 140.59072876
513 138.803726196 140.629379272
514 138.616256714 140.49786377
515 138.687454224 140.455627441
516 138.896331787 140.639297485
517 138.718063354 140.643432617
518 138.534713745 140.290328979
519 138.723724365 140.44039917
520 138.341293335 140.153945923
521 138.715042114 140.24559021
522 138.629898071 140.499984741
523 138.600021362 140.574539185
524 138.738098145 140.491119385
525 138.679321289 140.484786987
526 138.543411255 140.297821045
527 138.513259888 140.445800781
528 138.573181152 140.232498169
529 138.548736572 140.458435059
530 138.641616821 140.451660156
531 138.754959106 140.605026245
532 138.718566895 140.426422119
533 138.474731445 140.441986084
534 138.563674927 140.249969482
535 138.62928772 140.207504272
536 138.493713379 140.40562439
537 138.780487061 140.548477173
538 138.684188843 140.428939819
539 138.517150879 140.279754639
540 138.718521118 140.340774536
541 138.50302124 140.515472412
542 138.49005127 140.345458984
543 138.434631348 140.28956604
544 138.601913452 140.449859619
545 138.75163269 140.45375061
546 138.694778442 140.475341797
547 138.573104858 140.247528076
548 138.511947632 140.291763306
549 138.581665039 140.459869385
550 138.680419922 140.412628174
551 138.477233887 140.251327515
552 138.39414978 140.203872681
553 138.627883911 140.504821777
554 138.510162354 140.279281616
555 138.367370605 140.314437866
556 138.458572388 140.122940063
557 138.56262207 140.394577026
558 138.94480896 140.43977356
559 138.557281494 140.412384033
560 138.401321411 140.446640015
561 138.421096802 140.326202393
562 138.377990723 140.147735596
563 138.502609253 140.158615112
564 138.605728149 140.436355591
565 138.597930908 140.567474365
566 138.562149048 140.279922485
567 138.407897949 140.232452393
568 138.329696655 140.210250854
569 138.429351807 140.408279419
570 138.392868042 140.15612793
571 138.626235962 140.275665283
572 138.338500977 140.371994019
573 138.50428772 140.27923584
574 138.600784302 140.227600098
575 138.811691284 140.217575073
576 138.220733643 140.178573608
577 138.521331787 140.283630371
578 138.365188599 140.514282227
579 138.37461853 139.986907959
580 138.288848877 140.139282227
581 138.409515381 140.302902222
582 138.294631958 140.195907593
583 138.356292725 140.044036865
584 138.574874878 140.648391724
585 138.55078125 140.408752441
586 138.385391235 140.124969482
587 138.477523804 140.439376831
588 138.515625 140.283630371
589 138.621810913 140.331039429
590 138.501831055 140.265487671
591 138.392150879 140.339370728
592 138.400360107 140.389694214
593 138.403121948 140.226242065
594 138.466201782 140.231063843
595 138.160339355 140.187591553
596 138.555160522 140.336715698
597 138.120925903 140.011322021
598 138.363342285 140.202774048
599 138.316467285 140.297332764
600 138.38319397 140.29876709
601 138.211700439 140.139190674
602 138.225875854 140.101821899
603 138.287734985 140.148330688
604 139.135940552 141.070541382
605 138.295959473 140.057754517
606 138.337799072 140.361999512
607 138.206802368 140.050994873
608 138.202453613 140.053588867
609 138.511459351 140.466323853
610 138.225723267 139.962783813
611 138.569564819 140.556884766
612 138.559494019 140.673629761
613 138.319122314 139.969329834
614 138.371902466 140.195007324
615 138.195709229 140.055435181
616 138.278823853 139.980926514
617 138.2134552 140.158950806
618 138.263290405 140.201065063
619 138.393814087 140.309432983
620 138.220596313 140.306671143
621 138.48374939 140.586395264
622 138.243850708 139.935287476
623 138.22203064 139.988739014
624 138.302703857 139.999450684
625 138.149932861 140.010757446
626 138.291793823 140.208084106
627 138.2006073 139.959274292
628 138.357696533 140.391906738
629 138.198455811 140.188415527
630 138.24772644 140.079971313
631 138.16418457 140.180541992
632 138.223236084 139.979705811
633 138.234268188 139.908615112
634 138.289489746 139.918960571
635 138.39024353 140.395874023
636 138.109909058 139.885467529
637 138.376922607 140.199951172
638 138.268692017 140.23059082
639 138.397613525 140.126785278
640 138.206207275 140.311218262
641 138.149383545 140.135009766
642 138.257781982 140.062026978
643 138.380630493 140.463470459
644 138.220947266 140.227111816
645 138.328292847 140.165893555
646 138.160797119 139.928878784
647 138.14553833 140.089828491
648 138.224594116 140.2396698
649 138.272323608 140.19128418
650 138.196243286 140.09916687
651 138.195053101 140.234939575
652 138.190536499 140.02381897
653 138.34564209 140.325927734
654 138.110671997 139.789886475
655 138.351959229 140.165527344
656 138.163421631 140.100616455
657 138.322280884 140.282623291
658 138.04486084 140.062301636
659 138.132553101 139.940002441
660 138.095962524 139.821380615
661 138.280014038 140.124099731
662 137.99395752 139.984558105
663 138.0625 140.020111084
664 138.195755005 140.127059937
665 138.01991272 140.04510498
666 138.076339722 139.838409424
667 138.521743774 140.419937134
668 138.113418579 140.147155762
669 138.287994385 140.103210449
670 137.927307129 139.780151367
671 138.149581909 140.142883301
672 137.994613647 139.920669556
673 137.98576355 139.773651123
674 137.963394165 139.952041626
675 138.199493408 140.193969727
676 138.261672974 140.037002563
677 138.079681396 139.780410767
678 138.432891846 140.256851196
679 137.983459473 139.912628174
680 138.34979248 140.014846802
681 137.956665039 139.849975586
682 138.006637573 140.024902344
683 138.178863525 139.961227417
684 138.10508728 139.953613281
685 138.134185791 140.111129761
686 138.11907959 140.134628296
687 138.071853638 140.083496094
688 138.015533447 139.862457275
689 138.198623657 140.256362915
690 138.022216797 139.851028442
691 138.097427368 140.077316284
692 138.106369019 139.989303589
693 137.937667847 139.874450684
694 137.972610474 139.831604004
695 138.340057373 140.035507202
696 138.166320801 140.519973755
697 138.119445801 139.962112427
698 138.181610107 140.066604614
699 138.021591187 140.07598877
700 138.122909546 140.104064941
701 137.878768921 139.876525879
702 138.237243652 140.11378479
703 138.139343262 140.113861084
704 137.868682861 140.041702271
705 138.112380981 140.06187439
706 138.060241699 140.207702637
707 138.047927856 140.128051758
708 138.215591431 140.26008606
709 137.973968506 139.970108032
710 138.077819824 139.942443848
711 137.998687744 139.870162964
712 138.158843994 139.960037231
713 138.062271118 139.812423706
714 138.0834198 140.15663147
715 138.237167358 140.189193726
716 137.969604492 139.912094116
717 137.861953735 139.794174194
718 137.990081787 140.023483276
719 138.0287323 140.307174683
720 137.914886475 139.774032593
721 138.153564453 139.81439209
722 138.070953369 140.182159424
723 137.959106445 139.937896729
724 137.881973267 140.105728149
725 137.922119141 139.941452026
726 138.026870728 139.967056274
727 137.982299805 139.8878479
728 137.851150513 139.754882812
729 137.901580811 139.86807251
730 137.867675781 139.92199707
731 138.265274048 140.299301147
732 138.172302246 140.341217041
733 137.865432739 139.855575562
734 137.839523315 140.106002808
735 137.934738159 139.99810791
736 137.991149902 139.928009033
737 137.908813477 139.786727905
738 138.080886841 140.021270752
739 137.86289978 139.661865234
740 137.90272522 140.078094482
741 138.144515991 140.153747559
742 137.792053223 139.814666748
743 137.830612183 139.970413208
744 137.915359497 139.75390625
745 137.791763306 139.994369507
746 137.828231812 139.815963745
747 137.860153198 139.919708252
748 137.750137329 139.653823853
749 137.876831055 139.95085144
750 137.773742676 139.714767456
751 138.088470459 139.900268555
752 138.078979492 140.088653564
753 137.898391724 139.980712891
754 137.901870728 139.975494385
755 137.802947998 139.604171753
756 137.768936157 139.778244019
757 137.952133179 139.827453613
758 137.956298828 140.179077148
759 138.035751343 140.283340454
760 138.023788452 140.09387207
761 137.950515747 139.804550171
762 138.15246582 140.604415894
763 137.715515137 139.736358643
764 137.907653809 139.937973022
765 138.099594116 140.336868286
766 137.803543091 139.919952393
767 137.983901978 139.998245239
768 137.952102661 140.024902344
769 137.7605896 139.824783325
770 138.024459839 140.120117188
771 138.009506226 140.479660034
772 137.841415405 139.831344604
773 137.811523438 139.902481079
774 138.005569458 140.227737427
775 137.842163086 139.844451904
776 137.816268921 139.760406494
777 138.190124512 140.284347534
778 137.804641724 139.740356445
779 137.684295654 139.72052002
780 137.74621582 139.68800354
781 137.850082397 139.917068481
782 137.795440674 139.642044067
783 137.875411987 139.905258179
784 137.92489624 139.763153076
785 137.836532593 140.02394104
786 137.725860596 139.75617981
787 137.93447876 139.859939575
788 137.793395996 139.643707275
789 137.70904541 139.804672241
790 137.901229858 139.998153687
791 137.821640015 139.731750488
792 138.190612793 140.467651367
793 137.734130859 139.752105713
794 137.827804565 140.007522583
795 137.766571045 139.797912598
796 137.678649902 140.004714966
797 137.792221069 140.116516113
798 137.779159546 139.876647949
799 138.098022461 139.866928101
800 137.706253052 139.634552002
801 137.683670044 139.791946411
802 137.698348999 139.809417725
803 137.952819824 140.312652588
804 137.980682373 140.060562134
805 137.764923096 139.973449707
806 137.581558228 139.93371582
807 137.592224121 139.878250122
808 137.860443115 139.976089478
809 137.951583862 140.399459839
810 137.932510376 140.193557739
811 137.718429565 140.058639526
812 137.732192993 139.718338013
813 137.854309082 140.064727783
814 137.813613892 140.038101196
815 137.67388916 139.776672363
816 137.835952759 139.836547852
817 138.244735718 140.056259155
818 137.971420288 140.178070068
819 137.567520142 139.78326416
820 137.678482056 139.995788574
821 137.558395386 139.826965332
822 137.585845947 139.671142578
823 137.828262329 140.087783813
824 137.842071533 140.087554932
825 138.017333984 140.340164185
826 138.108520508 140.355834961
827 137.951873779 140.172714233
828 137.824966431 140.095657349
829 137.861663818 140.120178223
830 137.7605896 140.007522583
831 137.825119019 139.966766357
832 137.765869141 140.000747681
833 137.851593018 139.986694336
834 137.972061157 140.257995605
835 137.761871338 139.829193115
836 137.673538208 139.84425354
837 137.809951782 139.580276489
838 137.921905518 140.32484436
839 137.96774292 140.171813965
840 137.6459198 139.79624939
841 137.580673218 139.584823608
842 137.574462891 139.854751587
843 137.640838623 139.93800354
844 137.87449646 140.180526733
845 137.842529297 140.20475769
846 137.53604126 139.734512329
847 138.077926636 140.384765625
848 137.674911499 139.683013916
849 137.631393433 139.684967041
850 137.728500366 139.693832397
851 137.739135742 139.968353271
852 137.757720947 139.865982056
853 137.691360474 139.656219482
854 137.736450195 139.752853394
855 137.803833008 139.870239258
856 137.726486206 140.037353516
857 137.577255249 139.575775146
858 137.816970825 139.9400177
859 137.570571899 139.744064331
860 137.670913696 139.574249268
861 137.560180664 139.700820923
862 137.931686401 139.982727051
863 137.563491821 139.678344727
864 137.558441162 139.53843689
865 137.757598877 139.994491577
866 137.59236145 139.820556641
867 137.517242432 139.608184814
868 137.567169189 139.568603516
869 137.44758606 139.757324219
870 137.68989563 139.736679077
871 137.85484314 139.970077515
872 137.651733398 139.562637329
873 137.640853882 139.745254517
874 137.693359375 139.752151489
875 137.842575073 140.082366943
876 137.589050293 139.7527771
877 137.657653809 139.792404175
878 137.676879883 139.863525391
879 137.45249939 139.633270264
880 137.896743774 140.018127441
881 137.658340454 139.786956787
882 137.641998291 139.677490234
883 137.791900635 139.732177734
884 137.545333862 139.606109619
885 137.539642334 140.011016846
886 137.579208374 139.599716187
887 137.581253052 139.536514282
888 137.645874023 139.67829895
889 137.656173706 140.009765625
890 137.827774048 140.026565552
891 137.638381958 139.914993286
892 137.680145264 139.627059937
893 137.441558838 139.453231812
894 137.691802979 139.800415039
895 137.642745972 139.62272644
896 137.877655029 139.742767334
897 137.675750732 139.851928711
898 137.740982056 139.786026001
899 137.503250122 139.618728638
900 137.834030151 139.905014038
901 137.501861572 139.600540161
902 137.50289917 139.800964355
903 137.526992798 139.588226318
904 137.616668701 139.722900391
905 137.478225708 139.834487915
906 137.634338379 139.791534424
907 137.859222412 139.914291382
908 137.746612549 139.993621826
909 137.577438354 139.781341553
910 137.736221313 140.105422974
911 137.52923584 139.739898682
912 137.35307312 139.541244507
913 137.588088989 139.673614502
914 137.545730591 139.633682251
915 137.506652832 139.653945923
916 137.745071411 139.762985229
917 137.688400269 139.689697266
918 137.827011108 139.860214233
919 137.584518433 139.690261841
920 137.652099609 139.91015625
921 137.676361084 140.062774658
922 137.760055542 140.207748413
923 137.527481079 139.606750488
924 137.508926392 139.970291138
925 137.389862061 139.562698364
926 137.640335083 139.347061157
927 137.418991089 139.693603516
928 137.530349731 139.732818604
929 137.344207764 139.519088745
930 137.335144043 139.439422607
931 137.703491211 139.680648804
932 137.59262085 139.720291138
933 137.450164795 139.625350952
934 137.633560181 139.860351562
935 137.643890381 139.86567688
936 137.340301514 139.598968506
937 137.488693237 139.844482422
938 138.033813477 139.974090576
939 137.441238403 139.663269043
940 137.423675537 139.53175354
941 137.62663269 139.695281982
942 137.480377197 139.418838501
943 137.368164062 139.850540161
944 137.45123291 139.590515137
945 137.600280762 139.684692383
946 137.465911865 139.793838501
947 137.623046875 139.607803345
948 137.717880249 139.956680298
949 137.422592163 139.527984619
950 137.394317627 139.667984009
951 137.485778809 139.655075073
952 137.395751953 139.804290771
953 137.523010254 139.961380005
954 137.387207031 139.462768555
955 138.038009644 140.050582886
956 137.559661865 139.478820801
957 137.551681519 139.70149231
958 137.759292603 140.027923584
959 137.656860352 139.90802002
960 137.270736694 139.605712891
961 137.355529785 139.536499023
962 137.531112671 139.628295898
963 137.431427002 139.833724976
964 137.162475586 139.459106445
965 137.376205444 139.596099854
966 137.681365967 139.981491089
967 137.268997192 139.477340698
968 137.521835327 139.830322266
969 137.427337646 139.404434204
970 137.378173828 139.41619873
971 137.503662109 139.89213562
972 137.498153687 139.524627686
973 137.439086914 139.54649353
974 137.388641357 139.702209473
975 137.406463623 139.634399414
976 137.288101196 139.52243042
977 137.390029907 139.477767944
978 137.425827026 139.669876099
979 137.393508911 139.634094238
980 137.366348267 139.601837158
981 137.323013306 139.454971313
982 137.548492432 139.813690186
983 137.43560791 139.367523193
984 137.584884644 139.914260864
985 137.544708252 139.658859253
986 137.462875366 139.682754517
987 137.399032593 139.600753784
988 137.569000244 139.755096436
989 137.811462402 139.843215942
990 137.610778809 139.660995483
991 137.446960449 139.648788452
992 137.453781128 139.931152344
993 137.410766602 139.649749756
994 137.687805176 139.944259644
995 137.669891357 140.037948608
996 137.349945068 139.432739258
997 137.421401978 139.400665283
998 137.234191895 139.457733154
999 137.422531128 139.51763916
1000 137.649978638 139.89263916
1001 137.310012817 139.511383057
1002 137.347259521 139.637008667
1003 137.603561401 139.924346924
1004 137.382217407 139.475738525
1005 137.52494812 139.651916504
1006 137.322021484 139.406768799
1007 137.512908936 139.476699829
1008 137.302978516 139.440078735
1009 137.406204224 139.782684326
1010 137.428634644 139.488739014
1011 137.325057983 139.492111206
1012 137.223983765 139.6199646
1013 137.435592651 139.801101685
1014 137.264328003 139.645126343
1015 137.449966431 139.777664185
1016 137.346542358 139.636932373
1017 137.328598022 139.62286377
1018 137.29196167 139.592758179
1019 137.401443481 139.634414673
1020 137.447891235 139.506759644
1021 137.401016235 139.669830322
1022 137.429931641 139.543258667
1023 137.375946045 139.490234375
1024 137.356292725 139.691741943
1025 137.43296814 139.792953491
1026 137.499053955 139.820175171
1027 137.252929688 139.390197754
1028 137.378768921 139.400100708
1029 137.207885742 139.533828735
1030 137.439285278 139.685089111
1031 137.240707397 139.619781494
1032 137.560501099 140.109725952
1033 137.229797363 139.368240356
1034 137.268478394 139.499816895
1035 137.628250122 139.846298218
1036 137.130096436 139.424240112
1037 137.382522583 139.596099854
1038 137.363479614 139.74079895
1039 137.376449585 139.845428467
1040 137.486343384 139.883728027
1041 137.712539673 140.108169556
1042 137.353866577 139.589202881
1043 137.364974976 139.42376709
1044 137.549423218 139.799285889
1045 137.636367798 140.053665161
1046 137.570724487 140.133453369
1047 137.47958374 139.841125488
1048 137.525146484 139.710540771
1049 137.202819824 139.686706543
1050 137.412841797 139.86315918
1051 137.198959351 139.503417969
1052 137.070755005 139.441375732
1053 137.251373291 139.567428589
1054 137.273727417 139.581939697
1055 137.182891846 139.548568726
1056 137.284469604 139.749572754
1057 137.305725098 139.624481201
1058 137.182098389 139.607498169
1059 137.461593628 139.715194702
1060 137.348876953 139.524459839
1061 137.258865356 139.583694458
1062 137.3203125 139.775238037
1063 137.375595093 139.877563477
1064 137.365112305 139.532241821
1065 137.397583008 139.774780273
1066 137.152633667 139.451828003
1067 137.448379517 139.837265015
1068 137.057601929 139.439331055
1069 137.374130249 139.639312744
1070 137.615478516 139.958328247
1071 137.366210938 139.728103638
1072 137.365631104 139.641372681
1073 137.660675049 139.967102051
1074 137.253692627 139.54864502
1075 137.162094116 139.367904663
1076 137.347991943 139.903503418
1077 137.472290039 139.685760498
1078 137.162765503 139.467453003
1079 137.454574585 139.665176392
1080 137.338577271 139.473220825
1081 137.248062134 139.342987061
1082 137.307540894 139.591629028
1083 137.10067749 139.402374268
1084 137.354629517 139.528900146
1085 137.442443848 139.567382812
1086 137.23248291 139.575012207
1087 137.232467651 139.486465454
1088 137.116119385 139.504928589
1089 137.415893555 139.79598999
1090 137.146896362 139.506668091
1091 137.251266479 139.502471924
1092 137.164413452 139.43649292
1093 137.334136963 139.815917969
1094 137.293243408 139.834350586
1095 137.350448608 139.512939453
1096 137.17729187 139.546432495
1097 137.387054443 139.991088867
1098 137.32749939 139.729904175
1099 137.072463989 139.433181763
1100 137.1068573 139.487365723
1101 137.321029663 139.511291504
1102 137.262374878 139.511062622
1103 137.225814819 139.783538818
1104 137.178924561 139.560333252
1105 137.313949585 139.6065979
1106 137.243789673 139.594589233
1107 137.206634521 139.507003784
1108 137.195083618 139.381317139
1109 137.563446045 139.659072876
1110 137.206710815 139.605621338
1111 137.111938477 139.414093018
1112 137.369140625 139.681610107
1113 137.308532715 139.665893555
1114 137.146331787 139.461181641
1115 137.332473755 139.30166626
1116 137.229171753 139.370162964
1117 137.253417969 139.649978638
1118 137.40977478 139.736694336
1119 137.117858887 139.522140503
1120 137.115966797 139.392547607
1121 137.151306152 139.617599487
1122 137.291412354 139.575424194
1123 137.038360596 139.432952881
1124 137.234512329 139.652679443
1125 137.416229248 139.862091064
1126 137.3540802 139.636474609
1127 137.15045166 139.433334351
1128 137.570159912 139.97177124
1129 137.295379639 139.538452148
1130 137.201721191 139.473937988
1131 137.022644043 139.494400024
1132 137.251144409 139.616653442
1133 137.246887207 139.743255615
1134 137.322662354 139.845733643
1135 137.323410034 139.488998413
1136 137.347625732 139.573577881
1137 137.256607056 139.489318848
1138 137.114181519 139.404174805
1139 137.214859009 139.622741699
1140 137.175720215 139.521347046
1141 137.385009766 139.664840698
1142 137.192062378 139.568572998
1143 137.173110962 139.63130188
1144 137.236083984 139.593536377
1145 137.435409546 139.831161499
1146 137.172698975 139.518096924
1147 137.138534546 139.478408813
1148 137.266342163 139.536026001
1149 137.233062744 139.346694946
1150 137.185943604 139.392547607
1151 137.094863892 139.813903809
1152 137.12727356 139.382400513
1153 137.259963989 139.759536743
1154 137.140258789 139.657440186
1155 137.007492065 139.42137146
1156 137.220321655 139.607086182
1157 137.448013306 139.923782349
1158 137.033157349 139.411987305
1159 137.131637573 139.398620605
1160 137.055450439 139.484329224
1161 137.231674194 139.572769165
1162 137.280349731 139.719680786
1163 137.010421753 139.751358032
1164 137.066925049 139.743789673
1165 137.324066162 139.851898193
1166 137.064071655 139.448165894
1167 137.348815918 139.635147095
1168 137.1640625 139.615036011
1169 137.249893188 139.777664185
1170 137.156311035 139.433074951
1171 137.29776001 139.863449097
1172 137.333282471 139.587432861
1173 137.262329102 139.772415161
1174 137.032836914 139.450363159
1175 137.188323975 139.615722656
1176 137.143783569 139.610122681
1177 137.088500977 139.464416504
1178 137.263793945 139.768692017
1179 137.328140259 139.642822266
1180 137.2449646 139.814590454
1181 137.045272827 139.583908081
1182 137.280502319 139.725967407
1183 137.220932007 139.487442017
1184 137.167190552 139.550750732
1185 137.149353027 139.396591187
1186 136.964752197 139.385223389
1187 137.093719482 139.319702148
1188 137.219818115 139.571365356
1189 137.222946167 139.467086792
1190 137.449310303 139.923553467
1191 137.122695923 139.692047119
1192 136.939498901 139.406524658
1193 137.374343872 139.846511841
1194 137.026077271 139.601730347
1195 137.010620117 139.474441528
1196 137.265792847 139.598220825
1197 137.115158081 139.490905762
1198 137.275924683 139.366088867
1199 137.320831299 139.534484863
1200 137.285171509 139.571777344
1201 136.919952393 139.347244263
1202 137.087478638 139.409820557
1203 137.071578979 139.277664185
1204 137.308853149 139.768478394
1205 137.530502319 139.850311279
1206 137.156829834 139.224716187
1207 137.096679688 139.42741394
1208 136.988510132 139.352966309
1209 137.367370605 139.385894775
1210 137.37828064 139.387771606
1211 137.108322144 139.585968018
1212 137.008621216 139.382171631
1213 137.0493927 139.502670288
1214 137.037277222 139.643676758
1215 137.041885376 139.796066284
1216 137.011459351 139.282653809
1217 137.130081177 139.474487305
1218 137.404663086 139.527206421
1219 137.160369873 139.299316406
1220 137.046066284 139.372787476
1221 137.029525757 139.119903564
1222 137.050933838 139.418762207
1223 137.181869507 139.451522827
1224 137.234298706 139.502151489
1225 137.128799438 139.414855957
1226 137.033843994 139.467224121
1227 137.011306763 139.479019165
1228 137.069869995 139.36491394
1229 137.356643677 139.732925415
1230 137.145278931 139.382827759
1231 137.215942383 139.674758911
1232 137.004867554 139.212463379
1233 137.022460938 139.391967773
1234 137.291412354 139.872543335
1235 136.89225769 139.408477783
1236 137.062683105 139.587738037
1237 136.948745728 139.496612549
1238 137.000808716 139.353622437
1239 137.104354858 139.509780884
1240 136.963134766 139.359069824
1241 136.943237305 139.299957275
1242 137.357879639 139.777801514
1243 137.055770874 139.426254272
1244 137.039871216 139.517776489
1245 137.159378052 139.671401978
1246 137.003570557 139.474258423
1247 136.965957642 139.313812256
1248 136.950210571 139.324264526
1249 137.338165283 139.635818481
1250 137.098953247 139.690765381
1251 137.05909729 139.241088867
1252 137.433959961 139.99571228
1253 137.206863403 139.881469727
1254 136.905960083 139.400161743
1255 137.023468018 139.557678223
1256 137.360702515 139.62197876
1257 137.121780396 139.578125
1258 137.016159058 139.524246216
1259 137.020812988 139.612426758
1260 136.974533081 139.524002075
1261 137.325210571 139.700393677
1262 137.380172729 139.748901367
1263 137.301696777 139.740219116
1264 136.969451904 139.456283569
1265 137.073822021 139.649993896
1266 136.948120117 139.24911499
1267 137.201065063 139.739700317
1268 136.997772217 139.572052002
1269 137.406860352 139.952911377
1270 136.956954956 139.4715271
1271 137.06211853 139.709915161
1272 137.031509399 139.333480835
1273 136.82321167 139.270874023
1274 137.058395386 139.244232178
1275 136.994903564 139.431793213
1276 136.8956604 139.586120605
1277 137.18460083 139.591094971
1278 137.094284058 139.501831055
1279 136.903091431 139.281555176
1280 137.014312744 139.606399536
1281 136.989608765 139.554656982
1282 137.185317993 139.491577148
1283 137.239196777 139.766525269
1284 137.111083984 139.453063965
1285 136.763580322 139.378067017
1286 137.021453857 139.584777832
1287 137.129516602 139.386947632
1288 136.902130127 139.532409668
1289 136.941360474 139.314971924
1290 136.924102783 139.678161621
1291 137.081512451 139.695663452
1292 136.981887817 139.311782837
1293 136.861373901 139.371353149
1294 136.990341187 139.423248291
1295 137.194351196 139.375686646
1296 137.225036621 139.684661865
1297 136.902923584 139.327804565
1298 137.07749939 139.906082153
1299 137.026290894 139.387329102
1300 137.012542725 139.599365234
1301 136.944869995 139.665100098
1302 136.963638306 139.489715576
1303 137.201553345 139.549057007
1304 137.10043335 139.587722778
1305 137.489151001 139.883743286
1306 137.047790527 139.590164185
1307 137.024734497 139.471191406
1308 136.87878418 139.303970337
1309 136.937423706 139.55317688
1310 137.118041992 139.956115723
1311 137.174240112 139.697341919
1312 136.780471802 139.382659912
1313 136.934921265 139.550125122
1314 136.897537231 139.310882568
1315 137.188903809 139.41607666
1316 137.159561157 139.357269287
1317 137.015838623 139.498901367
1318 137.009963989 139.47857666
1319 137.089767456 139.436157227
1320 136.89239502 139.516052246
1321 137.028579712 139.585281372
1322 137.06451416 139.437240601
1323 137.02255249 139.6355896
1324 136.908737183 139.440246582
1325 136.960372925 139.305358887
1326 136.836334229 139.359115601
1327 136.940994263 139.534317017
1328 136.906784058 139.628616333
1329 136.954071045 139.559341431
1330 136.906677246 139.450683594
1331 137.142684937 139.626480103
1332 136.909591675 139.284118652
1333 136.903640747 139.606613159
1334 136.935714722 139.467941284
1335 136.984970093 139.659347534
1336 137.065109253 139.438842773
1337 137.069503784 139.876480103
1338 136.950637817 139.356414795
1339 136.953140259 139.283905029
1340 136.960281372 139.452133179
1341 136.998062134 139.583190918
1342 136.692611694 139.17666626
1343 137.04649353 139.81942749
1344 137.101623535 139.631866455
1345 136.855194092 139.485122681
1346 136.915924072 139.345046997
1347 136.836578369 139.404174805
1348 137.128097534 139.847061157
1349 137.022476196 139.530593872
1350 136.791519165 139.51385498
1351 136.84564209 139.480545044
1352 137.294799805 139.875030518
1353 136.822525024 139.296325684
1354 137.130386353 139.761489868
1355 136.781082153 139.273635864
1356 136.929153442 139.404754639
1357 137.072296143 139.434036255
1358 136.980056763 139.490371704
1359 137.156646729 139.67527771
1360 136.939208984 139.425689697
1361 136.969970703 139.493515015
1362 137.103973389 139.545455933
1363 136.964889526 139.76121521
1364 136.886734009 139.435913086
1365 136.856689453 139.444976807
1366 137.065414429 139.448638916
1367 136.933853149 139.874603271
1368 136.903442383 139.472000122
1369 137.054580688 139.839981079
1370 137.083602905 139.763427734
1371 137.103866577 139.3543396
1372 136.832580566 139.287643433
1373 136.908370972 139.241928101
1374 137.038391113 139.246582031
1375 137.215332031 139.767684937
1376 137.195800781 139.497711182
1377 136.793029785 139.407363892
1378 137.126342773 139.708053589
1379 136.75680542 139.189300537
1380 136.826782227 139.581771851
1381 137.245330811 139.728500366
1382 136.780822754 139.173477173
1383 137.14414978 139.801437378
1384 137.0184021 139.438827515
1385 137.045547485 139.54737854
1386 136.843856812 139.363327026
1387 136.996124268 139.677230835
1388 136.846359253 139.33152771
1389 136.863143921 139.184631348
1390 137.008132935 139.498519897
1391 136.941604614 139.422073364
1392 136.885772705 139.173538208
1393 136.845153809 139.338012695
1394 137.382919312 139.738937378
1395 136.857269287 139.490356445
1396 137.417800903 139.640487671
1397 136.919021606 139.486816406
1398 137.122650146 139.347229004
1399 136.754241943 139.10194397
1400 136.790023804 139.382110596
1401 136.776733398 139.07472229
1402 136.806594849 139.169296265
1403 136.903533936 139.328918457
1404 136.776245117 139.309860229
1405 136.730560303 139.32522583
1406 136.847427368 139.372009277
1407 136.726669312 139.453674316
1408 137.017318726 139.473770142
1409 136.751434326 139.383132935
1410 136.672286987 139.158813477
1411 137.038543701 139.658294678
1412 137.120025635 139.832809448
1413 136.966171265 139.29196167
1414 136.903411865 139.476226807
1415 136.936080933 139.535766602
1416 136.877761841 139.542388916
1417 136.815765381 139.433425903
1418 136.885437012 139.391342163
1419 137.066589355 139.44493103
1420 136.900634766 139.521118164
1421 136.788482666 139.379241943
1422 136.848709106 139.461532593
1423 136.993392944 139.624771118
1424 137.195343018 139.675415039
1425 137.005233765 139.272354126
1426 136.955230713 139.500427246
1427 136.885498047 139.492828369
1428 136.727493286 139.518066406
1429 136.989120483 139.820831299
1430 136.938690186 139.355316162
1431 136.796035767 139.330856323
1432 137.080673218 139.871200562
1433 136.745986938 139.487701416
1434 137.062789917 139.60774231
1435 136.975463867 139.243240356
1436 137.194595337 139.915145874
1437 136.82270813 139.49130249
1438 136.782394409 139.347671509
1439 137.222122192 139.792678833
1440 136.664550781 139.290756226
1441 136.83833313 139.307189941
1442 136.667205811 139.3775177
1443 136.854171753 139.285797119
1444 136.884140015 139.537002563
1445 137.195602417 139.943466187
1446 136.764984131 139.25881958
1447 136.797531128 139.320404053
1448 136.826049805 139.522583008
1449 136.804763794 139.388595581
1450 136.846221924 139.469589233
1451 136.791976929 139.144973755
1452 137.110946655 139.282699585
1453 136.934539795 139.445404053
1454 136.963943481 139.449142456
1455 136.635421753 139.203445435
1456 136.745773315 139.354858398
1457 136.964538574 139.433639526
1458 136.554794312 139.140151978
1459 136.789978027 139.240478516
1460 136.832565308 139.48286438
1461 136.738983154 139.337356567
1462 136.674133301 139.430053711
1463 136.913375854 139.480102539
1464 136.832962036 139.616378784
1465 137.05696106 139.610565186
1466 137.09992981 139.623123169
1467 136.691085815 139.287918091
1468 136.94670105 139.469650269
1469 136.720550537 139.141174316
1470 136.637268066 139.301589966
1471 136.830078125 139.306808472
1472 136.770324707 139.419113159
1473 136.91973877 139.598464966
1474 136.791320801 139.189300537
1475 136.730712891 139.262390137
1476 136.758407593 139.171676636
1477 136.737564087 139.381790161
1478 136.749588013 139.344345093
1479 136.896911621 139.288787842
1480 136.988510132 139.62059021
1481 136.647659302 139.311660767
1482 136.901062012 139.694641113
1483 136.711761475 139.258728027
1484 136.830368042 139.56729126
1485 136.688369751 139.289840698
1486 136.859359741 139.535430908
1487 136.578491211 139.27142334
1488 136.821075439 139.431274414
1489 136.951477051 139.875640869
1490 136.665878296 139.222076416
1491 136.764129639 139.447647095
1492 136.830825806 139.324127197
1493 136.950271606 139.480041504
1494 136.741470337 139.422607422
1495 136.924942017 139.388076782
1496 136.852554321 139.667510986
1497 136.984237671 139.275253296
1498 136.888458252 139.849914551
1499 136.714111328 139.282226562
1500 136.734390259 139.271530151
1501 136.81362915 139.533569336
1502 136.855529785 139.396072388
1503 136.623764038 139.194015503
1504 136.926071167 139.461166382
1505 136.687667847 139.21005249
1506 137.026107788 139.566497803
1507 136.53352356 139.149078369
1508 136.800323486 139.221282959
1509 137.010818481 139.483230591
1510 136.59753418 139.116027832
1511 136.802383423 139.42137146
1512 136.804138184 139.403015137
1513 136.745040894 139.548873901
1514 136.609344482 139.199966431
1515 136.868423462 139.644241333
1516 136.945907593 139.309753418
1517 136.63394165 139.294464111
1518 136.822219849 139.575027466
1519 136.865432739 139.342727661
1520 136.70199585 139.185089111
1521 136.800369263 139.511062622
1522 136.687591553 139.210464478
1523 136.779800415 139.482940674
1524 136.722488403 139.420730591
1525 137.099258423 139.924163818
1526 136.887619019 139.633834839
1527 137.185882568 139.465377808
1528 136.554382324 139.393127441
1529 136.695541382 139.201477051
1530 136.784118652 139.273727417
1531 136.731033325 139.349884033
1532 136.748596191 139.238082886
1533 136.625213623 139.277282715
1534 136.796386719 139.26965332
1535 137.086700439 139.534103394
1536 136.872619629 139.568878174
1537 136.803115845 139.486297607
1538 136.981109619 139.444641113
1539 136.595367432 139.151443481
1540 136.691223145 139.36239624
1541 136.743423462 139.545700073
1542 136.754150391 139.582473755
1543 136.964279175 139.711975098
1544 136.686462402 139.423690796
1545 136.883666992 139.496200562
1546 136.822631836 139.393707275
1547 136.688034058 139.224441528
1548 136.63848877 139.21723938
1549 136.605102539 139.452651978
1550 137.221954346 139.8618927
1551 136.785095215 139.208618164
1552 136.705703735 139.212783813
1553 136.61151123 139.332077026
1554 136.62387085 139.101272583
1555 136.623306274 139.210159302
1556 136.662002563 139.190429688
1557 136.47102356 139.121871948
1558 136.636123657 139.169372559
1559 136.797821045 139.377548218
1560 136.903213501 139.521316528
1561 136.856033325 139.435089111
1562 136.724090576 139.327514648
1563 136.759689331 139.481582642
1564 136.741699219 139.298278809
1565 136.765914917 139.28894043
1566 136.816177368 139.194915771
1567 136.618560791 139.156738281
1568 136.583862305 139.257507324
1569 136.751785278 139.357147217
1570 136.785522461 139.064697266
1571 136.75894165 139.256546021
1572 136.779632568 139.256134033
1573 136.570510864 139.189697266
1574 136.74382019 139.362365723
1575 136.625732422 139.386901855
1576 136.718887329 139.455490112
1577 136.58694458 139.281326294
1578 136.574737549 139.153152466
1579 136.776870728 139.09046936
1580 136.522705078 139.182693481
1581 136.886230469 139.575576782
1582 136.483139038 138.986709595
1583 136.523239136 139.04750061
1584 136.634796143 139.248077393
1585 136.75604248 139.404922485
1586 136.858932495 139.382843018
1587 136.677658081 139.218353271
1588 136.632095337 138.991973877
1589 136.597900391 138.994628906
1590 136.892303467 139.191085815
1591 136.620178223 139.306869507
1592 136.723815918 139.408203125
1593 136.607849121 139.017303467
1594 136.688949585 139.082626343
1595 136.621292114 139.15914917
1596 136.627670288 139.014465332
1597 136.537261963 139.102767944
1598 136.634689331 139.369903564
1599 136.95249939 139.235824585
1600 136.559371948 139.588592529
1601 136.738800049 139.289993286
1602 136.626373291 139.380432129
1603 136.875106812 139.399932861
1604 136.830932617 139.526367188
1605 136.657058716 139.410369873
1606 136.740081787 139.117645264
1607 136.516143799 138.998245239
1608 136.763305664 139.359725952
1609 136.851760864 139.706008911
1610 136.567718506 139.155075073
1611 136.638412476 139.12852478
1612 136.624176025 139.019119263
1613 136.663635254 139.195449829
1614 136.63583374 139.120758057
1615 136.800720215 139.592758179
1616 136.697235107 139.242919922
1617 136.680404663 139.460449219
1618 136.627349854 139.305648804
1619 136.756271362 139.305923462
1620 136.581466675 139.346954346
1621 136.454147339 139.278823853
1622 136.61126709 138.961166382
1623 136.712097168 139.215560913
1624 136.546432495 139.258880615
1625 136.70274353 139.438201904
1626 136.453475952 139.175598145
1627 136.86265564 139.492874146
1628 136.709060669 139.366668701
1629 136.687591553 139.274047852
1630 136.615341187 138.996017456
1631 136.833908081 139.291732788
1632 136.589233398 139.190490723
1633 136.554428101 139.366775513
1634 136.763031006 139.467514038
1635 136.69644165 139.435577393
1636 136.498291016 139.095245361
1637 136.566879272 139.397796631
1638 136.599273682 139.431732178
1639 136.618713379 139.340957642
1640 136.670578003 139.407852173
1641 136.585952759 139.251861572
1642 136.838912964 139.400787354
1643 136.669631958 139.497802734
1644 136.59703064 139.222091675
1645 136.615356445 139.288085938
1646 136.556533813 139.221298218
1647 136.590789795 138.973495483
1648 136.609588623 139.146728516
1649 136.703323364 139.240066528
1650 136.567642212 139.055526733
1651 136.645446777 139.25050354
1652 136.591812134 139.261001587
1653 136.748550415 139.545639038
1654 136.436279297 139.091400146
1655 136.717941284 139.007873535
1656 136.728027344 139.416595459
1657 136.608428955 139.168930054
1658 136.708114624 139.062393188
1659 136.712631226 139.111160278
1660 136.512985229 139.074127197
1661 136.625854492 139.295898438
1662 136.655212402 139.115600586
1663 136.745849609 139.194778442
1664 136.480377197 139.295623779
1665 136.567062378 139.161865234
1666 136.634460449 139.292175293
1667 136.463851929 139.042541504
1668 136.619689941 139.611114502
1669 136.581130981 139.29977417
1670 136.687149048 139.447753906
1671 137.03012085 139.652542114
1672 137.010665894 139.577590942
1673 136.670166016 139.262481689
1674 136.681640625 139.425506592
1675 136.423721313 139.174697876
1676 136.500045776 139.291992188
1677 136.637634277 139.096115112
1678 136.580764771 139.202865601
1679 136.681838989 139.635192871
1680 136.553909302 139.149978638
1681 136.512252808 139.145843506
1682 136.519699097 139.329467773
1683 136.590621948 139.233688354
1684 136.397735596 139.206359863
1685 136.682418823 139.551300049
1686 136.74446106 139.331573486
1687 136.451629639 139.07220459
1688 136.451980591 139.181213379
1689 136.594451904 139.074798584
1690 136.457870483 139.22706604
1691 136.569442749 139.224517822
1692 136.605163574 138.96913147
1693 136.555175781 139.338592529
1694 136.688766479 139.35987854
1695 136.954849243 139.744415283
1696 136.633621216 139.521240234
1697 136.555206299 139.281814575
1698 136.572418213 139.121154785
1699 136.569046021 139.488983154
1700 136.712539673 139.292877197
1701 136.581832886 139.135299683
1702 136.632156372 139.185592651
1703 136.539260864 139.420196533
1704 136.502304077 139.142059326
1705 136.416229248 139.054931641
1706 136.535995483 139.24319458
1707 136.469650269 138.954345703
1708 136.555343628 139.283538818
1709 136.412582397 139.40397644
1710 136.70803833 139.499938965
1711 136.603057861 139.084396362
1712 136.534713745 139.200576782
1713 136.598709106 139.314086914
1714 136.636260986 139.181091309
1715 136.613464355 139.514877319
1716 136.380264282 139.046615601
1717 136.410980225 139.159332275
1718 136.806350708 139.387237549
1719 136.938491821 139.476104736
1720 136.485519409 139.157028198
1721 136.492095947 139.235290527
1722 136.670913696 139.50920105
1723 136.49659729 139.332885742
1724 136.582595825 139.527038574
1725 136.510543823 139.387390137
1726 136.463653564 138.957214355
1727 136.555343628 139.183547974
1728 136.846588135 139.39704895
1729 136.605804443 139.019485474
1730 136.554458618 139.467315674
1731 136.567245483 139.028076172
1732 136.579421997 139.217422485
1733 136.533432007 139.247085571
1734 136.298492432 138.952728271
1735 136.502655029 138.976287842
1736 136.813949585 139.296340942
1737 136.588134766 139.374664307
1738 136.463363647 139.053588867
1739 136.595977783 139.190383911
1740 136.435974121 139.170547485
1741 136.812362671 139.656936646
1742 136.484817505 138.962997437
1743 136.672561646 139.457473755
1744 136.469802856 139.110046387
1745 136.678039551 139.123428345
1746 136.614334106 139.388565063
1747 136.690307617 139.571990967
1748 136.367202759 139.063323975
1749 136.611831665 139.268478394
1750 136.416564941 139.125198364
1751 136.529449463 139.3334198
1752 136.461227417 139.120346069
1753 136.639129639 139.128768921
1754 136.586761475 139.213165283
1755 136.583389282 139.195800781
1756 136.471786499 139.030334473
1757 136.414962769 139.076873779
1758 136.417175293 138.914840698
1759 136.420639038 138.881561279
1760 136.464981079 139.125091553
1761 137.022033691 139.589263916
1762 136.516708374 139.079879761
1763 136.323623657 139.073699951
1764 136.447677612 139.041992188
1765 136.573471069 139.113998413
1766 136.373504639 139.159576416
1767 136.517089844 138.918792725
1768 136.386505127 139.065002441
1769 136.516586304 139.105636597
1770 136.485580444 139.041137695
1771 136.63873291 139.082473755
1772 136.455413818 139.067321777
1773 136.392211914 138.985977173
1774 136.445739746 139.198684692
1775 136.26260376 138.975097656
1776 136.840454102 139.292007446
1777 136.40007019 139.057723999
1778 136.519714355 139.172729492
1779 136.641052246 138.946746826
1780 136.399780273 139.264770508
1781 136.459640503 139.089935303
1782 136.984054565 139.412719727
1783 136.616210938 139.197677612
1784 136.560791016 139.032989502
1785 136.483612061 139.398956299
1786 136.394943237 139.219329834
1787 136.285369873 139.137329102
1788 136.375686646 138.9556427
1789 136.680999756 139.325088501
1790 136.49130249 139.225204468
1791 136.437545776 139.096054077
1792 136.436691284 139.18522644
1793 136.290390015 138.920196533
1794 136.415969849 139.026748657
1795 136.555679321 139.248123169
1796 136.469772339 139.079223633
1797 136.603775024 139.191802979
1798 136.367675781 139.075546265
1799 136.285339355 138.93699646
1800 136.441162109 139.033966064
1801 136.599655151 139.324737549
1802 136.61114502 139.478622437
1803 136.413757324 139.145904541
1804 136.418060303 139.035263062
1805 136.37171936 139.011108398
1806 136.419494629 139.168991089
1807 136.492828369 139.23651123
1808 136.50831604 139.224594116
1809 136.629821777 139.372039795
1810 136.483093262 139.132232666
1811 136.854949951 139.545394897
1812 136.448974609 139.2787323
1813 136.349517822 139.143417358
1814 136.517227173 139.204833984
1815 136.890441895 139.341156006
1816 136.423370361 139.01864624
1817 136.467025757 139.214660645
1818 136.324493408 139.070175171
1819 136.501449585 139.126693726
1820 136.52545166 139.069534302
1821 136.643127441 139.397109985
1822 136.434112549 139.091903687
1823 136.781448364 139.498168945
1824 136.6146698 138.833389282
1825 136.229370117 138.837524414
1826 136.372909546 138.886489868
1827 136.355819702 138.935470581
1828 136.523681641 139.301559448
1829 136.394775391 138.984466553
1830 136.376937866 138.902801514
1831 136.412094116 139.111602783
1832 136.502120972 139.172698975
1833 136.715820312 139.19152832
1834 136.493133545 139.049285889
1835 136.564178467 139.307540894
1836 136.53125 139.101928711
1837 136.527038574 139.135787964
1838 136.459503174 138.98651123
1839 136.675460815 139.210220337
1840 136.538024902 139.195053101
1841 136.634399414 139.179855347
1842 136.487960815 139.252502441
1843 136.370651245 139.022277832
1844 136.391067505 138.873199463
1845 136.375900269 138.861877441
1846 136.391021729 139.114074707
1847 136.395217896 139.183456421
1848 136.339111328 138.939865112
1849 136.488586426 139.059890747
1850 136.590805054 139.32951355
1851 136.230224609 138.929840088
1852 136.337661743 139.009078979
1853 136.798538208 139.5103302
1854 136.557785034 139.249633789
1855 136.621810913 139.397064209
1856 136.548660278 139.153991699
1857 136.264450073 138.993774414
1858 136.446670532 139.137405396
1859 136.484786987 139.087982178
1860 136.599822998 139.432540894
1861 136.457641602 139.257568359
1862 136.420516968 139.262054443
1863 136.370727539 138.969528198
1864 136.317810059 139.11857605
1865 136.87600708 139.407409668
1866 136.507781982 139.023071289
1867 136.429672241 138.978851318
1868 136.356262207 139.053726196
1869 136.285324097 138.797836304
1870 136.388687134 138.824325562
1871 136.459289551 139.229202271
1872 136.409591675 138.853775024
1873 136.318847656 138.805709839
1874 136.358383179 138.962799072
1875 136.404983521 138.909866333
1876 136.550262451 139.19960022
1877 136.368789673 138.896896362
1878 136.248641968 138.803466797
1879 136.379318237 138.905776978
1880 136.408798218 139.165222168
1881 136.331344604 139.01411438
1882 136.419906616 138.986984253
1883 136.436523438 139.293075562
1884 136.245498657 138.856338501
1885 136.557052612 139.056838989
1886 136.341522217 138.974014282
1887 136.557952881 138.969329834
1888 136.450317383 139.213928223
1889 136.638595581 139.285720825
1890 136.42640686 139.280227661
1891 136.347518921 138.973953247
1892 136.406555176 138.99357605
1893 136.792175293 139.382873535
1894 136.295928955 138.982971191
1895 136.485580444 139.167831421
1896 136.339981079 138.927841187
1897 136.532501221 139.282394409
1898 136.393676758 139.041244507
1899 136.368301392 138.873886108
1900 136.420822144 139.121490479
1901 136.304107666 138.923126221
1902 136.611221313 139.064804077
1903 136.407791138 138.871002197
1904 136.229110718 138.961334229
1905 136.387542725 138.921401978
1906 136.448928833 139.132827759
1907 136.814529419 139.630371094
1908 136.573150635 139.395599365
1909 136.414733887 139.211746216
1910 136.499938965 139.30506897
1911 136.234680176 139.091751099
1912 136.249923706 138.933624268
1913 136.129730225 138.964874268
1914 136.451751709 139.22203064
1915 136.644989014 139.655776978
1916 136.235809326 138.842071533
1917 136.30708313 139.163589478
1918 136.664077759 139.352401733
1919 136.488723755 139.542999268
1920 136.98815918 140.062103271
1921 136.431762695 139.261856079
1922 136.344589233 139.159179688
1923 136.357772827 139.108352661
1924 136.657058716 139.233673096
1925 136.33265686 138.977371216
1926 136.482070923 139.196273804
1927 136.348358154 139.027557373
1928 136.335342407 139.069381714
1929 136.351623535 139.096801758
1930 136.172088623 138.905212402
1931 136.215316772 138.810882568
1932 136.339080811 138.903549194
1933 136.387908936 138.804000854
1934 136.509170532 139.398635864
1935 136.86479187 139.392501831
1936 136.34967041 139.162597656
1937 136.322113037 139.029586792
1938 136.308898926 139.102264404
1939 136.643157959 139.292541504
1940 136.46875 139.332901001
1941 136.234283447 139.016326904
1942 136.329833984 138.918945312
1943 136.313095093 139.09147644
1944 136.467483521 139.298843384
1945 136.333068848 138.934020996
1946 136.181610107 138.777236938
1947 136.148925781 138.986877441
1948 136.270950317 138.841033936
1949 136.37512207 139.058181763
1950 136.879455566 139.337539673
1951 136.565338135 139.458312988
1952 136.098739624 139.015365601
1953 136.421951294 139.270767212
1954 136.358078003 138.788375854
1955 136.363204956 139.098190308
1956 136.317550659 138.933563232
1957 136.362014771 139.136459351
1958 136.54296875 139.537963867
1959 136.400268555 139.093505859
1960 136.378189087 139.230224609
1961 136.536361694 139.094284058
1962 136.409454346 138.942077637
1963 136.276870728 138.854309082
1964 136.225982666 138.826599121
1965 136.304290771 138.852966309
1966 136.266098022 138.943099976
1967 136.313278198 138.886428833
1968 136.311599731 138.941894531
1969 136.344985962 138.902145386
1970 136.309677124 139.002502441
1971 136.121261597 138.770690918
1972 136.404937744 139.197067261
1973 136.259796143 139.063476562
1974 136.340240479 139.256896973
1975 136.42300415 139.227172852
1976 136.42980957 139.231246948
1977 136.590713501 139.268753052
1978 136.225357056 139.005889893
1979 136.1431427 139.121963501
1980 136.410247803 139.035614014
1981 136.390686035 139.346084595
1982 136.20866394 139.094238281
1983 136.19708252 138.80847168
1984 136.422439575 139.346466064
1985 136.296859741 138.988891602
1986 136.314529419 139.05279541
1987 136.256240845 138.951278687
1988 136.131332397 138.904067993
1989 136.286529541 139.13104248
1990 136.404769897 139.026473999
1991 136.284729004 139.005554199
1992 136.149353027 138.713699341
1993 136.402938843 139.046020508
1994 136.480743408 138.990127563
1995 136.179748535 138.790863037
1996 136.339920044 139.041748047
1997 136.18057251 138.768280029
1998 136.260681152 139.061843872
1999 136.582473755 139.425308228
creating pickled numpy output
wrote pickled numpy output
Final validation loss
garray(138.72532653808594)
Final test loss
garray(140.4915313720703)
Theano: Initializing cuBLAS
