(50000L, 784L)
compiled score function
Old best loss:
garray(90.84098052978516)
Compiled loss functions
0 garray(89.55519104003906) 90.8350753784 [ 0.10228155]
1 garray(89.53826141357422) 90.8511352539 [ 0.10233523]
2 garray(89.55284118652344) 90.8151397705 [ 0.10233868]
3 garray(89.52942657470703) 90.839630127 [ 0.10226677]
4 garray(89.46698760986328) 90.8317947388 [ 0.10227972]
5 garray(89.52555847167969) 90.7758102417 [ 0.10227311]
6 garray(89.56940460205078) 90.8309402466 [ 0.10231948]
7 garray(89.46630859375) 90.8278198242 [ 0.10233718]
8 garray(89.50897979736328) 90.8428573608 [ 0.10243928]
9 garray(89.54824829101562) 90.8267593384 [ 0.10234092]
10 garray(89.49665832519531) 90.8239440918 [ 0.10241891]
11 garray(89.6013412475586) 90.7963790894 [ 0.10242849]
12 garray(89.48117065429688) 90.846031189 [ 0.10247731]
13 garray(89.57039642333984) 90.7913208008 [ 0.10242526]
14 garray(89.47771453857422) 90.7774353027 [ 0.10237317]
15 garray(89.53831481933594) 90.8512039185 [ 0.10241312]
16 garray(89.49983978271484) 90.8262557983 [ 0.10246549]
17 garray(89.55987548828125) 90.8510055542 [ 0.10251275]
18 garray(89.51570129394531) 90.7940750122 [ 0.10251697]
19 garray(89.55109405517578) 90.8308944702 [ 0.10252016]
20 garray(89.5549545288086) 90.8452758789 [ 0.10248982]
21 garray(89.57225036621094) 90.8422393799 [ 0.10242138]
22 garray(89.55826568603516) 90.8516998291 [ 0.10244295]
23 garray(89.51860809326172) 90.8809204102 [ 0.10243906]
24 garray(89.53866577148438) 90.7934951782 [ 0.10252689]
25 garray(89.53038024902344) 90.8898086548 [ 0.1024931]
26 garray(89.65760803222656) 90.8162155151 [ 0.1024994]
27 garray(89.56278991699219) 90.8495407104 [ 0.10256224]
28 garray(89.49908447265625) 90.8372344971 [ 0.10252972]
29 garray(89.53810119628906) 90.7751312256 [ 0.10260124]
30 garray(89.54545593261719) 90.854675293 [ 0.10262971]
31 garray(89.56026458740234) 90.7956771851 [ 0.10263184]
32 garray(89.5127182006836) 90.7952957153 [ 0.10262288]
33 garray(89.56839752197266) 90.8210754395 [ 0.10263172]
34 garray(89.60688018798828) 90.8264541626 [ 0.10265935]
35 garray(89.50447845458984) 90.8382949829 [ 0.10268257]
36 garray(89.5222396850586) 90.8342666626 [ 0.10275982]
37 garray(89.47419738769531) 90.7997207642 [ 0.10277732]
38 garray(89.482177734375) 90.8320388794 [ 0.10271734]
39 garray(89.46797943115234) 90.8149871826 [ 0.10273415]
40 garray(89.47767639160156) 90.8066558838 [ 0.1026179]
41 garray(89.53067779541016) 90.7849502563 [ 0.10267996]
42 garray(89.53649139404297) 90.8460464478 [ 0.10265657]
43 garray(89.43933868408203) 90.8389358521 [ 0.1026174]
44 garray(89.50879669189453) 90.7533798218 [ 0.10259366]
45 garray(89.55733489990234) 90.803527832 [ 0.10267242]
46 garray(89.62657928466797) 90.8470153809 [ 0.10261976]
47 garray(89.50956726074219) 90.746887207 [ 0.10258501]
48 garray(89.46947479248047) 90.7861404419 [ 0.10257521]
49 garray(89.46895599365234) 90.7888870239 [ 0.10263283]
50 garray(89.58885955810547) 90.8152160645 [ 0.10269677]
51 garray(89.51095581054688) 90.8165664673 [ 0.10277783]
52 garray(89.43453979492188) 90.832824707 [ 0.10281092]
53 garray(89.49029541015625) 90.7966690063 [ 0.10287192]
54 garray(89.51364135742188) 90.7881546021 [ 0.10289818]
55 garray(89.49851989746094) 90.8545074463 [ 0.102824]
56 garray(89.52845001220703) 90.8107910156 [ 0.1028963]
57 garray(89.4975357055664) 90.816116333 [ 0.10288479]
58 garray(89.48687744140625) 90.774559021 [ 0.10297213]
59 garray(89.50531005859375) 90.8093643188 [ 0.1028814]
60 garray(89.51671600341797) 90.8173294067 [ 0.10301694]
61 garray(89.53264617919922) 90.7809753418 [ 0.10303865]
62 garray(89.58613586425781) 90.7789001465 [ 0.10305172]
63 garray(89.46017456054688) 90.848991394 [ 0.1029746]
64 garray(89.60193634033203) 90.7797851562 [ 0.1029147]
65 garray(89.50244140625) 90.7675170898 [ 0.10300946]
66 garray(89.55369567871094) 90.837600708 [ 0.10290907]
67 garray(89.54217529296875) 90.8474197388 [ 0.10296332]
68 garray(89.5108413696289) 90.8366546631 [ 0.10295696]
69 garray(89.52922821044922) 90.8032989502 [ 0.10301285]
70 garray(89.49478149414062) 90.7817764282 [ 0.10298549]
71 garray(89.55919647216797) 90.7767868042 [ 0.10303207]
72 garray(89.49254608154297) 90.8254699707 [ 0.10315306]
73 garray(89.61483764648438) 90.7590408325 [ 0.10323153]
74 garray(89.51097869873047) 90.8180084229 [ 0.10319238]
75 garray(89.44760131835938) 90.7556152344 [ 0.10315654]
76 garray(89.54841613769531) 90.8298797607 [ 0.10315906]
77 garray(89.50997924804688) 90.8143157959 [ 0.10315565]
78 garray(89.48687744140625) 90.8026657104 [ 0.10317219]
79 garray(89.50582122802734) 90.8013763428 [ 0.10318757]
80 garray(89.4197998046875) 90.7776565552 [ 0.10324165]
81 garray(89.51559448242188) 90.7846908569 [ 0.10322654]
82 garray(89.52693939208984) 90.8207550049 [ 0.10318577]
83 garray(89.50535583496094) 90.8511657715 [ 0.1031758]
84 garray(89.58536529541016) 90.833480835 [ 0.10327358]
85 garray(89.46895599365234) 90.7748413086 [ 0.10329568]
86 garray(89.56037902832031) 90.8159942627 [ 0.10327899]
87 garray(89.53598022460938) 90.8593673706 [ 0.10326959]
88 garray(89.52864837646484) 90.7698669434 [ 0.10322048]
89 garray(89.53144836425781) 90.8481750488 [ 0.10326489]
90 garray(89.50435638427734) 90.7925567627 [ 0.10328626]
91 garray(89.50125885009766) 90.8478775024 [ 0.1033071]
92 garray(89.51708984375) 90.8039779663 [ 0.10330758]
93 garray(89.56478118896484) 90.817199707 [ 0.10338601]
94 garray(89.4294662475586) 90.8287963867 [ 0.10339862]
95 garray(89.48056030273438) 90.787147522 [ 0.10334454]
96 garray(89.5192642211914) 90.74634552 [ 0.10333211]
97 garray(89.48221588134766) 90.7674560547 [ 0.10332411]
98 garray(89.48257446289062) 90.8084793091 [ 0.10326532]
99 garray(89.49465942382812) 90.7806549072 [ 0.10330082]
100 garray(89.55706787109375) 90.8099365234 [ 0.10341474]
101 garray(89.47551727294922) 90.805847168 [ 0.10342092]
102 garray(89.4699478149414) 90.8106307983 [ 0.1034369]
103 garray(89.54341888427734) 90.8452148438 [ 0.10353654]
104 garray(89.44619750976562) 90.7981948853 [ 0.1036194]
105 garray(89.47982788085938) 90.7737960815 [ 0.10355221]
106 garray(89.50139617919922) 90.8139343262 [ 0.10357565]
107 garray(89.53112030029297) 90.7816772461 [ 0.10355085]
108 garray(89.45806884765625) 90.856338501 [ 0.10353508]
109 garray(89.51663970947266) 90.7686767578 [ 0.1035164]
110 garray(89.4693603515625) 90.8153152466 [ 0.10353926]
111 garray(89.54034423828125) 90.8613204956 [ 0.10352361]
112 garray(89.53910064697266) 90.8384170532 [ 0.10348082]
113 garray(89.51322937011719) 90.821685791 [ 0.10356815]
114 garray(89.48431396484375) 90.748878479 [ 0.10350546]
115 garray(89.50460052490234) 90.7937011719 [ 0.10345858]
116 garray(89.48079681396484) 90.8001403809 [ 0.10350469]
117 garray(89.50764465332031) 90.7999191284 [ 0.10351834]
118 garray(89.54270935058594) 90.819694519 [ 0.10356922]
119 garray(89.45941925048828) 90.8620376587 [ 0.10361659]
120 garray(89.50210571289062) 90.7730789185 [ 0.10363637]
121 garray(89.45853424072266) 90.8262786865 [ 0.10367207]
122 garray(89.530029296875) 90.825050354 [ 0.10371859]
123 garray(89.51483917236328) 90.7769851685 [ 0.10376648]
124 garray(89.47087860107422) 90.8140487671 [ 0.10375735]
125 garray(89.57412719726562) 90.7636566162 [ 0.10368395]
126 garray(89.49885559082031) 90.7793579102 [ 0.10365593]
127 garray(89.52337646484375) 90.7906188965 [ 0.10364928]
128 garray(89.48854064941406) 90.8048858643 [ 0.10366312]
129 garray(89.53524780273438) 90.7761001587 [ 0.10370827]
130 garray(89.43341827392578) 90.8256378174 [ 0.10365132]
131 garray(89.5269775390625) 90.7546157837 [ 0.10366792]
132 garray(89.45987701416016) 90.8243560791 [ 0.10365054]
133 garray(89.5284194946289) 90.7587661743 [ 0.10361363]
134 garray(89.51831817626953) 90.7928466797 [ 0.10367406]
135 garray(89.47151947021484) 90.7906570435 [ 0.10365836]
136 garray(89.54010772705078) 90.7345581055 [ 0.10368373]
137 garray(89.49418640136719) 90.8182449341 [ 0.10374421]
138 garray(89.52015686035156) 90.8241043091 [ 0.10371094]
139 garray(89.5365982055664) 90.7560958862 [ 0.1037973]
140 garray(89.45575714111328) 90.7991256714 [ 0.10384754]
141 garray(89.49942016601562) 90.7827301025 [ 0.10382774]
142 garray(89.49393463134766) 90.8104400635 [ 0.10385828]
143 garray(89.4563980102539) 90.8063964844 [ 0.10382196]
144 garray(89.47296905517578) 90.7297973633 [ 0.10384659]
145 garray(89.48622131347656) 90.7928390503 [ 0.10386773]
146 garray(89.52887725830078) 90.7725143433 [ 0.10388134]
147 garray(89.45443725585938) 90.8258895874 [ 0.103908]
148 garray(89.45018005371094) 90.8146972656 [ 0.10397616]
149 garray(89.61066436767578) 90.7767181396 [ 0.1040039]
150 garray(89.5079574584961) 90.791809082 [ 0.10398661]
151 garray(89.468505859375) 90.7721786499 [ 0.1040063]
152 garray(89.48995971679688) 90.7883758545 [ 0.10394932]
153 garray(89.46717071533203) 90.807510376 [ 0.10397973]
154 garray(89.49943542480469) 90.7883605957 [ 0.10399655]
155 garray(89.52691650390625) 90.7436447144 [ 0.10403354]
156 garray(89.49542999267578) 90.7832183838 [ 0.10408668]
157 garray(89.44779968261719) 90.7236785889 [ 0.1041059]
158 garray(89.45956420898438) 90.7573776245 [ 0.10407408]
159 garray(89.4703598022461) 90.741394043 [ 0.1041775]
160 garray(89.4886245727539) 90.7958450317 [ 0.10416283]
161 garray(89.49369812011719) 90.7912750244 [ 0.10409101]
162 garray(89.53020477294922) 90.7217559814 [ 0.10406491]
163 garray(89.49652099609375) 90.7496414185 [ 0.10411115]
164 garray(89.51383972167969) 90.7308197021 [ 0.10414283]
165 garray(89.42984771728516) 90.7861785889 [ 0.10416932]
166 garray(89.48523712158203) 90.8069000244 [ 0.10410434]
167 garray(89.49237823486328) 90.7438201904 [ 0.10416159]
168 garray(89.43946075439453) 90.7712173462 [ 0.10415555]
169 garray(89.41873931884766) 90.7603759766 [ 0.10409634]
170 garray(89.46045684814453) 90.7414398193 [ 0.10421719]
171 garray(89.48477935791016) 90.8034744263 [ 0.10430761]
172 garray(89.46846008300781) 90.7937011719 [ 0.10439392]
173 garray(89.46373748779297) 90.7812347412 [ 0.10429943]
174 garray(89.45869445800781) 90.791519165 [ 0.10425702]
175 garray(89.48442077636719) 90.7661895752 [ 0.10428158]
176 garray(89.43624114990234) 90.7896194458 [ 0.10429093]
177 garray(89.55300903320312) 90.7661361694 [ 0.10422878]
178 garray(89.4459457397461) 90.7794494629 [ 0.10417064]
179 garray(89.52739715576172) 90.8166809082 [ 0.10418422]
180 garray(89.49119567871094) 90.7785797119 [ 0.1042381]
181 garray(89.46646118164062) 90.7685775757 [ 0.10433262]
182 garray(89.45780944824219) 90.7373352051 [ 0.10431949]
183 garray(89.51292419433594) 90.8488311768 [ 0.10425714]
184 garray(89.53656005859375) 90.7777252197 [ 0.10431915]
185 garray(89.47893524169922) 90.7826080322 [ 0.10428769]
186 garray(89.45161437988281) 90.7635269165 [ 0.10438065]
187 garray(89.37867736816406) 90.7760848999 [ 0.10441139]
188 garray(89.42518615722656) 90.7516784668 [ 0.10456481]
189 garray(89.54808807373047) 90.783164978 [ 0.10447601]
190 garray(89.46830749511719) 90.7769470215 [ 0.10455223]
191 garray(89.45317840576172) 90.7529067993 [ 0.10458536]
192 garray(89.45970916748047) 90.7422409058 [ 0.10456234]
193 garray(89.44625854492188) 90.7972793579 [ 0.10456883]
194 garray(89.39335632324219) 90.7827453613 [ 0.10462455]
195 garray(89.46253967285156) 90.7478942871 [ 0.10455749]
196 garray(89.48955535888672) 90.7722549438 [ 0.1044704]
197 garray(89.47541809082031) 90.7842941284 [ 0.10438116]
198 garray(89.41545867919922) 90.7721557617 [ 0.1045122]
199 garray(89.54271697998047) 90.8228988647 [ 0.10451861]
200 garray(89.44673919677734) 90.7888641357 [ 0.10453246]
201 garray(89.42961883544922) 90.7924804688 [ 0.10457024]
202 garray(89.4853744506836) 90.7862854004 [ 0.10453014]
203 garray(89.47471618652344) 90.7657470703 [ 0.10454604]
204 garray(89.5375747680664) 90.7546386719 [ 0.10455557]
205 garray(89.49880981445312) 90.8343582153 [ 0.10456795]
206 garray(89.41810607910156) 90.7474746704 [ 0.10457071]
207 garray(89.45227813720703) 90.8020095825 [ 0.10456793]
208 garray(89.50595092773438) 90.8111953735 [ 0.10454287]
209 garray(89.48716735839844) 90.7647094727 [ 0.10455208]
210 garray(89.42511749267578) 90.7351303101 [ 0.1045731]
211 garray(89.50859832763672) 90.8150787354 [ 0.10467042]
212 garray(89.48529815673828) 90.7775039673 [ 0.1046335]
213 garray(89.4395751953125) 90.7863769531 [ 0.10462959]
214 garray(89.41767883300781) 90.828994751 [ 0.10468935]
215 garray(89.45098876953125) 90.7582397461 [ 0.10472546]
216 garray(89.41355895996094) 90.7239379883 [ 0.10478156]
217 garray(89.466796875) 90.7780380249 [ 0.10465762]
218 garray(89.5150146484375) 90.7689208984 [ 0.10473095]
219 garray(89.45955657958984) 90.8023147583 [ 0.10470909]
220 garray(89.47200012207031) 90.7440185547 [ 0.10472507]
221 garray(89.51053619384766) 90.7952957153 [ 0.10473]
222 garray(89.46551513671875) 90.7646102905 [ 0.10484207]
223 garray(89.5022964477539) 90.7300796509 [ 0.10483677]
224 garray(89.43817901611328) 90.7308959961 [ 0.10480872]
225 garray(89.45215606689453) 90.7836074829 [ 0.10480394]
226 garray(89.41466522216797) 90.7892150879 [ 0.10481397]
227 garray(89.49921417236328) 90.7659454346 [ 0.10477019]
228 garray(89.49369812011719) 90.7911376953 [ 0.10475816]
229 garray(89.49791717529297) 90.7983093262 [ 0.10463833]
230 garray(89.45645904541016) 90.7778549194 [ 0.10462494]
231 garray(89.50406646728516) 90.7716369629 [ 0.10459936]
232 garray(89.46949768066406) 90.7559814453 [ 0.10462518]
233 garray(89.4326171875) 90.7728652954 [ 0.10473622]
234 garray(89.43727111816406) 90.755317688 [ 0.10474569]
235 garray(89.49846649169922) 90.7559280396 [ 0.10478703]
236 garray(89.52385711669922) 90.8014373779 [ 0.10475013]
237 garray(89.49993896484375) 90.7496948242 [ 0.10476079]
238 garray(89.56012725830078) 90.730178833 [ 0.10479962]
239 garray(89.41896057128906) 90.7574005127 [ 0.10487959]
240 garray(89.45063781738281) 90.7568588257 [ 0.10490843]
241 garray(89.39463806152344) 90.7887573242 [ 0.10488199]
242 garray(89.4467544555664) 90.8281555176 [ 0.10489713]
243 garray(89.48526000976562) 90.7240371704 [ 0.10490343]
244 garray(89.46603393554688) 90.8040390015 [ 0.10491647]
245 garray(89.4374771118164) 90.8037948608 [ 0.10489747]
246 garray(89.46747589111328) 90.7782058716 [ 0.10504415]
247 garray(89.39167785644531) 90.7723999023 [ 0.10498889]
248 garray(89.46174621582031) 90.8062286377 [ 0.10502908]
249 garray(89.49053955078125) 90.7611160278 [ 0.10508286]
250 garray(89.47591400146484) 90.7581558228 [ 0.10506077]
251 garray(89.43197631835938) 90.7328414917 [ 0.10503313]
252 garray(89.49253845214844) 90.7489471436 [ 0.10518358]
253 garray(89.41769409179688) 90.745765686 [ 0.10506967]
254 garray(89.44426727294922) 90.7265548706 [ 0.10506343]
255 garray(89.42676544189453) 90.7881393433 [ 0.10513312]
256 garray(89.43963623046875) 90.7756500244 [ 0.10510586]
257 garray(89.46783447265625) 90.7286605835 [ 0.10514456]
258 garray(89.41131591796875) 90.7597961426 [ 0.10519904]
259 garray(89.49494934082031) 90.7300109863 [ 0.10513571]
260 garray(89.44377899169922) 90.7791671753 [ 0.10513522]
261 garray(89.43641662597656) 90.7794876099 [ 0.10511359]
262 garray(89.4822006225586) 90.7481155396 [ 0.10508719]
263 garray(89.514404296875) 90.7142944336 [ 0.10503492]
264 garray(89.45691680908203) 90.7683181763 [ 0.10507656]
265 garray(89.38983154296875) 90.786277771 [ 0.10513165]
266 garray(89.45897674560547) 90.8127975464 [ 0.10511706]
267 garray(89.44107055664062) 90.7918395996 [ 0.1050814]
268 garray(89.40201568603516) 90.7361755371 [ 0.10507431]
269 garray(89.46846008300781) 90.76902771 [ 0.1052105]
270 garray(89.46788787841797) 90.7576446533 [ 0.10511584]
271 garray(89.45132446289062) 90.7145996094 [ 0.10516999]
272 garray(89.4427261352539) 90.7644805908 [ 0.10515038]
273 garray(89.46305847167969) 90.7502059937 [ 0.10521476]
274 garray(89.35651397705078) 90.729675293 [ 0.10512136]
275 garray(89.43535614013672) 90.7646484375 [ 0.10524249]
276 garray(89.4607162475586) 90.7496566772 [ 0.10524318]
277 garray(89.40335845947266) 90.7293167114 [ 0.10516177]
278 garray(89.52037811279297) 90.7702560425 [ 0.10520153]
279 garray(89.4365005493164) 90.7719345093 [ 0.10530164]
280 garray(89.48664093017578) 90.7959671021 [ 0.10526615]
281 garray(89.40055847167969) 90.7400741577 [ 0.10540163]
282 garray(89.466796875) 90.7248001099 [ 0.10541214]
283 garray(89.45108795166016) 90.7327804565 [ 0.10539637]
284 garray(89.44062042236328) 90.7230453491 [ 0.10540871]
285 garray(89.3884048461914) 90.7528762817 [ 0.10540974]
286 garray(89.44409942626953) 90.7511444092 [ 0.105422]
287 garray(89.4384994506836) 90.7369155884 [ 0.10556866]
288 garray(89.46312713623047) 90.7440567017 [ 0.10552295]
289 garray(89.45813751220703) 90.7609558105 [ 0.10551343]
290 garray(89.46086120605469) 90.7057266235 [ 0.10556636]
291 garray(89.41983795166016) 90.7836914062 [ 0.10549222]
292 garray(89.43035125732422) 90.7135696411 [ 0.10541404]
293 garray(89.40127563476562) 90.7164306641 [ 0.10531757]
294 garray(89.40983581542969) 90.7083969116 [ 0.10532853]
295 garray(89.44068145751953) 90.7585601807 [ 0.10526766]
296 garray(89.48381042480469) 90.7454605103 [ 0.10534818]
297 garray(89.40351867675781) 90.7627868652 [ 0.10548791]
298 garray(89.41291046142578) 90.7043609619 [ 0.10552033]
299 garray(89.46887969970703) 90.7342376709 [ 0.10555565]
300 garray(89.39669799804688) 90.7167663574 [ 0.10545451]
301 garray(89.4056396484375) 90.7458190918 [ 0.10549423]
302 garray(89.37873077392578) 90.7560195923 [ 0.10547853]
303 garray(89.51045989990234) 90.7267379761 [ 0.10541735]
304 garray(89.47325134277344) 90.7065811157 [ 0.10550914]
305 garray(89.43553924560547) 90.7516784668 [ 0.10566608]
306 garray(89.4699478149414) 90.7978057861 [ 0.1055222]
307 garray(89.44319915771484) 90.7317962646 [ 0.10559637]
308 garray(89.47709655761719) 90.7300567627 [ 0.1055691]
309 garray(89.3292007446289) 90.7463150024 [ 0.10559649]
310 garray(89.45362091064453) 90.7404785156 [ 0.10552881]
311 garray(89.39535522460938) 90.7287139893 [ 0.10558287]
312 garray(89.43248748779297) 90.7705001831 [ 0.10561827]
313 garray(89.47396087646484) 90.7062988281 [ 0.10571657]
314 garray(89.44295501708984) 90.8041152954 [ 0.10566466]
315 garray(89.44847869873047) 90.7303543091 [ 0.1057444]
316 garray(89.45614624023438) 90.7456283569 [ 0.10574683]
317 garray(89.4645004272461) 90.7332458496 [ 0.10582189]
318 garray(89.39495086669922) 90.7529449463 [ 0.10584399]
319 garray(89.49939727783203) 90.7712554932 [ 0.10588765]
320 garray(89.44529724121094) 90.7109985352 [ 0.10573866]
321 garray(89.38008880615234) 90.7694702148 [ 0.10575918]
322 garray(89.3700180053711) 90.7405166626 [ 0.10581583]
323 garray(89.45099639892578) 90.7090377808 [ 0.10578066]
324 garray(89.43989562988281) 90.7476882935 [ 0.10577551]
325 garray(89.47782135009766) 90.7719955444 [ 0.10577882]
326 garray(89.42720794677734) 90.7325973511 [ 0.10573422]
327 garray(89.44121551513672) 90.7282409668 [ 0.10578047]
328 garray(89.48320007324219) 90.7460784912 [ 0.10582836]
329 garray(89.40696716308594) 90.7327346802 [ 0.10569138]
330 garray(89.44906616210938) 90.7590942383 [ 0.10571349]
331 garray(89.35736083984375) 90.7385787964 [ 0.10574638]
332 garray(89.4576187133789) 90.7255554199 [ 0.10569562]
333 garray(89.40137481689453) 90.7335586548 [ 0.10575999]
334 garray(89.51953887939453) 90.7103500366 [ 0.10580541]
335 garray(89.56288146972656) 90.7665557861 [ 0.10582419]
336 garray(89.43183898925781) 90.7546768188 [ 0.1057776]
337 garray(89.42949676513672) 90.7507247925 [ 0.10583432]
338 garray(89.44091033935547) 90.7390899658 [ 0.10582245]
339 garray(89.4256591796875) 90.7480773926 [ 0.1059919]
340 garray(89.39920043945312) 90.7533493042 [ 0.10601183]
341 garray(89.3938980102539) 90.7517547607 [ 0.10596509]
342 garray(89.42607879638672) 90.7665786743 [ 0.10591202]
343 garray(89.45784759521484) 90.727645874 [ 0.10593091]
344 garray(89.41727447509766) 90.7002563477 [ 0.10591675]
345 garray(89.41321563720703) 90.7381210327 [ 0.10597796]
346 garray(89.45882415771484) 90.7229385376 [ 0.10591984]
347 garray(89.36837768554688) 90.7496566772 [ 0.10597742]
348 garray(89.39287567138672) 90.7701644897 [ 0.10589001]
349 garray(89.45948028564453) 90.6969146729 [ 0.10593469]
350 garray(89.4698486328125) 90.7338867188 [ 0.10591513]
351 garray(89.43915557861328) 90.7169342041 [ 0.10600626]
352 garray(89.37056732177734) 90.6943588257 [ 0.10602278]
353 garray(89.4222412109375) 90.6673355103 [ 0.10597044]
354 garray(89.42620849609375) 90.7372589111 [ 0.10592109]
355 garray(89.5218276977539) 90.7007446289 [ 0.10592323]
356 garray(89.45573425292969) 90.7077407837 [ 0.10600984]
357 garray(89.4402847290039) 90.7120361328 [ 0.10596887]
358 garray(89.41091918945312) 90.7757263184 [ 0.10600353]
359 garray(89.40702819824219) 90.735534668 [ 0.10613013]
360 garray(89.46177673339844) 90.7154998779 [ 0.10612426]
361 garray(89.40644836425781) 90.7522964478 [ 0.10607758]
362 garray(89.40413665771484) 90.7334442139 [ 0.10614129]
363 garray(89.45636749267578) 90.7586669922 [ 0.10618069]
364 garray(89.40221405029297) 90.7345581055 [ 0.10614524]
365 garray(89.48796081542969) 90.731803894 [ 0.10613903]
366 garray(89.39795684814453) 90.7608108521 [ 0.1061404]
367 garray(89.50175476074219) 90.7326202393 [ 0.10611385]
368 garray(89.37751770019531) 90.6906585693 [ 0.10616622]
369 garray(89.34671783447266) 90.7163391113 [ 0.1060596]
370 garray(89.4560775756836) 90.7145385742 [ 0.10614323]
371 garray(89.4588394165039) 90.7509613037 [ 0.10630644]
372 garray(89.47624969482422) 90.7636947632 [ 0.10628894]
373 garray(89.49662017822266) 90.7217559814 [ 0.10631627]
374 garray(89.49199676513672) 90.6915969849 [ 0.10620243]
375 garray(89.46062469482422) 90.7249984741 [ 0.1062503]
376 garray(89.40547943115234) 90.6993865967 [ 0.10625121]
377 garray(89.43994140625) 90.7188339233 [ 0.10634295]
378 garray(89.43230438232422) 90.7207641602 [ 0.10631133]
379 garray(89.41799926757812) 90.7223358154 [ 0.10637476]
380 garray(89.41675567626953) 90.6971588135 [ 0.10635072]
381 garray(89.32128143310547) 90.7216949463 [ 0.10632969]
382 garray(89.41053771972656) 90.6993560791 [ 0.10634113]
383 garray(89.41285705566406) 90.7160491943 [ 0.10633682]
384 garray(89.4256362915039) 90.721321106 [ 0.10639436]
385 garray(89.37845611572266) 90.7200698853 [ 0.10642956]
386 garray(89.43049621582031) 90.7478485107 [ 0.10637614]
387 garray(89.36624908447266) 90.6999740601 [ 0.10636003]
388 garray(89.43241119384766) 90.7164154053 [ 0.10650449]
389 garray(89.42052459716797) 90.7252807617 [ 0.10647499]
390 garray(89.37461853027344) 90.7395782471 [ 0.10645565]
391 garray(89.40068817138672) 90.7524642944 [ 0.10648582]
392 garray(89.41265869140625) 90.7220001221 [ 0.10650636]
393 garray(89.41775512695312) 90.7297744751 [ 0.10649305]
394 garray(89.47257995605469) 90.7280883789 [ 0.10652676]
395 garray(89.37371826171875) 90.7434997559 [ 0.10652445]
396 garray(89.37371826171875) 90.6989746094 [ 0.10648375]
397 garray(89.3980712890625) 90.7341995239 [ 0.10652669]
398 garray(89.38685607910156) 90.7164459229 [ 0.10651327]
399 garray(89.4796142578125) 90.7383346558 [ 0.10650205]
400 garray(89.44441986083984) 90.7043075562 [ 0.10655179]
401 garray(89.44010925292969) 90.7478713989 [ 0.10662093]
402 garray(89.3912582397461) 90.6721343994 [ 0.10655762]
403 garray(89.46957397460938) 90.724319458 [ 0.10652095]
404 garray(89.31558990478516) 90.6801147461 [ 0.10652612]
405 garray(89.36727905273438) 90.6640396118 [ 0.10656631]
406 garray(89.41079711914062) 90.706199646 [ 0.10659136]
407 garray(89.45246887207031) 90.7339248657 [ 0.1065808]
408 garray(89.36551666259766) 90.732749939 [ 0.10659789]
409 garray(89.3726806640625) 90.7585144043 [ 0.10650606]
410 garray(89.38853454589844) 90.7225646973 [ 0.10649433]
411 garray(89.42618560791016) 90.7609176636 [ 0.10642877]
412 garray(89.36058807373047) 90.6863174438 [ 0.10654618]
413 garray(89.41106414794922) 90.7142410278 [ 0.10654335]
414 garray(89.38103485107422) 90.7346572876 [ 0.1066425]
415 garray(89.3463363647461) 90.6853942871 [ 0.10654886]
416 garray(89.37627410888672) 90.6988754272 [ 0.10654529]
417 garray(89.38191986083984) 90.7480163574 [ 0.10655946]
418 garray(89.36683654785156) 90.7170944214 [ 0.10665178]
419 garray(89.40904998779297) 90.6882400513 [ 0.1067425]
420 garray(89.46897888183594) 90.7507476807 [ 0.10669145]
421 garray(89.40068054199219) 90.7174377441 [ 0.10670645]
422 garray(89.4243392944336) 90.6708602905 [ 0.10668724]
423 garray(89.39679718017578) 90.7532577515 [ 0.10669364]
424 garray(89.4338150024414) 90.7670593262 [ 0.10677751]
425 garray(89.31591796875) 90.6747512817 [ 0.10671135]
426 garray(89.37870788574219) 90.6815567017 [ 0.10673329]
427 garray(89.46746826171875) 90.828918457 [ 0.10667271]
428 garray(89.43245697021484) 90.6733169556 [ 0.1066342]
429 garray(89.37239837646484) 90.6873779297 [ 0.10670361]
430 garray(89.36479949951172) 90.7336807251 [ 0.10670137]
431 garray(89.44738006591797) 90.7646179199 [ 0.10681664]
432 garray(89.37873077392578) 90.7160949707 [ 0.10678749]
433 garray(89.3133773803711) 90.7206802368 [ 0.10669297]
434 garray(89.32881927490234) 90.6825408936 [ 0.10677384]
435 garray(89.39591979980469) 90.7484283447 [ 0.10675172]
436 garray(89.4079360961914) 90.7716140747 [ 0.10663031]
437 garray(89.45825958251953) 90.6904754639 [ 0.10666965]
438 garray(89.38533782958984) 90.71043396 [ 0.10675002]
439 garray(89.43477630615234) 90.7372970581 [ 0.10677625]
440 garray(89.39595794677734) 90.6876907349 [ 0.10669522]
441 garray(89.40147399902344) 90.7014007568 [ 0.10671484]
442 garray(89.35662078857422) 90.6971664429 [ 0.10673435]
443 garray(89.40980529785156) 90.7000961304 [ 0.1067866]
444 garray(89.30130767822266) 90.7057342529 [ 0.10678919]
445 garray(89.47557830810547) 90.6868286133 [ 0.10690886]
446 garray(89.39727020263672) 90.7129211426 [ 0.10691468]
447 garray(89.38135528564453) 90.7190093994 [ 0.10690721]
448 garray(89.4127197265625) 90.7255172729 [ 0.10689871]
449 garray(89.38101959228516) 90.7392578125 [ 0.10700989]
450 garray(89.36161041259766) 90.7195739746 [ 0.10686684]
451 garray(89.42781829833984) 90.6944351196 [ 0.10692331]
452 garray(89.3745346069336) 90.7032165527 [ 0.10691811]
453 garray(89.42057800292969) 90.6887588501 [ 0.10699933]
454 garray(89.46857452392578) 90.682258606 [ 0.10706672]
455 garray(89.45030975341797) 90.6872558594 [ 0.106987]
456 garray(89.392578125) 90.6716308594 [ 0.10698604]
457 garray(89.44513702392578) 90.6949539185 [ 0.10697987]
458 garray(89.44851684570312) 90.7338256836 [ 0.10696759]
459 garray(89.39302825927734) 90.7412948608 [ 0.10697361]
460 garray(89.37057495117188) 90.6879196167 [ 0.1070565]
461 garray(89.33290100097656) 90.6901779175 [ 0.10706958]
462 garray(89.3653564453125) 90.6898803711 [ 0.10702796]
463 garray(89.3639144897461) 90.6675949097 [ 0.10700545]
464 garray(89.40892028808594) 90.7126159668 [ 0.10702937]
465 garray(89.34003448486328) 90.6615982056 [ 0.10702296]
466 garray(89.47032928466797) 90.7308578491 [ 0.10708463]
467 garray(89.41401672363281) 90.6739807129 [ 0.10715019]
468 garray(89.39773559570312) 90.7198867798 [ 0.10714508]
469 garray(89.38810729980469) 90.7640380859 [ 0.10715155]
470 garray(89.34056091308594) 90.6599578857 [ 0.10714131]
471 garray(89.37757873535156) 90.7147674561 [ 0.10716934]
472 garray(89.40472412109375) 90.6474151611 [ 0.10722535]
473 garray(89.36669921875) 90.7137451172 [ 0.10721597]
474 garray(89.37638854980469) 90.7042999268 [ 0.10724041]
475 garray(89.45647430419922) 90.6715240479 [ 0.10721565]
476 garray(89.36988067626953) 90.7025375366 [ 0.10715271]
477 garray(89.32821655273438) 90.689201355 [ 0.10712694]
478 garray(89.41873931884766) 90.7169952393 [ 0.10723666]
479 garray(89.38615417480469) 90.7021560669 [ 0.10718958]
480 garray(89.4027099609375) 90.6542282104 [ 0.10723883]
481 garray(89.43487548828125) 90.7353439331 [ 0.10723999]
482 garray(89.4139175415039) 90.7486495972 [ 0.10726432]
483 garray(89.39409637451172) 90.7143173218 [ 0.10725133]
484 garray(89.40132141113281) 90.7077865601 [ 0.10717712]
485 garray(89.36013793945312) 90.6861190796 [ 0.10717396]
486 garray(89.40413665771484) 90.6734161377 [ 0.10722086]
487 garray(89.45502471923828) 90.7163085938 [ 0.1072435]
488 garray(89.4240951538086) 90.707649231 [ 0.10721555]
489 garray(89.41729736328125) 90.667388916 [ 0.10725765]
490 garray(89.40036010742188) 90.6723480225 [ 0.10735456]
491 garray(89.28016662597656) 90.6969070435 [ 0.10738394]
492 garray(89.35964965820312) 90.6281967163 [ 0.10740064]
493 garray(89.40100860595703) 90.6586380005 [ 0.10739058]
494 garray(89.39646911621094) 90.6753082275 [ 0.10736476]
495 garray(89.40288543701172) 90.6724777222 [ 0.10742831]
496 garray(89.3548583984375) 90.6956939697 [ 0.10746454]
497 garray(89.40721893310547) 90.7040405273 [ 0.10750276]
498 garray(89.38497924804688) 90.7039871216 [ 0.10740988]
499 garray(89.40471649169922) 90.6644210815 [ 0.10743239]
500 garray(89.42637634277344) 90.7379608154 [ 0.10738366]
501 garray(89.3796157836914) 90.6510391235 [ 0.10733268]
502 garray(89.44255828857422) 90.6709976196 [ 0.10734219]
503 garray(89.3582992553711) 90.6561889648 [ 0.10734364]
504 garray(89.34952545166016) 90.7131958008 [ 0.10729034]
505 garray(89.33497619628906) 90.7261505127 [ 0.10721738]
506 garray(89.40634155273438) 90.7023696899 [ 0.10720916]
507 garray(89.3948974609375) 90.7262878418 [ 0.10728172]
508 garray(89.32670593261719) 90.7480545044 [ 0.10724266]
509 garray(89.36420440673828) 90.6914749146 [ 0.10732776]
510 garray(89.31200408935547) 90.6867599487 [ 0.1073994]
511 garray(89.33818817138672) 90.7272796631 [ 0.10740768]
512 garray(89.42296600341797) 90.6414413452 [ 0.10747935]
513 garray(89.3878402709961) 90.7030792236 [ 0.10753091]
514 garray(89.4205551147461) 90.68409729 [ 0.10751917]
515 garray(89.3592300415039) 90.7053756714 [ 0.10759362]
516 garray(89.4291000366211) 90.7030487061 [ 0.10751022]
517 garray(89.42076873779297) 90.689781189 [ 0.10751756]
518 garray(89.40449523925781) 90.7124404907 [ 0.10748592]
519 garray(89.36434936523438) 90.6575012207 [ 0.10747329]
520 garray(89.38113403320312) 90.7375869751 [ 0.10745619]
521 garray(89.3621597290039) 90.6786346436 [ 0.1075096]
522 garray(89.3662109375) 90.65599823 [ 0.1075868]
523 garray(89.3249282836914) 90.6576080322 [ 0.1075143]
524 garray(89.44365692138672) 90.6621246338 [ 0.10760685]
525 garray(89.31367492675781) 90.6936569214 [ 0.10753742]
526 garray(89.3463363647461) 90.7158050537 [ 0.10761155]
527 garray(89.3418197631836) 90.7086181641 [ 0.10763883]
528 garray(89.44800567626953) 90.6800765991 [ 0.10758737]
529 garray(89.40665435791016) 90.613571167 [ 0.10764475]
530 garray(89.34574890136719) 90.6477584839 [ 0.10761192]
531 garray(89.35343933105469) 90.6414260864 [ 0.10764047]
532 garray(89.38460540771484) 90.652557373 [ 0.10764267]
533 garray(89.35875701904297) 90.6826400757 [ 0.10763859]
534 garray(89.35193634033203) 90.6413803101 [ 0.10760337]
535 garray(89.35588836669922) 90.7029800415 [ 0.10764388]
536 garray(89.31044006347656) 90.6762084961 [ 0.10774272]
537 garray(89.33028411865234) 90.6670608521 [ 0.10776131]
538 garray(89.36869049072266) 90.651725769 [ 0.10775681]
539 garray(89.32698059082031) 90.6955184937 [ 0.10775421]
540 garray(89.41123962402344) 90.6440963745 [ 0.10777007]
541 garray(89.3638687133789) 90.698638916 [ 0.1077997]
542 garray(89.39215850830078) 90.6950454712 [ 0.10771835]
543 garray(89.39261627197266) 90.6681213379 [ 0.10766134]
544 garray(89.373779296875) 90.6955566406 [ 0.10771142]
545 garray(89.39144134521484) 90.6664581299 [ 0.10780478]
546 garray(89.40580749511719) 90.649017334 [ 0.10774802]
547 garray(89.34752655029297) 90.712310791 [ 0.10774869]
548 garray(89.30902862548828) 90.6835784912 [ 0.10777054]
549 garray(89.34890747070312) 90.6736068726 [ 0.10777586]
550 garray(89.33042907714844) 90.692817688 [ 0.10776517]
551 garray(89.40235900878906) 90.6641159058 [ 0.10772602]
552 garray(89.3885269165039) 90.6664352417 [ 0.10778953]
553 garray(89.3839340209961) 90.6339797974 [ 0.10781299]
554 garray(89.38665771484375) 90.6642379761 [ 0.10774874]
555 garray(89.40043640136719) 90.6673278809 [ 0.10778299]
556 garray(89.35057067871094) 90.6395797729 [ 0.10785174]
557 garray(89.45771026611328) 90.6840896606 [ 0.10785256]
558 garray(89.37184143066406) 90.724357605 [ 0.10780327]
559 garray(89.3997802734375) 90.7004699707 [ 0.10786098]
560 garray(89.33372497558594) 90.6430969238 [ 0.10782409]
561 garray(89.3923568725586) 90.6647567749 [ 0.10782971]
562 garray(89.33033752441406) 90.6801147461 [ 0.1078052]
563 garray(89.39434051513672) 90.6651077271 [ 0.10783716]
564 garray(89.38323974609375) 90.6486282349 [ 0.10777997]
565 garray(89.34629821777344) 90.7026748657 [ 0.10781349]
566 garray(89.40973663330078) 90.724937439 [ 0.10782693]
567 garray(89.31919860839844) 90.6702346802 [ 0.10784565]
568 garray(89.31881713867188) 90.6803970337 [ 0.10782592]
569 garray(89.30149841308594) 90.6868209839 [ 0.10780683]
570 garray(89.39918518066406) 90.6455383301 [ 0.10774018]
571 garray(89.33281707763672) 90.6148147583 [ 0.10792849]
572 garray(89.37527465820312) 90.7084960938 [ 0.10796267]
573 garray(89.32941436767578) 90.7047042847 [ 0.10798479]
574 garray(89.3770751953125) 90.6681976318 [ 0.10794828]
575 garray(89.36753845214844) 90.7177352905 [ 0.10803021]
576 garray(89.40122985839844) 90.6781539917 [ 0.10800593]
577 garray(89.41975402832031) 90.6579742432 [ 0.10788718]
578 garray(89.4448013305664) 90.6795806885 [ 0.10797087]
579 garray(89.35958099365234) 90.6632766724 [ 0.10794615]
580 garray(89.36746978759766) 90.7046356201 [ 0.10792103]
581 garray(89.31401062011719) 90.7009506226 [ 0.10795923]
582 garray(89.39334869384766) 90.7206268311 [ 0.10800813]
583 garray(89.34605407714844) 90.6719589233 [ 0.10797734]
584 garray(89.36426544189453) 90.6961669922 [ 0.10801505]
585 garray(89.42383575439453) 90.667755127 [ 0.10801492]
586 garray(89.4117202758789) 90.6951751709 [ 0.10802389]
587 garray(89.35763549804688) 90.6252212524 [ 0.10805036]
588 garray(89.41167449951172) 90.6960372925 [ 0.10803673]
589 garray(89.35282135009766) 90.6163253784 [ 0.10802786]
590 garray(89.35061645507812) 90.6609954834 [ 0.1079679]
591 garray(89.39252471923828) 90.6779708862 [ 0.10800496]
592 garray(89.38145446777344) 90.6750564575 [ 0.10805328]
593 garray(89.31659698486328) 90.6936569214 [ 0.10807385]
594 garray(89.34099578857422) 90.6468353271 [ 0.10809438]
595 garray(89.33438110351562) 90.6724395752 [ 0.10800561]
596 garray(89.4280014038086) 90.6926803589 [ 0.10811924]
597 garray(89.32109832763672) 90.6758575439 [ 0.10815772]
598 garray(89.42250061035156) 90.6441192627 [ 0.10821907]
599 garray(89.34872436523438) 90.6488647461 [ 0.10818929]
600 garray(89.3443603515625) 90.6992950439 [ 0.1082225]
601 garray(89.31417083740234) 90.6307983398 [ 0.10819747]
602 garray(89.3985595703125) 90.7080612183 [ 0.10818363]
603 garray(89.2932357788086) 90.7183380127 [ 0.10825397]
604 garray(89.29735565185547) 90.6926651001 [ 0.10819162]
605 garray(89.3394546508789) 90.6849975586 [ 0.10823616]
606 garray(89.393798828125) 90.6679382324 [ 0.10825648]
607 garray(89.3362045288086) 90.6647186279 [ 0.10827992]
608 garray(89.34053802490234) 90.6728210449 [ 0.10829932]
609 garray(89.35076141357422) 90.664855957 [ 0.10829935]
610 garray(89.4218978881836) 90.6561813354 [ 0.10824415]
611 garray(89.3431167602539) 90.672668457 [ 0.10827556]
612 garray(89.38169860839844) 90.6901092529 [ 0.10836089]
613 garray(89.32969665527344) 90.6304779053 [ 0.10826226]
614 garray(89.34880828857422) 90.6561279297 [ 0.10828511]
615 garray(89.33958435058594) 90.6159286499 [ 0.10820918]
616 garray(89.32793426513672) 90.6589813232 [ 0.1082597]
617 garray(89.3781509399414) 90.6321182251 [ 0.10828344]
618 garray(89.33761596679688) 90.6124191284 [ 0.10828478]
619 garray(89.30889892578125) 90.646156311 [ 0.10826851]
620 garray(89.31267547607422) 90.674987793 [ 0.10836893]
621 garray(89.34521484375) 90.7091751099 [ 0.10836136]
622 garray(89.35081481933594) 90.6050262451 [ 0.10826213]
623 garray(89.44084930419922) 90.6720199585 [ 0.10837866]
624 garray(89.35283660888672) 90.6478042603 [ 0.10835808]
625 garray(89.40274047851562) 90.6279754639 [ 0.10835416]
626 garray(89.3594970703125) 90.6681213379 [ 0.10827794]
627 garray(89.3433609008789) 90.6629943848 [ 0.10832783]
628 garray(89.39737701416016) 90.6331176758 [ 0.108316]
629 garray(89.41413879394531) 90.6557998657 [ 0.10831245]
630 garray(89.3667984008789) 90.6480484009 [ 0.10831242]
631 garray(89.33769989013672) 90.6245956421 [ 0.1084085]
632 garray(89.35567474365234) 90.6355361938 [ 0.10853096]
633 garray(89.3290786743164) 90.6208190918 [ 0.10849316]
634 garray(89.32439422607422) 90.6282577515 [ 0.10842759]
635 garray(89.30584716796875) 90.6523971558 [ 0.10849612]
636 garray(89.38543701171875) 90.6695175171 [ 0.10853566]
637 garray(89.27201843261719) 90.6832962036 [ 0.10862107]
638 garray(89.32998657226562) 90.6443405151 [ 0.10864763]
639 garray(89.42051696777344) 90.6295852661 [ 0.10851922]
640 garray(89.29496002197266) 90.6270370483 [ 0.10848097]
641 garray(89.32228088378906) 90.6292266846 [ 0.10840693]
642 garray(89.35199737548828) 90.6572570801 [ 0.10838556]
643 garray(89.33483123779297) 90.594329834 [ 0.10837449]
644 garray(89.35417938232422) 90.6241378784 [ 0.10844906]
645 garray(89.26102447509766) 90.6606140137 [ 0.10851862]
646 garray(89.33744812011719) 90.6407775879 [ 0.10857379]
647 garray(89.31906127929688) 90.6678009033 [ 0.10859294]
648 garray(89.36426544189453) 90.7285842896 [ 0.10858986]
649 garray(89.39683532714844) 90.6335601807 [ 0.10861073]
650 garray(89.32232666015625) 90.6199111938 [ 0.10855242]
651 garray(89.3555908203125) 90.6915893555 [ 0.1086824]
652 garray(89.39305114746094) 90.6860961914 [ 0.10866227]
653 garray(89.33027648925781) 90.6433868408 [ 0.10860753]
654 garray(89.30490112304688) 90.6275558472 [ 0.10860442]
655 garray(89.28134155273438) 90.6205978394 [ 0.10854043]
656 garray(89.29666137695312) 90.7208709717 [ 0.10857506]
657 garray(89.32231140136719) 90.6675415039 [ 0.10853986]
658 garray(89.30421447753906) 90.676864624 [ 0.1085713]
659 garray(89.3025894165039) 90.6887207031 [ 0.10855106]
660 garray(89.3147964477539) 90.6368408203 [ 0.10861963]
661 garray(89.33924102783203) 90.6439743042 [ 0.10861774]
662 garray(89.35884094238281) 90.6766815186 [ 0.10862577]
663 garray(89.38983154296875) 90.6814651489 [ 0.10860678]
664 garray(89.33332824707031) 90.6809692383 [ 0.10868934]
665 garray(89.41287994384766) 90.6345367432 [ 0.10869722]
666 garray(89.34675598144531) 90.6483154297 [ 0.10862142]
667 garray(89.3619384765625) 90.6527404785 [ 0.10857963]
668 garray(89.2989273071289) 90.6339569092 [ 0.10867853]
669 garray(89.34400939941406) 90.6505355835 [ 0.10871407]
670 garray(89.29412841796875) 90.6108856201 [ 0.10875845]
671 garray(89.37517547607422) 90.6599655151 [ 0.10883915]
672 garray(89.28746032714844) 90.6058807373 [ 0.10876089]
673 garray(89.3467788696289) 90.6032409668 [ 0.10877056]
674 garray(89.37353515625) 90.653427124 [ 0.10872832]
675 garray(89.3507080078125) 90.6326370239 [ 0.10866729]
676 garray(89.38904571533203) 90.6524810791 [ 0.10876039]
677 garray(89.36225891113281) 90.6530456543 [ 0.10873602]
678 garray(89.27047729492188) 90.6441497803 [ 0.10876191]
679 garray(89.322998046875) 90.6555786133 [ 0.10873389]
680 garray(89.32968139648438) 90.612991333 [ 0.10878854]
681 garray(89.26557922363281) 90.6617202759 [ 0.10883586]
682 garray(89.35181427001953) 90.6499481201 [ 0.10885566]
683 garray(89.2623062133789) 90.6760559082 [ 0.1088627]
684 garray(89.34536743164062) 90.6619186401 [ 0.10884803]
685 garray(89.36233520507812) 90.6803970337 [ 0.10881104]
686 garray(89.24373626708984) 90.6189346313 [ 0.10881985]
687 garray(89.34017944335938) 90.6641845703 [ 0.10880313]
688 garray(89.44791412353516) 90.6223983765 [ 0.10879819]
689 garray(89.32939147949219) 90.6249008179 [ 0.10894827]
690 garray(89.39698028564453) 90.6475601196 [ 0.1089582]
691 garray(89.3150405883789) 90.664894104 [ 0.10897271]
692 garray(89.27141571044922) 90.6719589233 [ 0.10895295]
693 garray(89.34679412841797) 90.692741394 [ 0.10896208]
694 garray(89.34825134277344) 90.6261367798 [ 0.10898291]
695 garray(89.25679779052734) 90.5771789551 [ 0.10895638]
696 garray(89.27529907226562) 90.6168746948 [ 0.10900061]
697 garray(89.3231201171875) 90.6301040649 [ 0.10901107]
698 garray(89.34137725830078) 90.6459579468 [ 0.10908411]
699 garray(89.3267593383789) 90.6613006592 [ 0.10906497]
700 garray(89.32133483886719) 90.6367340088 [ 0.10907109]
701 garray(89.31291961669922) 90.6412887573 [ 0.1090313]
702 garray(89.35525512695312) 90.6134185791 [ 0.10909417]
703 garray(89.34489440917969) 90.570098877 [ 0.10913208]
704 garray(89.3180160522461) 90.660118103 [ 0.10907221]
705 garray(89.34711456298828) 90.5890350342 [ 0.10902667]
706 garray(89.30913543701172) 90.6283340454 [ 0.10905565]
707 garray(89.3062744140625) 90.5914306641 [ 0.10902344]
708 garray(89.35802459716797) 90.6933364868 [ 0.10901846]
709 garray(89.44153594970703) 90.65625 [ 0.10906696]
710 garray(89.36077880859375) 90.6485900879 [ 0.10901756]
711 garray(89.38253784179688) 90.6574783325 [ 0.1090864]
712 garray(89.35704040527344) 90.60962677 [ 0.10905762]
713 garray(89.31668853759766) 90.6722564697 [ 0.1090622]
714 garray(89.3707046508789) 90.6307983398 [ 0.10908533]
715 garray(89.3814468383789) 90.6676177979 [ 0.1091805]
716 garray(89.37226104736328) 90.6554412842 [ 0.10912179]
717 garray(89.30792999267578) 90.6518783569 [ 0.10915773]
718 garray(89.22882843017578) 90.6488494873 [ 0.109219]
719 garray(89.3775405883789) 90.633895874 [ 0.10911332]
720 garray(89.25225830078125) 90.6625747681 [ 0.10915597]
721 garray(89.28984069824219) 90.6344299316 [ 0.10919114]
722 garray(89.26345825195312) 90.6147842407 [ 0.10917856]
723 garray(89.31362915039062) 90.6220245361 [ 0.10917465]
724 garray(89.29972839355469) 90.6609954834 [ 0.10918113]
725 garray(89.37825775146484) 90.6059341431 [ 0.10923011]
726 garray(89.3050765991211) 90.6032180786 [ 0.1092389]
727 garray(89.2628402709961) 90.6332168579 [ 0.10920534]
728 garray(89.37091827392578) 90.6225509644 [ 0.10922652]
729 garray(89.32766723632812) 90.6295394897 [ 0.10923043]
730 garray(89.3044204711914) 90.6226959229 [ 0.1092485]
731 garray(89.3302993774414) 90.6537399292 [ 0.10931058]
732 garray(89.37934112548828) 90.6601867676 [ 0.10927399]
733 garray(89.28546142578125) 90.6471252441 [ 0.10927671]
734 garray(89.3472900390625) 90.633605957 [ 0.10933272]
735 garray(89.31707763671875) 90.6266174316 [ 0.10929082]
736 garray(89.31077575683594) 90.6540603638 [ 0.10923646]
737 garray(89.33087921142578) 90.6033401489 [ 0.10922433]
738 garray(89.2659683227539) 90.6020355225 [ 0.10929809]
739 garray(89.31269836425781) 90.6366195679 [ 0.1093316]
740 garray(89.29008483886719) 90.5596160889 [ 0.10930345]
741 garray(89.26551055908203) 90.5621490479 [ 0.10930567]
742 garray(89.25863647460938) 90.6368179321 [ 0.10926729]
743 garray(89.26097869873047) 90.6632766724 [ 0.10928264]
744 garray(89.2983169555664) 90.6663284302 [ 0.10938902]
745 garray(89.33609008789062) 90.6399688721 [ 0.10937241]
746 garray(89.31925964355469) 90.6400375366 [ 0.10934653]
747 garray(89.31607818603516) 90.6347961426 [ 0.10929573]
748 garray(89.34014129638672) 90.6286468506 [ 0.10931766]
749 garray(89.30391693115234) 90.5988388062 [ 0.10944488]
750 garray(89.35540008544922) 90.6152801514 [ 0.10939061]
751 garray(89.31282806396484) 90.6417770386 [ 0.1094277]
752 garray(89.31393432617188) 90.6238555908 [ 0.10943643]
753 garray(89.31218719482422) 90.6073608398 [ 0.10933277]
754 garray(89.28482055664062) 90.6547851562 [ 0.10930398]
755 garray(89.29539489746094) 90.6292572021 [ 0.10937927]
756 garray(89.37977600097656) 90.6599578857 [ 0.10942361]
757 garray(89.30329895019531) 90.6064987183 [ 0.10945558]
758 garray(89.3737564086914) 90.659614563 [ 0.10941725]
759 garray(89.32855987548828) 90.6247940063 [ 0.10941114]
760 garray(89.31095886230469) 90.6317672729 [ 0.10940084]
761 garray(89.31263732910156) 90.6156158447 [ 0.1094074]
762 garray(89.32686614990234) 90.5554046631 [ 0.10928254]
763 garray(89.29844665527344) 90.6183776855 [ 0.10935625]
764 garray(89.35710906982422) 90.5744552612 [ 0.10929503]
765 garray(89.34678649902344) 90.6174163818 [ 0.10934698]
766 garray(89.32132720947266) 90.6406784058 [ 0.10941009]
767 garray(89.33935546875) 90.6165390015 [ 0.10935875]
768 garray(89.3467788696289) 90.5867462158 [ 0.10940947]
769 garray(89.3229751586914) 90.630859375 [ 0.10937603]
770 garray(89.29925537109375) 90.6202011108 [ 0.1093665]
771 garray(89.32418060302734) 90.6495361328 [ 0.10938685]
772 garray(89.30697631835938) 90.5847549438 [ 0.10942156]
773 garray(89.29817962646484) 90.6313781738 [ 0.10938662]
774 garray(89.26580047607422) 90.6156387329 [ 0.10946302]
775 garray(89.33055877685547) 90.5860061646 [ 0.1094585]
776 garray(89.30951690673828) 90.6739273071 [ 0.10948028]
777 garray(89.29486846923828) 90.6237792969 [ 0.10947072]
778 garray(89.30343627929688) 90.6608963013 [ 0.10940942]
779 garray(89.31273651123047) 90.6049880981 [ 0.10949425]
780 garray(89.28723907470703) 90.6054000854 [ 0.1095549]
781 garray(89.35409545898438) 90.6231155396 [ 0.10950221]
782 garray(89.31057739257812) 90.568069458 [ 0.10942473]
783 garray(89.25255584716797) 90.5981445312 [ 0.109559]
784 garray(89.29143524169922) 90.5757598877 [ 0.10954709]
785 garray(89.34849548339844) 90.6324386597 [ 0.10952586]
786 garray(89.32701873779297) 90.5747070312 [ 0.10943867]
787 garray(89.2956771850586) 90.6432571411 [ 0.10948524]
788 garray(89.3110580444336) 90.5404663086 [ 0.1094915]
789 garray(89.30581665039062) 90.6046142578 [ 0.1094275]
790 garray(89.28315734863281) 90.6026077271 [ 0.10945546]
791 garray(89.240234375) 90.6448898315 [ 0.10944179]
792 garray(89.31591033935547) 90.6253585815 [ 0.10945506]
793 garray(89.33352661132812) 90.612159729 [ 0.10951019]
794 garray(89.2735595703125) 90.5835952759 [ 0.10960839]
795 garray(89.26365661621094) 90.6053771973 [ 0.10956324]
796 garray(89.31346130371094) 90.5831756592 [ 0.10951328]
797 garray(89.37705993652344) 90.6435165405 [ 0.10951426]
798 garray(89.26805877685547) 90.6044158936 [ 0.10956529]
799 garray(89.28724670410156) 90.5921401978 [ 0.10954363]
800 garray(89.30609893798828) 90.5620803833 [ 0.10960512]
801 garray(89.24639892578125) 90.6274871826 [ 0.10957187]
802 garray(89.31495666503906) 90.5868377686 [ 0.10954555]
803 garray(89.26744842529297) 90.6484069824 [ 0.10963562]
804 garray(89.30577087402344) 90.586479187 [ 0.10967967]
805 garray(89.28767395019531) 90.629524231 [ 0.10960477]
806 garray(89.32997131347656) 90.5599746704 [ 0.10968114]
807 garray(89.28399658203125) 90.5612258911 [ 0.10967315]
808 garray(89.29549407958984) 90.6653289795 [ 0.10971924]
809 garray(89.3441162109375) 90.5938568115 [ 0.10962696]
810 garray(89.3162612915039) 90.5941085815 [ 0.10965844]
811 garray(89.275146484375) 90.5674972534 [ 0.10970573]
812 garray(89.29149627685547) 90.6043548584 [ 0.10968299]
813 garray(89.27144622802734) 90.645690918 [ 0.10961403]
814 garray(89.29354095458984) 90.6060409546 [ 0.10966663]
815 garray(89.33060455322266) 90.5930404663 [ 0.10980415]
816 garray(89.32038116455078) 90.60521698 [ 0.10981676]
817 garray(89.31971740722656) 90.5448989868 [ 0.10975971]
818 garray(89.29175567626953) 90.6225814819 [ 0.10960417]
819 garray(89.25891876220703) 90.5224761963 [ 0.10968403]
820 garray(89.26702117919922) 90.571395874 [ 0.10975031]
821 garray(89.27330017089844) 90.6463546753 [ 0.10982956]
822 garray(89.25765991210938) 90.5770950317 [ 0.10986326]
823 garray(89.24348449707031) 90.5748214722 [ 0.10982616]
824 garray(89.24150848388672) 90.59790802 [ 0.10975349]
825 garray(89.26631927490234) 90.5831680298 [ 0.10974454]
826 garray(89.27391052246094) 90.5841751099 [ 0.10970566]
827 garray(89.29087829589844) 90.5937347412 [ 0.10971822]
828 garray(89.25775146484375) 90.5367965698 [ 0.10976837]
829 garray(89.33533477783203) 90.6000366211 [ 0.10976018]
830 garray(89.25685119628906) 90.6159362793 [ 0.10973815]
831 garray(89.21218872070312) 90.5632858276 [ 0.10975688]
832 garray(89.29693603515625) 90.540184021 [ 0.10984297]
833 garray(89.30603790283203) 90.5892791748 [ 0.10986057]
834 garray(89.33610534667969) 90.6000366211 [ 0.10979488]
835 garray(89.342041015625) 90.6103210449 [ 0.10973365]
836 garray(89.3426742553711) 90.6022186279 [ 0.1097976]
837 garray(89.23597717285156) 90.6058578491 [ 0.10979328]
838 garray(89.30944061279297) 90.5605010986 [ 0.10990653]
839 garray(89.2894058227539) 90.5859375 [ 0.10987534]
840 garray(89.22605895996094) 90.5514602661 [ 0.10993047]
841 garray(89.32191467285156) 90.6347045898 [ 0.1099884]
842 garray(89.3478775024414) 90.6416397095 [ 0.11005212]
843 garray(89.2943344116211) 90.6022415161 [ 0.10989071]
844 garray(89.32955932617188) 90.5513458252 [ 0.10980305]
845 garray(89.22396087646484) 90.5744171143 [ 0.10986057]
846 garray(89.29914093017578) 90.5883865356 [ 0.10988048]
847 garray(89.28241729736328) 90.567527771 [ 0.10995467]
848 garray(89.28099822998047) 90.5865478516 [ 0.10992632]
849 garray(89.34432983398438) 90.5928955078 [ 0.10998045]
850 garray(89.32261657714844) 90.6037979126 [ 0.109985]
851 garray(89.3017578125) 90.6205368042 [ 0.11006105]
852 garray(89.29551696777344) 90.5863342285 [ 0.1100059]
853 garray(89.2922592163086) 90.619644165 [ 0.1099554]
854 garray(89.29468536376953) 90.594909668 [ 0.11003569]
855 garray(89.26227569580078) 90.5396957397 [ 0.1101093]
856 garray(89.35067749023438) 90.5952301025 [ 0.1101066]
857 garray(89.28399658203125) 90.5599365234 [ 0.11011881]
858 garray(89.26024627685547) 90.5950393677 [ 0.10994325]
859 garray(89.23363494873047) 90.6111907959 [ 0.10990743]
860 garray(89.30343627929688) 90.5982513428 [ 0.10998022]
861 garray(89.34272766113281) 90.6163482666 [ 0.10992587]
862 garray(89.36968994140625) 90.6288375854 [ 0.10991997]
863 garray(89.27267456054688) 90.5621948242 [ 0.10992725]
864 garray(89.22554016113281) 90.6148986816 [ 0.10998112]
865 garray(89.25923919677734) 90.5856170654 [ 0.1099281]
866 garray(89.23790740966797) 90.5884552002 [ 0.11001926]
867 garray(89.30175018310547) 90.573097229 [ 0.10996872]
868 garray(89.3075942993164) 90.6038284302 [ 0.11005087]
869 garray(89.27915954589844) 90.6661148071 [ 0.11016993]
870 garray(89.28695678710938) 90.5662307739 [ 0.11017634]
871 garray(89.2127685546875) 90.5904006958 [ 0.11026637]
872 garray(89.26665496826172) 90.5798568726 [ 0.11022504]
873 garray(89.28783416748047) 90.5737304688 [ 0.11019023]
874 garray(89.30513763427734) 90.6387786865 [ 0.11012371]
875 garray(89.2490005493164) 90.5692367554 [ 0.11011168]
876 garray(89.1738052368164) 90.6636199951 [ 0.11017709]
877 garray(89.3302993774414) 90.5764541626 [ 0.1101615]
878 garray(89.21820068359375) 90.5600891113 [ 0.11001598]
879 garray(89.26229858398438) 90.6013946533 [ 0.11004674]
880 garray(89.31199645996094) 90.5969543457 [ 0.11008059]
881 garray(89.24501037597656) 90.5694580078 [ 0.11018174]
882 garray(89.2032699584961) 90.5729293823 [ 0.11026865]
883 garray(89.23941802978516) 90.54246521 [ 0.11021398]
884 garray(89.24575805664062) 90.6141815186 [ 0.11023803]
885 garray(89.22413635253906) 90.6180343628 [ 0.11024657]
886 garray(89.27191925048828) 90.5713043213 [ 0.11024567]
887 garray(89.2920913696289) 90.563835144 [ 0.11026535]
888 garray(89.35095977783203) 90.5974807739 [ 0.11027393]
889 garray(89.24707794189453) 90.594039917 [ 0.11030638]
890 garray(89.28601837158203) 90.5627059937 [ 0.11036499]
891 garray(89.24618530273438) 90.5903167725 [ 0.11032762]
892 garray(89.30949401855469) 90.5785980225 [ 0.1103855]
893 garray(89.22555541992188) 90.6640853882 [ 0.11032311]
894 garray(89.20833587646484) 90.5893173218 [ 0.11033343]
895 garray(89.2769775390625) 90.6096878052 [ 0.11039472]
896 garray(89.28419494628906) 90.6677780151 [ 0.11041188]
897 garray(89.2640609741211) 90.5976867676 [ 0.1104081]
898 garray(89.24930572509766) 90.6063613892 [ 0.11042142]
899 garray(89.24272155761719) 90.5550384521 [ 0.11039374]
900 garray(89.27250671386719) 90.661026001 [ 0.11046244]
901 garray(89.28136444091797) 90.5919799805 [ 0.11033158]
902 garray(89.25342559814453) 90.5855178833 [ 0.110303]
903 garray(89.26001739501953) 90.671875 [ 0.11037941]
904 garray(89.23909759521484) 90.5725097656 [ 0.11035619]
905 garray(89.26079559326172) 90.5593795776 [ 0.11031708]
906 garray(89.2759780883789) 90.6124801636 [ 0.11029279]
907 garray(89.27983856201172) 90.5824203491 [ 0.11036361]
908 garray(89.28594970703125) 90.6369781494 [ 0.11030616]
909 garray(89.31726837158203) 90.5803146362 [ 0.11029817]
910 garray(89.23458099365234) 90.6405792236 [ 0.11030698]
911 garray(89.28044128417969) 90.6131057739 [ 0.11029221]
912 garray(89.25587463378906) 90.5915145874 [ 0.11045264]
913 garray(89.31817626953125) 90.6386566162 [ 0.11038182]
914 garray(89.30657958984375) 90.5814590454 [ 0.11037433]
915 garray(89.31912994384766) 90.5962753296 [ 0.11034467]
916 garray(89.31659698486328) 90.5807571411 [ 0.11037318]
917 garray(89.29239654541016) 90.5969161987 [ 0.11044746]
918 garray(89.23542022705078) 90.6309509277 [ 0.11044603]
919 garray(89.28775024414062) 90.5796966553 [ 0.11041098]
920 garray(89.2625961303711) 90.5553741455 [ 0.11044232]
921 garray(89.3278579711914) 90.57837677 [ 0.1104652]
922 garray(89.34784698486328) 90.5718383789 [ 0.11045302]
923 garray(89.2711181640625) 90.5631713867 [ 0.11041852]
924 garray(89.22091674804688) 90.5526885986 [ 0.11037107]
925 garray(89.27420043945312) 90.5884170532 [ 0.1104789]
926 garray(89.24433135986328) 90.6028747559 [ 0.11048757]
927 garray(89.31356048583984) 90.5555801392 [ 0.1104771]
928 garray(89.27320098876953) 90.5452041626 [ 0.110538]
929 garray(89.20594024658203) 90.5743179321 [ 0.11057393]
930 garray(89.25057983398438) 90.5708999634 [ 0.11053377]
931 garray(89.24790954589844) 90.5816345215 [ 0.11054164]
932 garray(89.3125991821289) 90.5214996338 [ 0.11050407]
933 garray(89.28873443603516) 90.5783157349 [ 0.11044302]
934 garray(89.23159790039062) 90.5653762817 [ 0.11050311]
935 garray(89.28833770751953) 90.5699768066 [ 0.11050419]
936 garray(89.32624053955078) 90.6067581177 [ 0.11053793]
937 garray(89.22544860839844) 90.5746765137 [ 0.11053542]
938 garray(89.25637817382812) 90.5633392334 [ 0.1104878]
939 garray(89.269775390625) 90.5660247803 [ 0.11050043]
940 garray(89.28550720214844) 90.6029586792 [ 0.11047241]
941 garray(89.21202087402344) 90.5702590942 [ 0.11047289]
942 garray(89.23657989501953) 90.6837539673 [ 0.11046743]
943 garray(89.28448486328125) 90.5699539185 [ 0.11052667]
944 garray(89.25654602050781) 90.6119003296 [ 0.11056788]
945 garray(89.25409698486328) 90.5851211548 [ 0.11048384]
946 garray(89.1857681274414) 90.5946350098 [ 0.11050627]
947 garray(89.17057037353516) 90.585357666 [ 0.1105446]
948 garray(89.23225402832031) 90.6045150757 [ 0.11050096]
949 garray(89.2605972290039) 90.5824813843 [ 0.11054748]
950 garray(89.24774932861328) 90.5750198364 [ 0.110582]
951 garray(89.35630798339844) 90.5864944458 [ 0.11058639]
952 garray(89.2881088256836) 90.5973892212 [ 0.11056849]
953 garray(89.18035888671875) 90.5578994751 [ 0.11054562]
954 garray(89.23139953613281) 90.5751113892 [ 0.1106652]
955 garray(89.29187774658203) 90.6138076782 [ 0.11060767]
956 garray(89.29493713378906) 90.5412063599 [ 0.11056287]
957 garray(89.23548126220703) 90.5706481934 [ 0.11058385]
958 garray(89.2542953491211) 90.5302810669 [ 0.1107303]
959 garray(89.31050109863281) 90.5187988281 [ 0.11071422]
960 garray(89.29016876220703) 90.5753860474 [ 0.11075639]
961 garray(89.24446868896484) 90.5666885376 [ 0.11082407]
962 garray(89.25997924804688) 90.5879440308 [ 0.11074161]
963 garray(89.24785614013672) 90.5662384033 [ 0.11077089]
964 garray(89.29287719726562) 90.5983276367 [ 0.11071911]
965 garray(89.17829895019531) 90.6000747681 [ 0.11075037]
966 garray(89.27025604248047) 90.6078109741 [ 0.11074545]
967 garray(89.23990631103516) 90.5463867188 [ 0.11083482]
968 garray(89.24337005615234) 90.5440444946 [ 0.1107804]
969 garray(89.37062072753906) 90.560295105 [ 0.11073589]
970 garray(89.25045776367188) 90.5232009888 [ 0.11078585]
971 garray(89.26358032226562) 90.5291671753 [ 0.11076994]
972 garray(89.27251434326172) 90.5443115234 [ 0.11083243]
973 garray(89.16121673583984) 90.5697555542 [ 0.11074786]
974 garray(89.22017669677734) 90.560836792 [ 0.11073602]
975 garray(89.23661041259766) 90.5727996826 [ 0.11068961]
976 garray(89.23291778564453) 90.5274505615 [ 0.11066415]
977 garray(89.23480987548828) 90.5345993042 [ 0.11074846]
978 garray(89.30703735351562) 90.5812072754 [ 0.11075438]
979 garray(89.24147033691406) 90.5596389771 [ 0.11081546]
980 garray(89.29256439208984) 90.5648193359 [ 0.11073404]
981 garray(89.24483489990234) 90.5289611816 [ 0.11083647]
982 garray(89.25152587890625) 90.6051940918 [ 0.11084212]
983 garray(89.2506103515625) 90.5492401123 [ 0.11081712]
984 garray(89.27667999267578) 90.5441741943 [ 0.11082084]
985 garray(89.21949768066406) 90.5259094238 [ 0.1107987]
986 garray(89.21393585205078) 90.5973205566 [ 0.11084684]
987 garray(89.23041534423828) 90.5439147949 [ 0.11080397]
988 garray(89.25138092041016) 90.5821380615 [ 0.11081496]
989 garray(89.27041625976562) 90.5238800049 [ 0.11085891]
990 garray(89.216796875) 90.5806503296 [ 0.11085214]
991 garray(89.30181884765625) 90.5803985596 [ 0.11087671]
992 garray(89.1723403930664) 90.583114624 [ 0.11084601]
993 garray(89.2541275024414) 90.618927002 [ 0.11096231]
994 garray(89.23263549804688) 90.5330352783 [ 0.11092813]
995 garray(89.27912902832031) 90.5913085938 [ 0.11085889]
996 garray(89.26004028320312) 90.564239502 [ 0.11083165]
997 garray(89.27447509765625) 90.549949646 [ 0.11086137]
998 garray(89.14984130859375) 90.5386810303 [ 0.11087177]
999 garray(89.24675750732422) 90.6044311523 [ 0.11079092]
creating pickled numpy output
wrote pickled numpy output
Final validation loss
garray(90.54421997070312)
Final test loss
garray(89.83155822753906)
Final test NLL
87.5289332239
Theano: Initializing cuBLAS
