(50000L, 784L)
compiled score function
Old best loss:
garray(92.18159484863281)
Compiled loss functions
0 garray(90.7427978515625) 92.1221847534 [ 0.09287517]
1 garray(90.85060119628906) 92.1410675049 [ 0.09287185]
2 garray(90.81375885009766) 92.1008605957 [ 0.09288013]
3 garray(90.8211898803711) 92.0655975342 [ 0.09287232]
4 garray(90.7900390625) 92.0854263306 [ 0.09286667]
5 garray(90.707275390625) 92.1302566528 [ 0.09289096]
6 garray(90.77542877197266) 92.0569610596 [ 0.09287357]
7 garray(90.7446060180664) 92.0832061768 [ 0.09288545]
8 garray(90.73523712158203) 92.0797195435 [ 0.09289032]
9 garray(90.72618103027344) 92.0818481445 [ 0.0928691]
10 garray(90.82682037353516) 92.1083755493 [ 0.09286406]
11 garray(90.83300018310547) 92.0708694458 [ 0.09286359]
12 garray(90.75493621826172) 92.1752853394 [ 0.09287311]
13 garray(90.76435852050781) 92.1447296143 [ 0.09287011]
14 garray(90.75991821289062) 92.1207962036 [ 0.09285779]
15 garray(90.73530578613281) 92.1391906738 [ 0.09287015]
16 garray(90.85746002197266) 92.0943756104 [ 0.09288339]
17 garray(90.86329650878906) 92.1395263672 [ 0.09287428]
18 garray(90.81969451904297) 92.087059021 [ 0.09287045]
19 garray(90.80603790283203) 92.0934753418 [ 0.09287359]
20 garray(90.85120391845703) 92.1306838989 [ 0.09287795]
21 garray(90.80713653564453) 92.1041183472 [ 0.092861]
22 garray(90.79681396484375) 92.1143341064 [ 0.09287728]
23 garray(90.83419036865234) 92.1061248779 [ 0.09287329]
24 garray(90.73035430908203) 92.1387405396 [ 0.09286421]
25 garray(90.76284790039062) 92.1526184082 [ 0.09286464]
26 garray(90.80311584472656) 92.1225280762 [ 0.09285933]
27 garray(90.75741577148438) 92.1288986206 [ 0.09281763]
28 garray(90.8139877319336) 92.0826644897 [ 0.09282299]
29 garray(90.67666625976562) 92.0534591675 [ 0.0928285]
30 garray(90.77433776855469) 92.1451339722 [ 0.0928277]
31 garray(90.8055191040039) 92.0395812988 [ 0.09282186]
32 garray(90.69205474853516) 92.1084671021 [ 0.09281238]
33 garray(90.85519409179688) 92.1353607178 [ 0.09281327]
34 garray(90.82197570800781) 92.101776123 [ 0.09280294]
35 garray(90.79864501953125) 92.100730896 [ 0.09278731]
36 garray(90.84717559814453) 92.1301651001 [ 0.09280376]
37 garray(90.77479553222656) 92.1001663208 [ 0.09282104]
38 garray(90.68882751464844) 92.0665740967 [ 0.09280539]
39 garray(90.77806854248047) 92.0948181152 [ 0.09280448]
40 garray(90.75541687011719) 92.0838165283 [ 0.09280068]
41 garray(90.79534149169922) 92.0804901123 [ 0.09280017]
42 garray(90.82677459716797) 92.0812149048 [ 0.0927932]
43 garray(90.73126983642578) 92.1365356445 [ 0.09278982]
44 garray(90.77092742919922) 92.0380401611 [ 0.09280093]
45 garray(90.7935791015625) 92.1353988647 [ 0.09279055]
46 garray(90.75757598876953) 92.1339111328 [ 0.0927884]
47 garray(90.81731414794922) 92.0407562256 [ 0.09279579]
48 garray(90.69849395751953) 92.086555481 [ 0.09280248]
49 garray(90.75180053710938) 92.0621795654 [ 0.0928057]
50 garray(90.74224090576172) 92.0625762939 [ 0.09278846]
51 garray(90.78565979003906) 92.1148147583 [ 0.09279732]
52 garray(90.79573822021484) 92.0931549072 [ 0.09278842]
53 garray(90.71773529052734) 92.0709152222 [ 0.09278589]
54 garray(90.7374267578125) 92.0609207153 [ 0.09277484]
55 garray(90.83916473388672) 92.1243591309 [ 0.09278811]
56 garray(90.80876922607422) 92.0668869019 [ 0.09277693]
57 garray(90.80321502685547) 92.1326370239 [ 0.09276268]
58 garray(90.69773864746094) 92.0753860474 [ 0.09276371]
59 garray(90.78418731689453) 92.140296936 [ 0.09275423]
60 garray(90.80645751953125) 92.1388778687 [ 0.09275167]
61 garray(90.78885650634766) 92.1011276245 [ 0.09274856]
62 garray(90.79776763916016) 92.1060791016 [ 0.09275712]
63 garray(90.780517578125) 92.0925598145 [ 0.09274665]
64 garray(90.80075073242188) 92.0980072021 [ 0.09274429]
65 garray(90.85073852539062) 92.0606002808 [ 0.09278021]
66 garray(90.74707794189453) 92.1475601196 [ 0.09276883]
67 garray(90.8062973022461) 92.0938186646 [ 0.0927731]
68 garray(90.8575439453125) 92.0587310791 [ 0.09276568]
69 garray(90.69404602050781) 92.0682144165 [ 0.09276996]
70 garray(90.7791976928711) 92.0600662231 [ 0.0927604]
71 garray(90.74198913574219) 92.0554275513 [ 0.09277136]
72 garray(90.76927947998047) 92.0826568604 [ 0.09277539]
73 garray(90.81195831298828) 92.1036605835 [ 0.09276707]
74 garray(90.79135131835938) 92.1082687378 [ 0.09274016]
75 garray(90.84716033935547) 92.0838394165 [ 0.09274648]
76 garray(90.75450134277344) 92.0991744995 [ 0.09274534]
77 garray(90.72805786132812) 92.1061859131 [ 0.09274431]
78 garray(90.80021667480469) 92.1323165894 [ 0.09275032]
79 garray(90.78257751464844) 92.1609954834 [ 0.09276088]
80 garray(90.80941009521484) 92.0894012451 [ 0.09274361]
81 garray(90.76031494140625) 92.085357666 [ 0.09274965]
82 garray(90.75376892089844) 92.0841674805 [ 0.09274338]
83 garray(90.7315673828125) 92.0413970947 [ 0.0927427]
84 garray(90.69332885742188) 92.0598144531 [ 0.09274578]
85 garray(90.77645111083984) 92.0970611572 [ 0.09274325]
86 garray(90.75286102294922) 92.0844192505 [ 0.09273496]
87 garray(90.792724609375) 92.1506195068 [ 0.09273544]
88 garray(90.74102020263672) 92.0745010376 [ 0.09272675]
89 garray(90.76129913330078) 92.1171340942 [ 0.09272393]
90 garray(90.76316833496094) 92.1391448975 [ 0.09274345]
91 garray(90.83679962158203) 92.0377807617 [ 0.09273564]
92 garray(90.78093719482422) 92.1166152954 [ 0.09273683]
93 garray(90.71354675292969) 92.1042098999 [ 0.09273108]
94 garray(90.80722045898438) 92.0966567993 [ 0.09273141]
95 garray(90.8127212524414) 92.1280212402 [ 0.09272396]
96 garray(90.77494812011719) 92.0813293457 [ 0.09272615]
97 garray(90.83916473388672) 92.0664749146 [ 0.09271512]
98 garray(90.84070587158203) 92.1194763184 [ 0.09272338]
99 garray(90.84317779541016) 92.0688247681 [ 0.09271668]
100 garray(90.81775665283203) 92.0732040405 [ 0.09271354]
101 garray(90.7884750366211) 92.1362838745 [ 0.0927298]
102 garray(90.8253402709961) 92.0915603638 [ 0.09271308]
103 garray(90.76925659179688) 92.0938568115 [ 0.09271224]
104 garray(90.77891540527344) 92.1383895874 [ 0.09271145]
105 garray(90.79104614257812) 92.0446395874 [ 0.09271222]
106 garray(90.73257446289062) 92.0552368164 [ 0.09271543]
107 garray(90.85763549804688) 92.1334762573 [ 0.09270467]
108 garray(90.69512939453125) 92.1493606567 [ 0.09271738]
109 garray(90.80807495117188) 92.11328125 [ 0.09271924]
110 garray(90.74273681640625) 92.1201400757 [ 0.09270075]
111 garray(90.79386138916016) 92.1385955811 [ 0.09270469]
112 garray(90.80361938476562) 92.1085357666 [ 0.09270096]
113 garray(90.82557678222656) 92.0421676636 [ 0.0927006]
114 garray(90.81048583984375) 92.0792541504 [ 0.09269872]
115 garray(90.7740707397461) 92.1234207153 [ 0.09270962]
116 garray(90.77379608154297) 92.0990600586 [ 0.09269295]
117 garray(90.76307678222656) 92.114074707 [ 0.09270987]
118 garray(90.75989532470703) 92.1173400879 [ 0.0926994]
119 garray(90.78567504882812) 92.1862411499 [ 0.09269576]
120 garray(90.76097869873047) 92.125579834 [ 0.09269319]
121 garray(90.8111801147461) 92.1128158569 [ 0.09269199]
122 garray(90.81636810302734) 92.14012146 [ 0.09267021]
123 garray(90.76797485351562) 92.0820770264 [ 0.09266376]
124 garray(90.75193786621094) 92.0681991577 [ 0.09267089]
125 garray(90.69881439208984) 92.0194396973 [ 0.09268394]
126 garray(90.774658203125) 92.1116714478 [ 0.09269172]
127 garray(90.75994110107422) 92.0940093994 [ 0.09268196]
128 garray(90.75130462646484) 92.08203125 [ 0.0926852]
129 garray(90.75914001464844) 92.0888366699 [ 0.09269038]
130 garray(90.77257537841797) 92.0973358154 [ 0.09268861]
131 garray(90.80813598632812) 92.0834960938 [ 0.09268857]
132 garray(90.79547119140625) 92.1141204834 [ 0.09269023]
133 garray(90.74172973632812) 92.0831298828 [ 0.09267648]
134 garray(90.8115463256836) 92.0884780884 [ 0.09267817]
135 garray(90.72639465332031) 92.0919570923 [ 0.09266589]
136 garray(90.80229949951172) 92.1496963501 [ 0.09266388]
137 garray(90.74195861816406) 92.1099700928 [ 0.09267199]
138 garray(90.80561828613281) 92.1207809448 [ 0.0926573]
139 garray(90.80001831054688) 92.0955963135 [ 0.09267403]
140 garray(90.80754852294922) 92.0941162109 [ 0.0926604]
141 garray(90.76937103271484) 92.1110610962 [ 0.09267004]
142 garray(90.83715057373047) 92.1119003296 [ 0.09266109]
143 garray(90.71908569335938) 92.0648345947 [ 0.09265682]
144 garray(90.8927993774414) 92.0515594482 [ 0.09266112]
145 garray(90.84642028808594) 92.0945053101 [ 0.09267158]
146 garray(90.72567749023438) 92.0115966797 [ 0.0926625]
147 garray(90.76787567138672) 92.1477661133 [ 0.09265793]
148 garray(90.76602935791016) 92.1666259766 [ 0.09266233]
149 garray(90.79281616210938) 92.104637146 [ 0.09265204]
150 garray(90.76145935058594) 92.1290283203 [ 0.09265616]
151 garray(90.80242919921875) 92.0838012695 [ 0.09264353]
152 garray(90.8143539428711) 92.1440048218 [ 0.09263914]
153 garray(90.74794006347656) 92.0892791748 [ 0.09263352]
154 garray(90.8373794555664) 92.083190918 [ 0.09264065]
155 garray(90.84571838378906) 92.1628952026 [ 0.09263687]
156 garray(90.79265594482422) 92.1228256226 [ 0.09263649]
157 garray(90.77742004394531) 92.1126098633 [ 0.09262916]
158 garray(90.70911407470703) 92.1024169922 [ 0.09262069]
159 garray(90.84343719482422) 92.0875244141 [ 0.09261876]
160 garray(90.82435607910156) 92.0571212769 [ 0.0926244]
161 garray(90.71495819091797) 92.155670166 [ 0.09261328]
162 garray(90.7761001586914) 92.0282974243 [ 0.09261595]
163 garray(90.75756072998047) 92.1047592163 [ 0.09260544]
164 garray(90.85625457763672) 92.0495986938 [ 0.09261513]
165 garray(90.75615692138672) 92.1088180542 [ 0.09262378]
166 garray(90.74359893798828) 92.0758285522 [ 0.09260527]
167 garray(90.72795867919922) 92.0377349854 [ 0.09259593]
168 garray(90.69639587402344) 92.0877609253 [ 0.09259562]
169 garray(90.78315734863281) 92.0607376099 [ 0.09261234]
170 garray(90.80537414550781) 92.0869445801 [ 0.09261415]
171 garray(90.78060150146484) 92.1726760864 [ 0.09262116]
172 garray(90.82263946533203) 92.1157608032 [ 0.09263801]
173 garray(90.88964080810547) 92.1012649536 [ 0.09262578]
174 garray(90.74071502685547) 92.0932006836 [ 0.09262332]
175 garray(90.74779510498047) 92.0215072632 [ 0.09262375]
176 garray(90.76261138916016) 92.0777587891 [ 0.09262032]
177 garray(90.77996063232422) 92.0833511353 [ 0.0926221]
178 garray(90.80252075195312) 92.1183547974 [ 0.09261464]
179 garray(90.77637481689453) 92.0439605713 [ 0.09260567]
180 garray(90.76261901855469) 92.1112594604 [ 0.0926177]
181 garray(90.79570007324219) 92.0971908569 [ 0.09262063]
182 garray(90.81700134277344) 92.1248168945 [ 0.09261958]
183 garray(90.75811767578125) 92.1062393188 [ 0.09261516]
184 garray(90.78695678710938) 92.0952377319 [ 0.09261121]
185 garray(90.8429946899414) 92.1255645752 [ 0.09260993]
186 garray(90.81791687011719) 92.1079788208 [ 0.09261306]
187 garray(90.75721740722656) 92.1139297485 [ 0.09261441]
188 garray(90.71636962890625) 92.0298995972 [ 0.09260606]
189 garray(90.8015365600586) 92.0750198364 [ 0.09260824]
190 garray(90.79364013671875) 92.1003265381 [ 0.0925969]
191 garray(90.69778442382812) 92.0668411255 [ 0.09260102]
192 garray(90.80817413330078) 92.0565490723 [ 0.09259778]
193 garray(90.77629089355469) 92.0979995728 [ 0.09259737]
194 garray(90.77542877197266) 92.1374359131 [ 0.09260668]
195 garray(90.76185607910156) 92.0267562866 [ 0.0925894]
196 garray(90.80038452148438) 92.0623703003 [ 0.09259937]
197 garray(90.78815460205078) 92.1072387695 [ 0.09259198]
198 garray(90.74317932128906) 92.0481567383 [ 0.09259122]
199 garray(90.78441619873047) 92.1038970947 [ 0.09257277]
creating pickled numpy output
wrote pickled numpy output
Final validation loss
garray(92.06993103027344)
Final test loss
garray(91.3789291381836)
Final estimated test NLL
87.1991570248
Theano: Initializing cuBLAS
