(50000L, 784L)
compiled score function
Old best loss:
garray(91.16336822509766)
Compiled loss functions
0 garray(89.94780731201172) 91.1586990356 [ 0.07579705]
1 garray(89.96047973632812) 91.2097396851 [ 0.07575868]
2 garray(89.93873596191406) 91.1739044189 [ 0.07577673]
3 garray(89.9081802368164) 91.1711578369 [ 0.07580769]
4 garray(89.90045928955078) 91.1754608154 [ 0.0758114]
5 garray(89.87690734863281) 91.1441879272 [ 0.07587288]
6 garray(89.90827941894531) 91.1544952393 [ 0.0759026]
7 garray(89.87511444091797) 91.1726455688 [ 0.07592978]
8 garray(89.91571807861328) 91.1322402954 [ 0.07591055]
9 garray(89.9148178100586) 91.1769104004 [ 0.07592265]
10 garray(89.89952087402344) 91.1553573608 [ 0.07593797]
11 garray(90.00283813476562) 91.1148605347 [ 0.07595341]
12 garray(89.87684631347656) 91.174369812 [ 0.07604804]
13 garray(89.95536804199219) 91.1434783936 [ 0.07600123]
14 garray(89.88292694091797) 91.1423797607 [ 0.07600131]
15 garray(89.90055847167969) 91.1842956543 [ 0.07601309]
16 garray(89.92615509033203) 91.1594161987 [ 0.0760707]
17 garray(89.92662048339844) 91.1984558105 [ 0.07615507]
18 garray(89.87543487548828) 91.1488800049 [ 0.07615634]
19 garray(89.96183776855469) 91.166885376 [ 0.07620209]
20 garray(89.95533752441406) 91.1623458862 [ 0.07628145]
21 garray(89.9124755859375) 91.1727981567 [ 0.07623935]
22 garray(89.8787612915039) 91.1288604736 [ 0.07622696]
23 garray(89.87287902832031) 91.1554946899 [ 0.07623424]
24 garray(89.90101623535156) 91.1698760986 [ 0.07623775]
25 garray(89.88626098632812) 91.1852264404 [ 0.07631179]
26 garray(89.9856948852539) 91.1425476074 [ 0.07626622]
27 garray(89.91270446777344) 91.1340942383 [ 0.07638653]
28 garray(89.89154052734375) 91.1731948853 [ 0.0763414]
29 garray(89.9341812133789) 91.0719299316 [ 0.076365]
30 garray(89.91314697265625) 91.1582489014 [ 0.07642182]
31 garray(89.92578887939453) 91.1167984009 [ 0.07643237]
32 garray(89.91352081298828) 91.1640777588 [ 0.07650385]
33 garray(89.97441864013672) 91.1578140259 [ 0.07646206]
34 garray(89.98497772216797) 91.1202774048 [ 0.07643515]
35 garray(89.86743927001953) 91.1491851807 [ 0.07644961]
36 garray(89.8664779663086) 91.1500396729 [ 0.07648771]
37 garray(89.84297943115234) 91.0896606445 [ 0.07655946]
38 garray(89.84024047851562) 91.14503479 [ 0.07648466]
39 garray(89.86201477050781) 91.1441192627 [ 0.07653839]
40 garray(89.82540130615234) 91.1223602295 [ 0.07663694]
41 garray(89.9110107421875) 91.1325302124 [ 0.07661863]
42 garray(89.92607879638672) 91.1615066528 [ 0.07657321]
43 garray(89.81981658935547) 91.1611557007 [ 0.07659823]
44 garray(89.9031982421875) 91.106880188 [ 0.07661296]
45 garray(89.91211700439453) 91.1244354248 [ 0.07666167]
46 garray(89.95088958740234) 91.1693496704 [ 0.07663845]
47 garray(89.84066009521484) 91.1166152954 [ 0.07661007]
48 garray(89.89215087890625) 91.1302108765 [ 0.0766512]
49 garray(89.85689544677734) 91.10181427 [ 0.07665025]
50 garray(89.94654083251953) 91.0774612427 [ 0.0766572]
51 garray(89.89199829101562) 91.1508789062 [ 0.07668876]
52 garray(89.80613708496094) 91.1310958862 [ 0.07670928]
53 garray(89.85891723632812) 91.1272277832 [ 0.07677847]
54 garray(89.8713607788086) 91.097076416 [ 0.0768103]
55 garray(89.85257720947266) 91.1134796143 [ 0.07679575]
56 garray(89.91674041748047) 91.1027374268 [ 0.07683132]
57 garray(89.86042785644531) 91.1324157715 [ 0.07678418]
58 garray(89.8458251953125) 91.1065139771 [ 0.07686992]
59 garray(89.88145446777344) 91.1273651123 [ 0.07679905]
60 garray(89.85350799560547) 91.1451187134 [ 0.07679317]
61 garray(89.89290618896484) 91.0845184326 [ 0.07687444]
62 garray(89.93193817138672) 91.117767334 [ 0.07685151]
63 garray(89.78705596923828) 91.1043777466 [ 0.07693801]
64 garray(89.89852905273438) 91.1313247681 [ 0.07693818]
65 garray(89.86312103271484) 91.0659103394 [ 0.07694698]
66 garray(89.8980484008789) 91.0916671753 [ 0.07698389]
67 garray(89.83124542236328) 91.1395339966 [ 0.07700048]
68 garray(89.82901763916016) 91.0941085815 [ 0.07702225]
69 garray(89.8606185913086) 91.1069564819 [ 0.07702472]
70 garray(89.82252502441406) 91.1145401001 [ 0.07705958]
71 garray(89.93577575683594) 91.06690979 [ 0.07704943]
72 garray(89.8193588256836) 91.1256561279 [ 0.07705664]
73 garray(89.93474578857422) 91.1078414917 [ 0.07706765]
74 garray(89.85858154296875) 91.1035614014 [ 0.07708786]
75 garray(89.81087493896484) 91.0422210693 [ 0.0771183]
76 garray(89.8653793334961) 91.1085357666 [ 0.07712744]
77 garray(89.86377716064453) 91.1369247437 [ 0.07725587]
78 garray(89.85377502441406) 91.1445846558 [ 0.07720201]
79 garray(89.82416534423828) 91.1104812622 [ 0.07727198]
80 garray(89.82421875) 91.0930557251 [ 0.07727213]
81 garray(89.87259674072266) 91.0770645142 [ 0.07725486]
82 garray(89.89463806152344) 91.1022567749 [ 0.07731942]
83 garray(89.8107681274414) 91.1173782349 [ 0.07730226]
84 garray(89.9073715209961) 91.1357955933 [ 0.07733202]
85 garray(89.84712982177734) 91.0873794556 [ 0.0773674]
86 garray(89.84732818603516) 91.044418335 [ 0.07732432]
87 garray(89.85739135742188) 91.1408157349 [ 0.07740242]
88 garray(89.90564727783203) 91.1195602417 [ 0.07742916]
89 garray(89.83165740966797) 91.0778045654 [ 0.07738555]
90 garray(89.85472106933594) 91.1175384521 [ 0.07742317]
91 garray(89.84722137451172) 91.1142196655 [ 0.07741682]
92 garray(89.88304901123047) 91.0830154419 [ 0.07744756]
93 garray(89.91886138916016) 91.0522003174 [ 0.07752505]
94 garray(89.77446746826172) 91.1204986572 [ 0.07752166]
95 garray(89.8360366821289) 91.0870056152 [ 0.07759593]
96 garray(89.84487915039062) 91.0800170898 [ 0.07752962]
97 garray(89.80259704589844) 91.0657272339 [ 0.07755342]
98 garray(89.77082061767578) 91.0954208374 [ 0.07756461]
99 garray(89.77717590332031) 91.0817260742 [ 0.07761465]
100 garray(89.92282104492188) 91.1017990112 [ 0.07760714]
101 garray(89.80669403076172) 91.1249771118 [ 0.0776214]
102 garray(89.84637451171875) 91.1229782104 [ 0.07760228]
103 garray(89.85665130615234) 91.1030349731 [ 0.07764111]
104 garray(89.83810424804688) 91.1164398193 [ 0.07761777]
105 garray(89.84099578857422) 91.0622940063 [ 0.07766324]
106 garray(89.78599548339844) 91.0516052246 [ 0.077668]
107 garray(89.88340759277344) 91.0897598267 [ 0.07768025]
108 garray(89.811279296875) 91.0823364258 [ 0.0777628]
109 garray(89.79391479492188) 91.0787353516 [ 0.07779781]
110 garray(89.83346557617188) 91.1143341064 [ 0.07773377]
111 garray(89.87864685058594) 91.1260452271 [ 0.07778455]
112 garray(89.88845825195312) 91.0682144165 [ 0.07783943]
113 garray(89.80580139160156) 91.0668945312 [ 0.07782563]
114 garray(89.81395721435547) 91.07371521 [ 0.0778288]
115 garray(89.8036880493164) 91.0776367188 [ 0.07779838]
116 garray(89.82351684570312) 91.0744476318 [ 0.07784592]
117 garray(89.84585571289062) 91.0787811279 [ 0.07784755]
118 garray(89.8689956665039) 91.0878601074 [ 0.0779241]
119 garray(89.76131439208984) 91.0921783447 [ 0.07794745]
120 garray(89.83890533447266) 91.0855941772 [ 0.07796712]
121 garray(89.83158874511719) 91.100479126 [ 0.0779537]
122 garray(89.81558990478516) 91.0696792603 [ 0.07797498]
123 garray(89.82551574707031) 91.0449905396 [ 0.07797593]
124 garray(89.80010986328125) 91.0886459351 [ 0.0779504]
125 garray(89.9026107788086) 91.0656967163 [ 0.07791615]
126 garray(89.85784912109375) 91.0923995972 [ 0.07800512]
127 garray(89.83677673339844) 91.0213470459 [ 0.07805392]
128 garray(89.79403686523438) 91.0453262329 [ 0.07806817]
129 garray(89.8759994506836) 91.0261001587 [ 0.07808025]
130 garray(89.75757598876953) 91.0794448853 [ 0.07810071]
131 garray(89.84923553466797) 91.0223464966 [ 0.07810714]
132 garray(89.7804946899414) 91.066734314 [ 0.07811503]
133 garray(89.8438949584961) 91.0648269653 [ 0.07812641]
134 garray(89.82617950439453) 91.0413589478 [ 0.07818046]
135 garray(89.79195404052734) 91.0422668457 [ 0.07816303]
136 garray(89.8438491821289) 91.0084152222 [ 0.07825689]
137 garray(89.77832794189453) 91.1016998291 [ 0.07817152]
138 garray(89.7496109008789) 91.0843505859 [ 0.07822092]
139 garray(89.86439514160156) 91.0352783203 [ 0.07822091]
140 garray(89.8052749633789) 91.0669250488 [ 0.07822616]
141 garray(89.80767822265625) 91.0574798584 [ 0.07819892]
142 garray(89.8062744140625) 91.1409378052 [ 0.07833748]
143 garray(89.7865982055664) 91.0260772705 [ 0.0783107]
144 garray(89.80030059814453) 91.0212783813 [ 0.0783325]
145 garray(89.74732971191406) 91.0472106934 [ 0.07838717]
146 garray(89.78946685791016) 90.9901504517 [ 0.07833006]
147 garray(89.7354507446289) 91.0349655151 [ 0.0783677]
148 garray(89.75899505615234) 91.0665969849 [ 0.07843713]
149 garray(89.84901428222656) 91.059677124 [ 0.07845664]
150 garray(89.80303955078125) 91.0727996826 [ 0.07844316]
151 garray(89.77965545654297) 91.0320968628 [ 0.07841954]
152 garray(89.76915740966797) 91.0890579224 [ 0.07847818]
153 garray(89.81517791748047) 91.0429077148 [ 0.07848173]
154 garray(89.8252182006836) 91.0545959473 [ 0.07845741]
155 garray(89.80998992919922) 91.0335159302 [ 0.07851121]
156 garray(89.80291748046875) 91.0742111206 [ 0.07851965]
157 garray(89.7452163696289) 91.003616333 [ 0.07861956]
158 garray(89.78519439697266) 90.9968185425 [ 0.07865376]
159 garray(89.75984954833984) 91.0381011963 [ 0.07861515]
160 garray(89.78823852539062) 91.0087585449 [ 0.07856605]
161 garray(89.76497650146484) 91.0435714722 [ 0.0785835]
162 garray(89.83111572265625) 91.0297775269 [ 0.07859533]
163 garray(89.81333923339844) 91.0369186401 [ 0.07862374]
164 garray(89.85000610351562) 90.9648742676 [ 0.07862466]
165 garray(89.74214935302734) 91.0479507446 [ 0.07866171]
166 garray(89.78701782226562) 91.0237197876 [ 0.07868672]
167 garray(89.78846740722656) 91.0151367188 [ 0.07869358]
168 garray(89.71498107910156) 91.0268173218 [ 0.0786727]
169 garray(89.75177001953125) 91.0197372437 [ 0.07875128]
170 garray(89.74639892578125) 91.01902771 [ 0.07872216]
171 garray(89.76896667480469) 91.0454864502 [ 0.07863881]
172 garray(89.7994155883789) 91.0445251465 [ 0.07877435]
173 garray(89.73482513427734) 91.0342407227 [ 0.07870928]
174 garray(89.73431396484375) 91.0361785889 [ 0.07874321]
175 garray(89.76687622070312) 90.9779586792 [ 0.07872373]
176 garray(89.7618408203125) 91.0289306641 [ 0.07875876]
177 garray(89.78205871582031) 90.9878005981 [ 0.07874689]
178 garray(89.76301574707031) 91.0220413208 [ 0.07879005]
179 garray(89.78678131103516) 91.0193557739 [ 0.07879833]
180 garray(89.76483917236328) 91.0112762451 [ 0.07878743]
181 garray(89.73213958740234) 90.9864501953 [ 0.07885155]
182 garray(89.75265502929688) 91.0125579834 [ 0.07878807]
183 garray(89.75740051269531) 91.0453414917 [ 0.07887516]
184 garray(89.78330993652344) 91.0223999023 [ 0.07888192]
185 garray(89.76764678955078) 91.0114364624 [ 0.07896947]
186 garray(89.73453521728516) 91.0232543945 [ 0.07895505]
187 garray(89.709716796875) 91.0179901123 [ 0.07895651]
188 garray(89.734130859375) 91.0322189331 [ 0.07895419]
189 garray(89.79409790039062) 91.0194778442 [ 0.07903724]
190 garray(89.73756408691406) 91.0323791504 [ 0.07907264]
191 garray(89.74425506591797) 90.9807739258 [ 0.07902059]
192 garray(89.75367736816406) 90.9910507202 [ 0.07901871]
193 garray(89.76101684570312) 90.9865951538 [ 0.07905796]
194 garray(89.68541717529297) 91.0460281372 [ 0.07907296]
195 garray(89.77517700195312) 90.9903869629 [ 0.07912721]
196 garray(89.7890853881836) 90.9938964844 [ 0.07914727]
197 garray(89.7427749633789) 90.9997177124 [ 0.07908744]
198 garray(89.65361785888672) 91.030670166 [ 0.07909893]
199 garray(89.8072280883789) 91.0235366821 [ 0.07914887]
200 garray(89.75151062011719) 91.0164871216 [ 0.07914057]
201 garray(89.71061706542969) 91.0074157715 [ 0.07919781]
202 garray(89.75370025634766) 91.0232391357 [ 0.07915627]
203 garray(89.77075958251953) 90.9805603027 [ 0.07920641]
204 garray(89.72874450683594) 90.984664917 [ 0.07924038]
205 garray(89.71731567382812) 91.0613250732 [ 0.07927368]
206 garray(89.72774505615234) 91.0202484131 [ 0.07922344]
207 garray(89.75882720947266) 91.0244598389 [ 0.07924716]
208 garray(89.73701477050781) 90.9862747192 [ 0.07928939]
209 garray(89.7186050415039) 90.9505004883 [ 0.07932662]
210 garray(89.68965911865234) 91.005065918 [ 0.07931186]
211 garray(89.79883575439453) 91.0086975098 [ 0.07927975]
212 garray(89.74010467529297) 91.00756073 [ 0.07931725]
213 garray(89.71841430664062) 90.983757019 [ 0.0793342]
214 garray(89.71371459960938) 91.0128860474 [ 0.07933664]
215 garray(89.72496795654297) 90.9678192139 [ 0.07933549]
216 garray(89.74909973144531) 90.9673156738 [ 0.07934609]
217 garray(89.7219009399414) 90.9430084229 [ 0.07937595]
218 garray(89.79946899414062) 90.9908981323 [ 0.07942741]
219 garray(89.75689697265625) 90.9904251099 [ 0.07945845]
220 garray(89.7182388305664) 90.9945373535 [ 0.07942762]
221 garray(89.79277038574219) 90.9846878052 [ 0.07938265]
222 garray(89.69242095947266) 90.9905166626 [ 0.07942343]
223 garray(89.74079895019531) 90.9481811523 [ 0.07947144]
224 garray(89.69851684570312) 90.9470901489 [ 0.07950782]
225 garray(89.7605209350586) 91.0099563599 [ 0.07946813]
226 garray(89.692138671875) 91.0086898804 [ 0.07948968]
227 garray(89.78422546386719) 91.0043869019 [ 0.07949915]
228 garray(89.74942016601562) 91.0086593628 [ 0.07956596]
229 garray(89.7681884765625) 90.9735870361 [ 0.07955025]
230 garray(89.69097900390625) 90.9914550781 [ 0.07955188]
231 garray(89.77418518066406) 90.9940643311 [ 0.07955601]
232 garray(89.71646118164062) 90.9632949829 [ 0.07955025]
233 garray(89.6776351928711) 90.9838180542 [ 0.0796259]
234 garray(89.703125) 90.9625396729 [ 0.07961724]
235 garray(89.78028106689453) 91.0091552734 [ 0.07955841]
236 garray(89.8029556274414) 91.0041351318 [ 0.07964766]
237 garray(89.7147445678711) 90.96144104 [ 0.07965922]
238 garray(89.82087707519531) 90.9854202271 [ 0.0796731]
239 garray(89.66205596923828) 90.9951782227 [ 0.07965346]
240 garray(89.72689056396484) 90.9737548828 [ 0.07965778]
241 garray(89.67176055908203) 90.9613952637 [ 0.07968512]
242 garray(89.7275161743164) 90.9951553345 [ 0.07971489]
243 garray(89.71260070800781) 90.9745101929 [ 0.07968573]
244 garray(89.7537841796875) 90.9800567627 [ 0.07975179]
245 garray(89.71778106689453) 91.0242614746 [ 0.07971942]
246 garray(89.68169403076172) 90.9981384277 [ 0.07974174]
247 garray(89.65647888183594) 90.9348983765 [ 0.0797533]
248 garray(89.7475357055664) 90.9908294678 [ 0.07983119]
249 garray(89.73133850097656) 90.9451675415 [ 0.07975328]
250 garray(89.69115447998047) 90.9525375366 [ 0.07978389]
251 garray(89.66481018066406) 90.9300842285 [ 0.07978638]
252 garray(89.70476531982422) 90.943031311 [ 0.0797984]
253 garray(89.64484405517578) 90.9609985352 [ 0.07981223]
254 garray(89.66996002197266) 90.916519165 [ 0.07985665]
255 garray(89.71277618408203) 90.9855041504 [ 0.07986809]
256 garray(89.7120590209961) 90.9647903442 [ 0.07983895]
257 garray(89.69976043701172) 90.9227752686 [ 0.07986743]
258 garray(89.67361450195312) 91.0025177002 [ 0.07979143]
259 garray(89.7547378540039) 90.9493560791 [ 0.07985357]
260 garray(89.6346664428711) 90.9707641602 [ 0.07990403]
261 garray(89.7003402709961) 90.9776077271 [ 0.07990414]
262 garray(89.72631072998047) 90.9323272705 [ 0.07991961]
263 garray(89.728515625) 90.9497909546 [ 0.07990942]
264 garray(89.70349884033203) 90.9587783813 [ 0.07990616]
265 garray(89.67985534667969) 91.009223938 [ 0.0799652]
266 garray(89.7406005859375) 91.010925293 [ 0.08000444]
267 garray(89.66385650634766) 90.9598693848 [ 0.08000796]
268 garray(89.68458557128906) 90.92993927 [ 0.07997698]
269 garray(89.6590805053711) 90.9956970215 [ 0.07996463]
270 garray(89.7320785522461) 90.9456253052 [ 0.0800229]
271 garray(89.66790008544922) 90.9645462036 [ 0.07997208]
272 garray(89.6622543334961) 90.962020874 [ 0.08002323]
273 garray(89.67951965332031) 90.9412689209 [ 0.08004156]
274 garray(89.5812759399414) 90.9247741699 [ 0.08005681]
275 garray(89.71363067626953) 90.9708480835 [ 0.08007527]
276 garray(89.7273941040039) 90.9643554688 [ 0.08004998]
277 garray(89.66735076904297) 90.9251174927 [ 0.08009741]
278 garray(89.74317932128906) 90.9231109619 [ 0.08011161]
279 garray(89.66695404052734) 90.9601669312 [ 0.08011351]
280 garray(89.70059967041016) 90.9602966309 [ 0.08013235]
281 garray(89.61976623535156) 90.9393386841 [ 0.08017461]
282 garray(89.6939697265625) 90.9370346069 [ 0.08012038]
283 garray(89.70841979980469) 90.9613265991 [ 0.08013883]
284 garray(89.67160034179688) 90.9453048706 [ 0.08019012]
285 garray(89.60411834716797) 90.9194259644 [ 0.08023458]
286 garray(89.66838836669922) 90.922416687 [ 0.0802022]
287 garray(89.69609832763672) 90.9658813477 [ 0.0802258]
288 garray(89.6678695678711) 90.9442596436 [ 0.08024316]
289 garray(89.67530059814453) 90.9404678345 [ 0.08024884]
290 garray(89.66532135009766) 90.8963165283 [ 0.08024639]
291 garray(89.65100860595703) 90.9384994507 [ 0.08029129]
292 garray(89.67849731445312) 90.9280776978 [ 0.08027857]
293 garray(89.6502685546875) 90.9436264038 [ 0.08034994]
294 garray(89.66011810302734) 90.9171142578 [ 0.08034769]
295 garray(89.68547058105469) 90.948677063 [ 0.08034608]
296 garray(89.73957061767578) 90.953918457 [ 0.0803792]
297 garray(89.6797866821289) 90.9482879639 [ 0.08038227]
298 garray(89.6793212890625) 90.9183578491 [ 0.08035434]
299 garray(89.73681640625) 90.9026794434 [ 0.0803634]
300 garray(89.65156555175781) 90.9042739868 [ 0.0803699]
301 garray(89.63835906982422) 90.9090957642 [ 0.08036611]
302 garray(89.62322998046875) 90.9309997559 [ 0.08044353]
303 garray(89.74702453613281) 90.9155960083 [ 0.08040537]
304 garray(89.72177124023438) 90.9098052979 [ 0.08050764]
305 garray(89.67449951171875) 90.9073791504 [ 0.08044986]
306 garray(89.6751480102539) 90.9026412964 [ 0.08040687]
307 garray(89.6371078491211) 90.9403991699 [ 0.08042085]
308 garray(89.68167877197266) 90.9247970581 [ 0.08046706]
309 garray(89.58037567138672) 90.9363174438 [ 0.08044421]
310 garray(89.7360610961914) 90.9094390869 [ 0.08054409]
311 garray(89.65158081054688) 90.8784942627 [ 0.08055157]
312 garray(89.66517639160156) 90.9551010132 [ 0.08053815]
313 garray(89.70135498046875) 90.8886795044 [ 0.08049031]
314 garray(89.67781066894531) 90.9629211426 [ 0.08054459]
315 garray(89.6888198852539) 90.8860778809 [ 0.08054505]
316 garray(89.65335845947266) 90.8938369751 [ 0.0805354]
317 garray(89.7077407836914) 90.9039382935 [ 0.08057457]
318 garray(89.65412139892578) 90.9468994141 [ 0.0805628]
319 garray(89.69317626953125) 90.8713378906 [ 0.08061663]
320 garray(89.67417907714844) 90.878868103 [ 0.08057031]
321 garray(89.59043884277344) 90.9222183228 [ 0.0806319]
322 garray(89.61399841308594) 90.9216003418 [ 0.08059741]
323 garray(89.67192077636719) 90.8856048584 [ 0.08058539]
324 garray(89.64751434326172) 90.8895568848 [ 0.08064228]
325 garray(89.70027923583984) 90.9184951782 [ 0.08065847]
326 garray(89.60504913330078) 90.8702545166 [ 0.08067445]
327 garray(89.6893539428711) 90.8844604492 [ 0.08064213]
328 garray(89.66498565673828) 90.8743591309 [ 0.08065364]
329 garray(89.65087127685547) 90.9242858887 [ 0.08065832]
330 garray(89.62179565429688) 90.916267395 [ 0.08075165]
331 garray(89.63150024414062) 90.9230651855 [ 0.08072023]
332 garray(89.68145751953125) 90.945098877 [ 0.08070795]
333 garray(89.6191177368164) 90.9192352295 [ 0.08074997]
334 garray(89.71289825439453) 90.8851242065 [ 0.08073255]
335 garray(89.76010131835938) 90.9074401855 [ 0.08072243]
336 garray(89.61941528320312) 90.8922195435 [ 0.08076881]
337 garray(89.65264129638672) 90.8898696899 [ 0.08078644]
338 garray(89.63011932373047) 90.8675003052 [ 0.08084663]
339 garray(89.64186096191406) 90.8816604614 [ 0.08078536]
340 garray(89.61793518066406) 90.9437942505 [ 0.08075153]
341 garray(89.5810775756836) 90.9019393921 [ 0.08080802]
342 garray(89.6454849243164) 90.876914978 [ 0.08079583]
343 garray(89.68756103515625) 90.9102706909 [ 0.08081375]
344 garray(89.63557434082031) 90.8995285034 [ 0.08084834]
345 garray(89.62149810791016) 90.9022445679 [ 0.08091806]
346 garray(89.65348052978516) 90.8547592163 [ 0.08092949]
347 garray(89.59458923339844) 90.9038009644 [ 0.08094367]
348 garray(89.60515594482422) 90.9137802124 [ 0.08094338]
349 garray(89.60795593261719) 90.858505249 [ 0.08093805]
350 garray(89.65586853027344) 90.8839569092 [ 0.08093459]
351 garray(89.69332122802734) 90.9218978882 [ 0.08096955]
352 garray(89.5777359008789) 90.8508148193 [ 0.08098267]
353 garray(89.62423706054688) 90.8137741089 [ 0.08099704]
354 garray(89.60379791259766) 90.8998565674 [ 0.08096777]
355 garray(89.7144546508789) 90.8661880493 [ 0.0810003]
356 garray(89.61979675292969) 90.8734512329 [ 0.08101968]
357 garray(89.60450744628906) 90.8812942505 [ 0.08101233]
358 garray(89.63842010498047) 90.9116744995 [ 0.08103948]
359 garray(89.61275482177734) 90.9156188965 [ 0.08104331]
360 garray(89.62841796875) 90.8757781982 [ 0.08109927]
361 garray(89.62012481689453) 90.8793945312 [ 0.08105234]
362 garray(89.62720489501953) 90.8821868896 [ 0.08105041]
363 garray(89.70633697509766) 90.9012985229 [ 0.0810625]
364 garray(89.64007568359375) 90.9334945679 [ 0.0811168]
365 garray(89.63898468017578) 90.85987854 [ 0.08104851]
366 garray(89.61347961425781) 90.9028091431 [ 0.08110002]
367 garray(89.66777801513672) 90.9321365356 [ 0.0810955]
368 garray(89.60746765136719) 90.8849182129 [ 0.08109011]
369 garray(89.61774444580078) 90.8622360229 [ 0.08114873]
370 garray(89.64213562011719) 90.8371582031 [ 0.08116703]
371 garray(89.64476776123047) 90.8858413696 [ 0.08119477]
372 garray(89.64142608642578) 90.8513870239 [ 0.08115281]
373 garray(89.6360855102539) 90.8464508057 [ 0.0812173]
374 garray(89.6600112915039) 90.851020813 [ 0.08119345]
375 garray(89.66059875488281) 90.8661651611 [ 0.08125484]
376 garray(89.5683364868164) 90.8751602173 [ 0.08126194]
377 garray(89.61907958984375) 90.852355957 [ 0.08123552]
378 garray(89.63469696044922) 90.8542251587 [ 0.0811953]
379 garray(89.65809631347656) 90.8316879272 [ 0.08122551]
380 garray(89.62305450439453) 90.8313369751 [ 0.08122395]
381 garray(89.55891418457031) 90.8560562134 [ 0.08130976]
382 garray(89.61599731445312) 90.8500747681 [ 0.08128148]
383 garray(89.58793640136719) 90.8833389282 [ 0.08127032]
384 garray(89.66581726074219) 90.8430175781 [ 0.08129215]
385 garray(89.58220672607422) 90.8718185425 [ 0.08126688]
386 garray(89.6443862915039) 90.8471984863 [ 0.08128196]
387 garray(89.57421875) 90.871055603 [ 0.08132177]
388 garray(89.61351776123047) 90.8330993652 [ 0.08133241]
389 garray(89.61687469482422) 90.8940048218 [ 0.08137481]
390 garray(89.58514404296875) 90.9003143311 [ 0.0813337]
391 garray(89.59724426269531) 90.8909378052 [ 0.08137319]
392 garray(89.62017822265625) 90.8380584717 [ 0.08139124]
393 garray(89.58203887939453) 90.8751754761 [ 0.08138234]
394 garray(89.62525939941406) 90.8675003052 [ 0.08142212]
395 garray(89.59172058105469) 90.8791046143 [ 0.08141863]
396 garray(89.57217407226562) 90.8292007446 [ 0.08148797]
397 garray(89.54399108886719) 90.8586502075 [ 0.08144921]
398 garray(89.57666015625) 90.8430557251 [ 0.08147753]
399 garray(89.63787841796875) 90.8884963989 [ 0.08147834]
400 garray(89.5928955078125) 90.8382797241 [ 0.0814852]
401 garray(89.58639526367188) 90.8457794189 [ 0.08144589]
402 garray(89.60176849365234) 90.8258743286 [ 0.08151008]
403 garray(89.65133666992188) 90.8791503906 [ 0.08150836]
404 garray(89.50328063964844) 90.8173980713 [ 0.08151921]
405 garray(89.57188415527344) 90.8432159424 [ 0.08149729]
406 garray(89.58597564697266) 90.8508911133 [ 0.0815363]
407 garray(89.58744049072266) 90.8592987061 [ 0.08154319]
408 garray(89.53267669677734) 90.8172988892 [ 0.08161478]
409 garray(89.58491516113281) 90.8488388062 [ 0.08160374]
410 garray(89.58941650390625) 90.8523254395 [ 0.08154196]
411 garray(89.58966827392578) 90.8945083618 [ 0.08159511]
412 garray(89.55880737304688) 90.8011856079 [ 0.08161939]
413 garray(89.60421752929688) 90.845916748 [ 0.08161379]
414 garray(89.53620147705078) 90.8631362915 [ 0.08162756]
415 garray(89.53177642822266) 90.8368148804 [ 0.08162999]
416 garray(89.55693817138672) 90.8076095581 [ 0.08166824]
417 garray(89.5835189819336) 90.8656768799 [ 0.08168082]
418 garray(89.58963775634766) 90.8331375122 [ 0.08159555]
419 garray(89.58454132080078) 90.8435211182 [ 0.08163958]
420 garray(89.61859893798828) 90.8400268555 [ 0.08165084]
421 garray(89.62047576904297) 90.8386611938 [ 0.0816631]
422 garray(89.58761596679688) 90.8152542114 [ 0.08168481]
423 garray(89.58377838134766) 90.8996963501 [ 0.08164677]
424 garray(89.59417724609375) 90.835395813 [ 0.08169993]
425 garray(89.51365661621094) 90.8108062744 [ 0.08174434]
426 garray(89.55567932128906) 90.8083953857 [ 0.08170737]
427 garray(89.59813690185547) 90.9132080078 [ 0.08172459]
428 garray(89.61642456054688) 90.7906799316 [ 0.08176338]
429 garray(89.53852081298828) 90.816734314 [ 0.08174444]
430 garray(89.51262664794922) 90.822555542 [ 0.08177925]
431 garray(89.62551879882812) 90.8501358032 [ 0.08175565]
432 garray(89.56588745117188) 90.859161377 [ 0.08178535]
433 garray(89.54273986816406) 90.830696106 [ 0.08184324]
434 garray(89.49744415283203) 90.8512954712 [ 0.08176697]
435 garray(89.56421661376953) 90.872756958 [ 0.08182707]
436 garray(89.57183074951172) 90.8900680542 [ 0.08179826]
437 garray(89.60647583007812) 90.8273849487 [ 0.08177188]
438 garray(89.54106140136719) 90.8476791382 [ 0.08180165]
439 garray(89.53136444091797) 90.8695983887 [ 0.08183034]
440 garray(89.55490112304688) 90.8319778442 [ 0.08185676]
441 garray(89.5776596069336) 90.8003768921 [ 0.08180525]
442 garray(89.53097534179688) 90.8095779419 [ 0.08188537]
443 garray(89.53815460205078) 90.8798751831 [ 0.08185129]
444 garray(89.46778106689453) 90.8284378052 [ 0.08187191]
445 garray(89.63401794433594) 90.8312683105 [ 0.08180931]
446 garray(89.56543731689453) 90.8274383545 [ 0.08189201]
447 garray(89.57377624511719) 90.8537139893 [ 0.08184787]
448 garray(89.59130859375) 90.8312988281 [ 0.08186516]
449 garray(89.56131744384766) 90.8513412476 [ 0.08188422]
450 garray(89.56997680664062) 90.8084487915 [ 0.08190533]
451 garray(89.52970123291016) 90.8269195557 [ 0.08187965]
452 garray(89.53116607666016) 90.8533477783 [ 0.08191004]
453 garray(89.60029602050781) 90.8322982788 [ 0.08190834]
454 garray(89.59442901611328) 90.8171386719 [ 0.08189675]
455 garray(89.59073638916016) 90.8261184692 [ 0.08194749]
456 garray(89.61177062988281) 90.8338775635 [ 0.08197321]
457 garray(89.65267944335938) 90.8259277344 [ 0.08198239]
458 garray(89.62571716308594) 90.8294754028 [ 0.08197031]
459 garray(89.50967407226562) 90.8485946655 [ 0.08194339]
460 garray(89.55501556396484) 90.7558288574 [ 0.08199232]
461 garray(89.5517578125) 90.8512649536 [ 0.08199556]
462 garray(89.5010757446289) 90.8034591675 [ 0.08199745]
463 garray(89.51777648925781) 90.7856750488 [ 0.08203736]
464 garray(89.59463500976562) 90.813117981 [ 0.08202193]
465 garray(89.5512466430664) 90.8127746582 [ 0.08206846]
466 garray(89.6413803100586) 90.8123245239 [ 0.08203917]
467 garray(89.5753402709961) 90.8049240112 [ 0.08206826]
468 garray(89.55492401123047) 90.8757781982 [ 0.08209381]
469 garray(89.56395721435547) 90.8427200317 [ 0.08210963]
470 garray(89.49528503417969) 90.8261947632 [ 0.08211614]
471 garray(89.53749084472656) 90.7914657593 [ 0.08207137]
472 garray(89.61748504638672) 90.7830505371 [ 0.08210446]
473 garray(89.50535583496094) 90.8410797119 [ 0.08209138]
474 garray(89.5113754272461) 90.7961349487 [ 0.08211852]
475 garray(89.616455078125) 90.792640686 [ 0.08215488]
476 garray(89.54693603515625) 90.8127975464 [ 0.08212704]
477 garray(89.48623657226562) 90.7837905884 [ 0.08211532]
478 garray(89.58979797363281) 90.8405456543 [ 0.08215562]
479 garray(89.53889465332031) 90.7913513184 [ 0.08220562]
480 garray(89.55916595458984) 90.8044815063 [ 0.08222505]
481 garray(89.66130065917969) 90.8843994141 [ 0.08223695]
482 garray(89.5211410522461) 90.827796936 [ 0.08220059]
483 garray(89.5437240600586) 90.8192977905 [ 0.08225419]
484 garray(89.57908630371094) 90.7820358276 [ 0.08221346]
485 garray(89.50444030761719) 90.8136672974 [ 0.08225323]
486 garray(89.53134155273438) 90.7518310547 [ 0.0822197]
487 garray(89.60836029052734) 90.7708358765 [ 0.08221287]
488 garray(89.57670593261719) 90.789024353 [ 0.08222823]
489 garray(89.53311920166016) 90.8205947876 [ 0.08227965]
490 garray(89.56019592285156) 90.8137588501 [ 0.0822794]
491 garray(89.4836196899414) 90.8161010742 [ 0.08223179]
492 garray(89.47563934326172) 90.7907180786 [ 0.08229254]
493 garray(89.6030502319336) 90.7680587769 [ 0.08226653]
494 garray(89.60028076171875) 90.7933197021 [ 0.0822674]
495 garray(89.48269653320312) 90.789855957 [ 0.08226389]
496 garray(89.5134048461914) 90.7783355713 [ 0.08232506]
497 garray(89.53531646728516) 90.7965087891 [ 0.08230413]
498 garray(89.53472900390625) 90.8188552856 [ 0.08233992]
499 garray(89.54584503173828) 90.8173141479 [ 0.0823327]
500 garray(89.53399658203125) 90.785949707 [ 0.08230257]
501 garray(89.50059509277344) 90.7767181396 [ 0.08230392]
502 garray(89.5732650756836) 90.7631378174 [ 0.08235628]
503 garray(89.53840637207031) 90.7719192505 [ 0.08234505]
504 garray(89.48225402832031) 90.803855896 [ 0.08240309]
505 garray(89.50267791748047) 90.8153457642 [ 0.08231758]
506 garray(89.52833557128906) 90.8256988525 [ 0.0823978]
507 garray(89.53713989257812) 90.8087158203 [ 0.08239619]
508 garray(89.505859375) 90.7915802002 [ 0.08242968]
509 garray(89.54439544677734) 90.7586593628 [ 0.0823643]
510 garray(89.46089935302734) 90.8242874146 [ 0.08243947]
511 garray(89.49158477783203) 90.7906570435 [ 0.08244903]
512 garray(89.55970001220703) 90.7902984619 [ 0.08244041]
513 garray(89.55224609375) 90.8134613037 [ 0.08249336]
514 garray(89.55828094482422) 90.7815170288 [ 0.08248628]
515 garray(89.5387954711914) 90.8124313354 [ 0.08249342]
516 garray(89.54975891113281) 90.7858352661 [ 0.08250828]
517 garray(89.52204132080078) 90.7514801025 [ 0.08247635]
518 garray(89.5590591430664) 90.7812805176 [ 0.0825028]
519 garray(89.55491638183594) 90.7243804932 [ 0.08248113]
520 garray(89.5223388671875) 90.8023147583 [ 0.08252834]
521 garray(89.50605010986328) 90.7852401733 [ 0.08252156]
522 garray(89.50611114501953) 90.7699203491 [ 0.08255485]
523 garray(89.4949951171875) 90.8006591797 [ 0.08250321]
524 garray(89.53408813476562) 90.7431564331 [ 0.08257697]
525 garray(89.47757720947266) 90.7711105347 [ 0.08253445]
526 garray(89.47603607177734) 90.7753295898 [ 0.08258607]
527 garray(89.47941589355469) 90.7569885254 [ 0.08256989]
528 garray(89.53621673583984) 90.7547607422 [ 0.08257898]
529 garray(89.49723052978516) 90.7582778931 [ 0.08255518]
530 garray(89.5363998413086) 90.7692489624 [ 0.08259832]
531 garray(89.45917510986328) 90.7438354492 [ 0.08259438]
532 garray(89.51786041259766) 90.7630157471 [ 0.08258631]
533 garray(89.44182586669922) 90.7446975708 [ 0.08265318]
534 garray(89.51333618164062) 90.7388076782 [ 0.08270113]
535 garray(89.50952911376953) 90.774810791 [ 0.08265681]
536 garray(89.43277740478516) 90.7786560059 [ 0.08264631]
537 garray(89.49508666992188) 90.7952880859 [ 0.08265434]
538 garray(89.48004150390625) 90.7541046143 [ 0.08266267]
539 garray(89.44145965576172) 90.7315444946 [ 0.08268686]
540 garray(89.5550765991211) 90.7578887939 [ 0.08268708]
541 garray(89.49215698242188) 90.774597168 [ 0.08271503]
542 garray(89.54011535644531) 90.7893981934 [ 0.08273036]
543 garray(89.5263442993164) 90.7723007202 [ 0.08270291]
544 garray(89.50599670410156) 90.7616195679 [ 0.08272911]
545 garray(89.53689575195312) 90.7645874023 [ 0.08272831]
546 garray(89.51496124267578) 90.7228164673 [ 0.08274227]
547 garray(89.49673461914062) 90.7397003174 [ 0.08274159]
548 garray(89.4388198852539) 90.7881469727 [ 0.08278834]
549 garray(89.46456909179688) 90.7366867065 [ 0.0827635]
550 garray(89.48999786376953) 90.7755966187 [ 0.08276846]
551 garray(89.46073913574219) 90.7560195923 [ 0.08274486]
552 garray(89.50635528564453) 90.7777099609 [ 0.08271815]
553 garray(89.60670471191406) 90.8443908691 [ 0.08282936]
554 garray(89.5279541015625) 90.7610855103 [ 0.08278894]
555 garray(89.5264892578125) 90.7312011719 [ 0.08281906]
556 garray(89.4317855834961) 90.7373580933 [ 0.08280501]
557 garray(89.58689880371094) 90.7839355469 [ 0.08282152]
558 garray(89.47785949707031) 90.732208252 [ 0.08282007]
559 garray(89.5607681274414) 90.798538208 [ 0.08279796]
560 garray(89.46562957763672) 90.7484741211 [ 0.08287033]
561 garray(89.50006103515625) 90.7669143677 [ 0.08285186]
562 garray(89.47235870361328) 90.7834777832 [ 0.08280846]
563 garray(89.5096206665039) 90.7576293945 [ 0.08287282]
564 garray(89.52909851074219) 90.7557983398 [ 0.08286786]
565 garray(89.51359558105469) 90.7742156982 [ 0.08286888]
566 garray(89.51919555664062) 90.7455291748 [ 0.08290282]
567 garray(89.46991729736328) 90.7154159546 [ 0.08288917]
568 garray(89.45997619628906) 90.7784347534 [ 0.08288374]
569 garray(89.45215606689453) 90.7709350586 [ 0.08284087]
570 garray(89.52262878417969) 90.7577590942 [ 0.08290317]
571 garray(89.45185089111328) 90.7161712646 [ 0.08289013]
572 garray(89.45124053955078) 90.7615585327 [ 0.08296817]
573 garray(89.46556854248047) 90.7804489136 [ 0.08291893]
574 garray(89.4909896850586) 90.7702407837 [ 0.08293207]
575 garray(89.46273803710938) 90.7631759644 [ 0.0829184]
576 garray(89.49673461914062) 90.7442398071 [ 0.08298168]
577 garray(89.49816131591797) 90.7206573486 [ 0.08292147]
578 garray(89.54815673828125) 90.7569198608 [ 0.08296191]
579 garray(89.50825500488281) 90.7401657104 [ 0.08297995]
580 garray(89.50846099853516) 90.7422180176 [ 0.08297998]
581 garray(89.47269439697266) 90.7593765259 [ 0.0830091]
582 garray(89.5282211303711) 90.7867889404 [ 0.08301192]
583 garray(89.51809692382812) 90.7452163696 [ 0.08299793]
584 garray(89.4748764038086) 90.7409439087 [ 0.08302451]
585 garray(89.49993896484375) 90.7316207886 [ 0.08306805]
586 garray(89.51753997802734) 90.7670593262 [ 0.08300252]
587 garray(89.46971893310547) 90.671875 [ 0.08308072]
588 garray(89.52793884277344) 90.7401657104 [ 0.08309462]
589 garray(89.4161605834961) 90.6787567139 [ 0.08308684]
590 garray(89.45280456542969) 90.7203292847 [ 0.08305019]
591 garray(89.50896453857422) 90.757270813 [ 0.08306224]
592 garray(89.46151733398438) 90.7188186646 [ 0.08311017]
593 garray(89.459716796875) 90.7472381592 [ 0.08305003]
594 garray(89.46855926513672) 90.7159957886 [ 0.08306921]
595 garray(89.44063568115234) 90.7449951172 [ 0.0830655]
596 garray(89.51519012451172) 90.7366485596 [ 0.08307204]
597 garray(89.44110870361328) 90.7339782715 [ 0.0831437]
598 garray(89.49304962158203) 90.7379379272 [ 0.08313373]
599 garray(89.46709442138672) 90.7385406494 [ 0.08314884]
600 garray(89.44657897949219) 90.7256011963 [ 0.08313246]
601 garray(89.45508575439453) 90.6956939697 [ 0.08314204]
602 garray(89.47053527832031) 90.7502593994 [ 0.08317897]
603 garray(89.42366790771484) 90.7599182129 [ 0.08319695]
604 garray(89.4188461303711) 90.6830444336 [ 0.08319209]
605 garray(89.46007537841797) 90.7979507446 [ 0.08318329]
606 garray(89.46856689453125) 90.7223587036 [ 0.08322438]
607 garray(89.47889709472656) 90.7165603638 [ 0.08325006]
608 garray(89.46666717529297) 90.7382354736 [ 0.08321876]
609 garray(89.43400573730469) 90.7181777954 [ 0.08324435]
610 garray(89.55992126464844) 90.7742080688 [ 0.0832297]
611 garray(89.46785736083984) 90.7364807129 [ 0.08324634]
612 garray(89.44091796875) 90.7632904053 [ 0.0832634]
613 garray(89.46432495117188) 90.731338501 [ 0.08325576]
614 garray(89.47760009765625) 90.7172088623 [ 0.08326623]
615 garray(89.45360565185547) 90.6627349854 [ 0.08329915]
616 garray(89.44513702392578) 90.7300109863 [ 0.08325379]
617 garray(89.4806900024414) 90.6839904785 [ 0.08327191]
618 garray(89.4618148803711) 90.6898574829 [ 0.08327098]
619 garray(89.4166488647461) 90.6827011108 [ 0.08326079]
620 garray(89.48822021484375) 90.6882400513 [ 0.08325541]
621 garray(89.47064971923828) 90.7468185425 [ 0.08330448]
622 garray(89.43721771240234) 90.6978759766 [ 0.08328397]
623 garray(89.528076171875) 90.7021408081 [ 0.08328773]
624 garray(89.49678039550781) 90.6827163696 [ 0.08331114]
625 garray(89.47858428955078) 90.7175369263 [ 0.08328805]
626 garray(89.44607543945312) 90.7375488281 [ 0.08331443]
627 garray(89.41548919677734) 90.6937561035 [ 0.08334009]
628 garray(89.48941802978516) 90.7196960449 [ 0.08333126]
629 garray(89.51013946533203) 90.7089767456 [ 0.08332147]
630 garray(89.46293640136719) 90.7587280273 [ 0.08331707]
631 garray(89.42863464355469) 90.6722946167 [ 0.08334333]
632 garray(89.45881652832031) 90.6811904907 [ 0.08336711]
633 garray(89.44837951660156) 90.7014389038 [ 0.0833591]
634 garray(89.4255599975586) 90.7297363281 [ 0.08338114]
635 garray(89.37897491455078) 90.6898803711 [ 0.08335728]
636 garray(89.44855499267578) 90.6851196289 [ 0.08336316]
637 garray(89.3562240600586) 90.7158355713 [ 0.08339397]
638 garray(89.40327453613281) 90.7412414551 [ 0.08336607]
639 garray(89.50341796875) 90.7346191406 [ 0.08341532]
640 garray(89.39917755126953) 90.6560745239 [ 0.08339898]
641 garray(89.42105102539062) 90.7053146362 [ 0.08340389]
642 garray(89.4876708984375) 90.6904144287 [ 0.08336851]
643 garray(89.43576049804688) 90.7085800171 [ 0.08345684]
644 garray(89.46097564697266) 90.7490158081 [ 0.08341735]
645 garray(89.38545989990234) 90.7087402344 [ 0.08340779]
646 garray(89.4477310180664) 90.7388153076 [ 0.08343127]
647 garray(89.43161010742188) 90.7454605103 [ 0.08343589]
648 garray(89.41047668457031) 90.7268981934 [ 0.08344989]
649 garray(89.44784545898438) 90.710975647 [ 0.08350122]
650 garray(89.35569763183594) 90.6533584595 [ 0.08353476]
651 garray(89.44437408447266) 90.7097167969 [ 0.08352747]
652 garray(89.51765441894531) 90.7163772583 [ 0.08355927]
653 garray(89.41001892089844) 90.7098083496 [ 0.08351244]
654 garray(89.41542053222656) 90.7161560059 [ 0.08350642]
655 garray(89.38806915283203) 90.6599349976 [ 0.08355826]
656 garray(89.3913803100586) 90.7437973022 [ 0.08355828]
657 garray(89.4278564453125) 90.7264709473 [ 0.08354326]
658 garray(89.41857147216797) 90.7089614868 [ 0.08358519]
659 garray(89.3858871459961) 90.6973342896 [ 0.08356934]
660 garray(89.4621353149414) 90.7047576904 [ 0.08358164]
661 garray(89.45903778076172) 90.7033615112 [ 0.08358338]
662 garray(89.45487976074219) 90.7048568726 [ 0.08355884]
663 garray(89.46905517578125) 90.6953582764 [ 0.08356803]
664 garray(89.41375732421875) 90.7070770264 [ 0.0835654]
665 garray(89.4417953491211) 90.6452178955 [ 0.08357996]
666 garray(89.42859649658203) 90.7006454468 [ 0.08361175]
667 garray(89.40609741210938) 90.6947784424 [ 0.08362323]
668 garray(89.38859558105469) 90.6903991699 [ 0.08360583]
669 garray(89.43290710449219) 90.6828384399 [ 0.08364489]
670 garray(89.39663696289062) 90.6642379761 [ 0.08362339]
671 garray(89.40830993652344) 90.6924209595 [ 0.08369628]
672 garray(89.37456512451172) 90.6791992188 [ 0.08367564]
673 garray(89.4033203125) 90.6487960815 [ 0.08367574]
674 garray(89.43946075439453) 90.7123794556 [ 0.08365439]
675 garray(89.41297912597656) 90.7053146362 [ 0.08367569]
676 garray(89.44559478759766) 90.702835083 [ 0.08372812]
677 garray(89.42528533935547) 90.6991577148 [ 0.08370083]
678 garray(89.33422088623047) 90.6449203491 [ 0.08368043]
679 garray(89.40242004394531) 90.684425354 [ 0.08369754]
680 garray(89.45769500732422) 90.6597061157 [ 0.08370343]
681 garray(89.36499786376953) 90.658706665 [ 0.08369447]
682 garray(89.42305755615234) 90.6614379883 [ 0.08373738]
683 garray(89.37278747558594) 90.6929168701 [ 0.08370468]
684 garray(89.43944549560547) 90.7009963989 [ 0.08373469]
685 garray(89.42261505126953) 90.7143554688 [ 0.08371881]
686 garray(89.3636474609375) 90.685760498 [ 0.08372251]
687 garray(89.37783813476562) 90.7213592529 [ 0.08373456]
688 garray(89.48948669433594) 90.6778793335 [ 0.08371316]
689 garray(89.41085815429688) 90.6548614502 [ 0.08380673]
690 garray(89.44767761230469) 90.6657104492 [ 0.08376239]
691 garray(89.3771743774414) 90.665397644 [ 0.08381013]
692 garray(89.4217758178711) 90.6926574707 [ 0.08379022]
693 garray(89.44612884521484) 90.7165298462 [ 0.08379622]
694 garray(89.42389678955078) 90.6719970703 [ 0.08383402]
695 garray(89.31084442138672) 90.6468200684 [ 0.08380117]
696 garray(89.38215637207031) 90.6209182739 [ 0.08382346]
697 garray(89.4089584350586) 90.6496047974 [ 0.08385759]
698 garray(89.39889526367188) 90.6474609375 [ 0.08382424]
699 garray(89.40821838378906) 90.6728057861 [ 0.0838374]
700 garray(89.36106872558594) 90.6778259277 [ 0.08382812]
701 garray(89.39625549316406) 90.6964797974 [ 0.08385302]
702 garray(89.39818572998047) 90.6523361206 [ 0.08387191]
703 garray(89.41862487792969) 90.6077194214 [ 0.08390051]
704 garray(89.37419891357422) 90.6724700928 [ 0.08387627]
705 garray(89.4276351928711) 90.6180496216 [ 0.08390485]
706 garray(89.38829040527344) 90.6734695435 [ 0.08385516]
707 garray(89.37140655517578) 90.6596679688 [ 0.08388132]
708 garray(89.37503814697266) 90.6584396362 [ 0.08389623]
709 garray(89.50244140625) 90.6831512451 [ 0.08395441]
710 garray(89.400634765625) 90.6097946167 [ 0.08396115]
711 garray(89.48771667480469) 90.7027587891 [ 0.08393917]
712 garray(89.3945083618164) 90.679649353 [ 0.08392665]
713 garray(89.40446472167969) 90.6288986206 [ 0.08393323]
714 garray(89.42044067382812) 90.6688156128 [ 0.08400009]
715 garray(89.44530487060547) 90.6993560791 [ 0.08393447]
716 garray(89.47661590576172) 90.6477966309 [ 0.08394996]
717 garray(89.35335540771484) 90.6626358032 [ 0.08398132]
718 garray(89.32096862792969) 90.6788101196 [ 0.08395404]
719 garray(89.38253021240234) 90.6410293579 [ 0.08395299]
720 garray(89.30987548828125) 90.6603775024 [ 0.08393451]
721 garray(89.3843765258789) 90.6364974976 [ 0.08391921]
722 garray(89.37031555175781) 90.6616744995 [ 0.08398603]
723 garray(89.3747787475586) 90.6604614258 [ 0.08395737]
724 garray(89.37596130371094) 90.6612014771 [ 0.08398478]
725 garray(89.4293212890625) 90.6510391235 [ 0.08400733]
726 garray(89.3973159790039) 90.6346588135 [ 0.08398486]
727 garray(89.28895568847656) 90.6174087524 [ 0.084004]
728 garray(89.4161376953125) 90.6407012939 [ 0.08404044]
729 garray(89.38868713378906) 90.6645202637 [ 0.08401081]
730 garray(89.39303588867188) 90.6492614746 [ 0.08400759]
731 garray(89.39873504638672) 90.6593399048 [ 0.0840051]
732 garray(89.3784408569336) 90.6430358887 [ 0.0840355]
733 garray(89.35820770263672) 90.6561584473 [ 0.08402588]
734 garray(89.37263488769531) 90.646697998 [ 0.08408889]
735 garray(89.3995590209961) 90.6082077026 [ 0.08403896]
736 garray(89.35853576660156) 90.6566009521 [ 0.08407795]
737 garray(89.37333679199219) 90.5954360962 [ 0.08406188]
738 garray(89.38505554199219) 90.6655273438 [ 0.08406928]
739 garray(89.35649871826172) 90.6271057129 [ 0.08408987]
740 garray(89.39733123779297) 90.61743927 [ 0.08407334]
741 garray(89.36449432373047) 90.6227493286 [ 0.0840852]
742 garray(89.3663101196289) 90.6602783203 [ 0.08411346]
743 garray(89.36129760742188) 90.6692352295 [ 0.08410392]
744 garray(89.30020141601562) 90.6524963379 [ 0.08416685]
745 garray(89.41265106201172) 90.6416397095 [ 0.08413452]
746 garray(89.37701416015625) 90.6511611938 [ 0.08413578]
747 garray(89.34607696533203) 90.6172790527 [ 0.08412761]
748 garray(89.40641784667969) 90.6090774536 [ 0.08419442]
749 garray(89.37849426269531) 90.5884552002 [ 0.08419665]
750 garray(89.49869537353516) 90.7555541992 [ 0.08417531]
751 garray(89.33049774169922) 90.6454772949 [ 0.08421353]
752 garray(89.37654113769531) 90.6448669434 [ 0.08418777]
753 garray(89.32627868652344) 90.6143569946 [ 0.08422933]
754 garray(89.38151550292969) 90.6432876587 [ 0.08421763]
755 garray(89.38591766357422) 90.6438369751 [ 0.08416739]
756 garray(89.44036865234375) 90.6473007202 [ 0.0842202]
757 garray(89.38775634765625) 90.6293106079 [ 0.08421438]
758 garray(89.38289642333984) 90.658454895 [ 0.08425176]
759 garray(89.37543487548828) 90.662940979 [ 0.08420675]
760 garray(89.34391784667969) 90.6427001953 [ 0.08421144]
761 garray(89.32921600341797) 90.6134796143 [ 0.08427809]
762 garray(89.3535385131836) 90.6256790161 [ 0.08427127]
763 garray(89.3477554321289) 90.6410369873 [ 0.08425382]
764 garray(89.38273620605469) 90.623374939 [ 0.08422935]
765 garray(89.36186981201172) 90.604598999 [ 0.08424831]
766 garray(89.41063690185547) 90.5973587036 [ 0.08425991]
767 garray(89.33316802978516) 90.6183776855 [ 0.0842908]
768 garray(89.3725357055664) 90.5963973999 [ 0.08426145]
769 garray(89.31531524658203) 90.6241989136 [ 0.08430582]
770 garray(89.35113525390625) 90.5982589722 [ 0.08430468]
771 garray(89.32379913330078) 90.628074646 [ 0.08429715]
772 garray(89.34725952148438) 90.6113357544 [ 0.08433459]
773 garray(89.29410552978516) 90.6355361938 [ 0.08433925]
774 garray(89.37313842773438) 90.6425857544 [ 0.08434367]
775 garray(89.30310821533203) 90.5988082886 [ 0.08435194]
776 garray(89.39524841308594) 90.6420288086 [ 0.08435374]
777 garray(89.36516571044922) 90.5904541016 [ 0.08438341]
778 garray(89.38948059082031) 90.6257247925 [ 0.08440386]
779 garray(89.34431457519531) 90.6002807617 [ 0.08438133]
780 garray(89.33094024658203) 90.6282577515 [ 0.08431739]
781 garray(89.38788604736328) 90.6101760864 [ 0.08441229]
782 garray(89.33124542236328) 90.5621185303 [ 0.08439748]
783 garray(89.28988647460938) 90.6133346558 [ 0.08440328]
784 garray(89.34844970703125) 90.5793151855 [ 0.08442624]
785 garray(89.3868179321289) 90.6068954468 [ 0.08440566]
786 garray(89.35873413085938) 90.6224594116 [ 0.0843809]
787 garray(89.34209442138672) 90.6341171265 [ 0.08443398]
788 garray(89.35797882080078) 90.5793609619 [ 0.08444256]
789 garray(89.34793853759766) 90.5927505493 [ 0.08438039]
790 garray(89.31652069091797) 90.6406097412 [ 0.08445729]
791 garray(89.32418060302734) 90.5963363647 [ 0.08444977]
792 garray(89.35197448730469) 90.6268539429 [ 0.08444318]
793 garray(89.37671661376953) 90.6324386597 [ 0.08443976]
794 garray(89.33047485351562) 90.6264801025 [ 0.0844727]
795 garray(89.29983520507812) 90.6008911133 [ 0.0844484]
796 garray(89.33641052246094) 90.615737915 [ 0.08445864]
797 garray(89.3555679321289) 90.6283569336 [ 0.08450887]
798 garray(89.281494140625) 90.582649231 [ 0.08445147]
799 garray(89.31494140625) 90.5978775024 [ 0.08447963]
800 garray(89.33899688720703) 90.6157608032 [ 0.08446545]
801 garray(89.31533813476562) 90.6322174072 [ 0.08454306]
802 garray(89.34072875976562) 90.5954742432 [ 0.08447776]
803 garray(89.26217651367188) 90.6155166626 [ 0.08451972]
804 garray(89.3506088256836) 90.5745010376 [ 0.08450322]
805 garray(89.31875610351562) 90.5779953003 [ 0.08449249]
806 garray(89.34601593017578) 90.5839004517 [ 0.08455366]
807 garray(89.3100814819336) 90.5731582642 [ 0.08456249]
808 garray(89.33963775634766) 90.6299667358 [ 0.08456043]
809 garray(89.351318359375) 90.5793609619 [ 0.08455244]
810 garray(89.37535858154297) 90.6156311035 [ 0.08458949]
811 garray(89.29373931884766) 90.5928573608 [ 0.08460067]
812 garray(89.28353881835938) 90.5645980835 [ 0.08456777]
813 garray(89.30825805664062) 90.6053771973 [ 0.08460736]
814 garray(89.29670715332031) 90.5573577881 [ 0.08456807]
815 garray(89.37162017822266) 90.6100387573 [ 0.08456525]
816 garray(89.28636932373047) 90.5672683716 [ 0.08463622]
817 garray(89.33805084228516) 90.5903091431 [ 0.08461239]
818 garray(89.32860565185547) 90.589225769 [ 0.0846041]
819 garray(89.28472137451172) 90.5414810181 [ 0.08462165]
820 garray(89.29243469238281) 90.5915756226 [ 0.08460789]
821 garray(89.32318878173828) 90.6064758301 [ 0.08461965]
822 garray(89.3170394897461) 90.5951156616 [ 0.08462462]
823 garray(89.2677001953125) 90.5945358276 [ 0.084638]
824 garray(89.26893615722656) 90.5774765015 [ 0.08465312]
825 garray(89.30860137939453) 90.5863189697 [ 0.08466867]
826 garray(89.31925964355469) 90.5660171509 [ 0.08462236]
827 garray(89.2833480834961) 90.5729904175 [ 0.08465014]
828 garray(89.2858657836914) 90.5305404663 [ 0.08463954]
829 garray(89.33882141113281) 90.5745162964 [ 0.0846569]
830 garray(89.29888916015625) 90.5598983765 [ 0.08472383]
831 garray(89.22001647949219) 90.5490951538 [ 0.08468231]
832 garray(89.31782531738281) 90.5915374756 [ 0.08470661]
833 garray(89.32650756835938) 90.6061706543 [ 0.08473255]
834 garray(89.36304473876953) 90.6302566528 [ 0.08474451]
835 garray(89.36100006103516) 90.6281356812 [ 0.08472462]
836 garray(89.28881072998047) 90.5734405518 [ 0.0847647]
837 garray(89.25553894042969) 90.6064147949 [ 0.08475575]
838 garray(89.35456848144531) 90.5440979004 [ 0.08478915]
839 garray(89.3021011352539) 90.5715179443 [ 0.08478245]
840 garray(89.28651428222656) 90.5272674561 [ 0.08479747]
841 garray(89.34928894042969) 90.6166763306 [ 0.08474814]
842 garray(89.34626007080078) 90.5908966064 [ 0.08473292]
843 garray(89.27855682373047) 90.571105957 [ 0.08479191]
844 garray(89.33621978759766) 90.5638198853 [ 0.08476841]
845 garray(89.25963592529297) 90.5571746826 [ 0.08480465]
846 garray(89.33039093017578) 90.5202178955 [ 0.08479079]
847 garray(89.27774047851562) 90.5641403198 [ 0.08478399]
848 garray(89.30994415283203) 90.5727081299 [ 0.08483082]
849 garray(89.33853912353516) 90.594078064 [ 0.08484711]
850 garray(89.33723449707031) 90.5904541016 [ 0.08483533]
851 garray(89.36412048339844) 90.566116333 [ 0.08482432]
852 garray(89.30178833007812) 90.6063995361 [ 0.08481531]
853 garray(89.30652618408203) 90.5699462891 [ 0.08482804]
854 garray(89.34001922607422) 90.5844802856 [ 0.08481682]
855 garray(89.2900390625) 90.6064453125 [ 0.08481605]
856 garray(89.37776947021484) 90.5995407104 [ 0.08483544]
857 garray(89.27835845947266) 90.5483398438 [ 0.08484285]
858 garray(89.29006958007812) 90.5753173828 [ 0.08484419]
859 garray(89.23223876953125) 90.5570602417 [ 0.08484652]
860 garray(89.28657531738281) 90.5799179077 [ 0.08484517]
861 garray(89.31692504882812) 90.6024780273 [ 0.08485971]
862 garray(89.34806060791016) 90.5443649292 [ 0.08486983]
863 garray(89.27457427978516) 90.5505599976 [ 0.08487271]
864 garray(89.26189422607422) 90.5768585205 [ 0.08492487]
865 garray(89.29204559326172) 90.5749969482 [ 0.08489046]
866 garray(89.23796844482422) 90.5729141235 [ 0.08493291]
867 garray(89.2885513305664) 90.5713500977 [ 0.08490762]
868 garray(89.27320861816406) 90.5699996948 [ 0.08486815]
869 garray(89.29999542236328) 90.5733947754 [ 0.08494436]
870 garray(89.28727722167969) 90.5244598389 [ 0.08490251]
871 garray(89.2557373046875) 90.566368103 [ 0.08496425]
872 garray(89.29833984375) 90.6162185669 [ 0.08497234]
873 garray(89.27864074707031) 90.5175170898 [ 0.08498631]
874 garray(89.277099609375) 90.6367111206 [ 0.08496663]
875 garray(89.29285430908203) 90.5200271606 [ 0.08500621]
876 garray(89.21673583984375) 90.5454406738 [ 0.08497181]
877 garray(89.3046646118164) 90.5460968018 [ 0.08497902]
878 garray(89.22000122070312) 90.5345993042 [ 0.08496915]
879 garray(89.25875854492188) 90.5590896606 [ 0.08499082]
880 garray(89.30643463134766) 90.5963897705 [ 0.0849772]
881 garray(89.24247741699219) 90.5272140503 [ 0.08499907]
882 garray(89.23983764648438) 90.5594482422 [ 0.08500298]
883 garray(89.24463653564453) 90.5448379517 [ 0.08500513]
884 garray(89.21151733398438) 90.4955596924 [ 0.08503038]
885 garray(89.17975616455078) 90.5859985352 [ 0.08503902]
886 garray(89.31060791015625) 90.5657653809 [ 0.08504628]
887 garray(89.32122802734375) 90.5331954956 [ 0.08504866]
888 garray(89.32205963134766) 90.5715942383 [ 0.08503758]
889 garray(89.27067565917969) 90.5277557373 [ 0.08502276]
890 garray(89.26992797851562) 90.5557403564 [ 0.08501796]
891 garray(89.22899627685547) 90.5066375732 [ 0.08504633]
892 garray(89.30479431152344) 90.5565414429 [ 0.08509431]
893 garray(89.2349853515625) 90.5673599243 [ 0.08507012]
894 garray(89.2544174194336) 90.4938583374 [ 0.08508448]
895 garray(89.2804183959961) 90.5329666138 [ 0.08511656]
896 garray(89.28353881835938) 90.6015014648 [ 0.08511083]
897 garray(89.33065795898438) 90.54637146 [ 0.08507161]
898 garray(89.24225616455078) 90.5619812012 [ 0.08509725]
899 garray(89.22783660888672) 90.5174865723 [ 0.08513418]
900 garray(89.2354965209961) 90.5150756836 [ 0.08508385]
901 garray(89.26461791992188) 90.5822753906 [ 0.08512879]
902 garray(89.26232147216797) 90.5121994019 [ 0.08511805]
903 garray(89.31826782226562) 90.5739974976 [ 0.0851544]
904 garray(89.24905395507812) 90.5530166626 [ 0.08511975]
905 garray(89.27813720703125) 90.5157546997 [ 0.08516853]
906 garray(89.24894714355469) 90.5312347412 [ 0.08516682]
907 garray(89.27568054199219) 90.5189208984 [ 0.08519573]
908 garray(89.25509643554688) 90.5746383667 [ 0.08515276]
909 garray(89.25641632080078) 90.4845962524 [ 0.08514413]
910 garray(89.2690200805664) 90.5829467773 [ 0.08516779]
911 garray(89.26195526123047) 90.55078125 [ 0.08519012]
912 garray(89.26066589355469) 90.5269775391 [ 0.08518317]
913 garray(89.26597595214844) 90.5643844604 [ 0.08522084]
914 garray(89.24105834960938) 90.5257568359 [ 0.08515613]
915 garray(89.2719955444336) 90.5414810181 [ 0.08519903]
916 garray(89.28831481933594) 90.5240402222 [ 0.0852225]
917 garray(89.29178619384766) 90.5346298218 [ 0.08518768]
918 garray(89.28612518310547) 90.5704650879 [ 0.08521992]
919 garray(89.27912139892578) 90.5728988647 [ 0.08525938]
920 garray(89.19015502929688) 90.5531845093 [ 0.08525747]
921 garray(89.29999542236328) 90.5475311279 [ 0.0852232]
922 garray(89.33370971679688) 90.5877609253 [ 0.08520948]
923 garray(89.26580047607422) 90.5279846191 [ 0.08525916]
924 garray(89.21585083007812) 90.5292358398 [ 0.08525353]
925 garray(89.26641845703125) 90.5413513184 [ 0.08529172]
926 garray(89.25145721435547) 90.5401077271 [ 0.08529896]
927 garray(89.24723052978516) 90.4957504272 [ 0.08530085]
928 garray(89.25970458984375) 90.4978790283 [ 0.08530932]
929 garray(89.21340942382812) 90.530708313 [ 0.08531497]
930 garray(89.24415588378906) 90.534576416 [ 0.08531643]
931 garray(89.24092102050781) 90.5117950439 [ 0.08533041]
932 garray(89.29853820800781) 90.5226745605 [ 0.08536712]
933 garray(89.30028533935547) 90.5120010376 [ 0.08531402]
934 garray(89.23945617675781) 90.4835968018 [ 0.08534093]
935 garray(89.28861999511719) 90.5177612305 [ 0.08533703]
936 garray(89.28033447265625) 90.5611190796 [ 0.08537038]
937 garray(89.24596405029297) 90.5497665405 [ 0.0853549]
938 garray(89.19818115234375) 90.5531539917 [ 0.08539763]
939 garray(89.25007629394531) 90.5110397339 [ 0.08539439]
940 garray(89.29027557373047) 90.5589141846 [ 0.08537406]
941 garray(89.22512817382812) 90.5076751709 [ 0.08538488]
942 garray(89.22237396240234) 90.5376281738 [ 0.08538175]
943 garray(89.26464080810547) 90.5284881592 [ 0.08537611]
944 garray(89.267578125) 90.5487060547 [ 0.08542057]
945 garray(89.21253967285156) 90.5033950806 [ 0.08546116]
946 garray(89.19437408447266) 90.5242004395 [ 0.08542781]
947 garray(89.21977996826172) 90.5325775146 [ 0.08544302]
948 garray(89.22510528564453) 90.4783706665 [ 0.085442]
949 garray(89.27471923828125) 90.5263977051 [ 0.0854324]
950 garray(89.23896026611328) 90.5373306274 [ 0.08543336]
951 garray(89.30339050292969) 90.4853973389 [ 0.08545004]
952 garray(89.23897552490234) 90.492980957 [ 0.08542733]
953 garray(89.18376922607422) 90.5137939453 [ 0.08543373]
954 garray(89.22264099121094) 90.5150604248 [ 0.08548593]
955 garray(89.26741027832031) 90.5375747681 [ 0.08547924]
956 garray(89.27505493164062) 90.4832305908 [ 0.085433]
957 garray(89.19519805908203) 90.4967346191 [ 0.08545026]
958 garray(89.23475646972656) 90.479095459 [ 0.08547314]
959 garray(89.27291870117188) 90.4546279907 [ 0.08547557]
960 garray(89.23921966552734) 90.4986953735 [ 0.08549512]
961 garray(89.22149658203125) 90.4624099731 [ 0.08553308]
962 garray(89.2476577758789) 90.4889373779 [ 0.08552051]
963 garray(89.2141342163086) 90.488609314 [ 0.08551192]
964 garray(89.23408508300781) 90.5186386108 [ 0.08554012]
965 garray(89.19815826416016) 90.5308761597 [ 0.08550585]
966 garray(89.23521423339844) 90.5135498047 [ 0.08552894]
967 garray(89.21669006347656) 90.466255188 [ 0.08555289]
968 garray(89.23925018310547) 90.4998397827 [ 0.08557153]
969 garray(89.3030776977539) 90.5000762939 [ 0.08554523]
970 garray(89.22811889648438) 90.5099868774 [ 0.08555542]
971 garray(89.23939514160156) 90.4726409912 [ 0.08558301]
972 garray(89.20339965820312) 90.4909744263 [ 0.08555196]
973 garray(89.1637954711914) 90.4864959717 [ 0.0856284]
974 garray(89.24817657470703) 90.516494751 [ 0.08557114]
975 garray(89.22465515136719) 90.5276412964 [ 0.08557935]
976 garray(89.22966003417969) 90.4951782227 [ 0.08559071]
977 garray(89.22505950927734) 90.4862747192 [ 0.08559241]
978 garray(89.27130889892578) 90.5065612793 [ 0.08560261]
979 garray(89.20600128173828) 90.4409179688 [ 0.08561916]
980 garray(89.23542022705078) 90.4777755737 [ 0.08564992]
981 garray(89.23246002197266) 90.4733276367 [ 0.08565694]
982 garray(89.23052978515625) 90.5209350586 [ 0.08565395]
983 garray(89.24283599853516) 90.4487915039 [ 0.0856193]
984 garray(89.26876831054688) 90.4829177856 [ 0.08562178]
985 garray(89.20399475097656) 90.4631958008 [ 0.08560717]
986 garray(89.21015930175781) 90.4786758423 [ 0.08568248]
987 garray(89.14871978759766) 90.4946212769 [ 0.08564668]
988 garray(89.20114135742188) 90.4896469116 [ 0.08569631]
989 garray(89.18074035644531) 90.4610748291 [ 0.08564031]
990 garray(89.21575927734375) 90.484588623 [ 0.08565933]
991 garray(89.25366973876953) 90.515296936 [ 0.0857206]
992 garray(89.16854095458984) 90.5095596313 [ 0.08568268]
993 garray(89.21429443359375) 90.5077285767 [ 0.08570529]
994 garray(89.20589447021484) 90.4902191162 [ 0.08564678]
995 garray(89.23897552490234) 90.4829940796 [ 0.08571194]
996 garray(89.20532989501953) 90.468170166 [ 0.08568894]
997 garray(89.29358673095703) 90.5250701904 [ 0.0857358]
998 garray(89.13391876220703) 90.4657745361 [ 0.08574061]
999 garray(89.23063659667969) 90.5283508301 [ 0.08573051]
creating pickled numpy output
wrote pickled numpy output
Final validation loss
garray(90.48323059082031)
Final test loss
garray(89.7673110961914)
Final test NLL
87.769348641
Theano: Initializing cuBLAS
