(50000L, 784L)
compiled score function
Old best loss:
garray(90.9789047241211)
Compiled loss functions
[]

0 garray(89.62730407714844) 91.0052947998 [ 0.09119368]
1 garray(89.76163482666016) 90.9952697754 [ 0.09120589]
2 garray(89.65400695800781) 90.9712753296 [ 0.09121127]
3 garray(89.74530029296875) 90.9504776001 [ 0.09123132]
4 garray(89.74718475341797) 90.9426269531 [ 0.09120133]
5 garray(89.71644592285156) 90.9864273071 [ 0.0912411]
6 garray(89.72447967529297) 90.9735565186 [ 0.09121545]
7 garray(89.74949645996094) 90.9796142578 [ 0.09124273]
8 garray(89.7227783203125) 90.9504776001 [ 0.09123363]
9 garray(89.64926147460938) 90.9422149658 [ 0.09121274]
10 garray(89.7171401977539) 90.9622802734 [ 0.09120601]
11 garray(89.78313446044922) 90.9499588013 [ 0.09125957]
12 garray(89.63932800292969) 91.0325393677 [ 0.09124246]
13 garray(89.6258544921875) 91.0176010132 [ 0.09126797]
14 garray(89.72703552246094) 91.0141067505 [ 0.09123058]
15 garray(89.72483825683594) 91.0535354614 [ 0.09123565]
16 garray(89.7745590209961) 90.9806976318 [ 0.09126181]
17 garray(89.78620147705078) 91.0424041748 [ 0.0912298]
18 garray(89.70803833007812) 90.9651794434 [ 0.09118402]
19 garray(89.73287963867188) 90.9731750488 [ 0.09121829]
20 garray(89.75759887695312) 91.0210494995 [ 0.09119598]
21 garray(89.67261505126953) 90.9558639526 [ 0.09121949]
22 garray(89.67495727539062) 90.9875411987 [ 0.09128142]
23 garray(89.71849060058594) 90.9866104126 [ 0.09124681]
24 garray(89.70028686523438) 91.0051651001 [ 0.09122229]
25 garray(89.70221710205078) 91.000617981 [ 0.09122359]
26 garray(89.69471740722656) 90.9686050415 [ 0.09116827]
27 garray(89.66061401367188) 90.9826812744 [ 0.09121299]
28 garray(89.71859741210938) 90.9668197632 [ 0.09121633]
29 garray(89.62519836425781) 90.9267501831 [ 0.09123466]
30 garray(89.75923919677734) 91.0204849243 [ 0.09119053]
31 garray(89.72686767578125) 90.9520187378 [ 0.09120248]
32 garray(89.67520141601562) 90.9976806641 [ 0.09121591]
33 garray(89.76543426513672) 90.9870376587 [ 0.09123143]
34 garray(89.7677993774414) 90.9806594849 [ 0.09122634]
35 garray(89.66021728515625) 90.9777603149 [ 0.09127578]
36 garray(89.76554107666016) 90.9945755005 [ 0.09122385]
37 garray(89.68907928466797) 91.0210342407 [ 0.09123427]
38 garray(89.68692779541016) 90.9581375122 [ 0.09123031]
39 garray(89.71611022949219) 90.9760742188 [ 0.09122182]
40 garray(89.69865417480469) 90.9764404297 [ 0.09119538]
41 garray(89.74951934814453) 90.9761810303 [ 0.09122618]
42 garray(89.76805114746094) 90.9524993896 [ 0.09119662]
43 garray(89.6805191040039) 91.0194091797 [ 0.09121251]
44 garray(89.70787811279297) 90.9426574707 [ 0.0911989]
45 garray(89.71070098876953) 91.0523071289 [ 0.09118406]
46 garray(89.70413970947266) 90.9943161011 [ 0.09121011]
47 garray(89.70932006835938) 90.9122695923 [ 0.09121182]
48 garray(89.64064025878906) 90.9800567627 [ 0.0911931]
49 garray(89.73771667480469) 90.9536590576 [ 0.09122732]
50 garray(89.72634887695312) 90.9947357178 [ 0.09122533]
51 garray(89.72590637207031) 90.9884567261 [ 0.09120921]
52 garray(89.71136474609375) 90.9473342896 [ 0.09117857]
53 garray(89.68390655517578) 90.9703598022 [ 0.09119082]
54 garray(89.66815948486328) 90.9599456787 [ 0.09119456]
55 garray(89.61078643798828) 90.9836578369 [ 0.09120822]
56 garray(89.70890045166016) 90.9988174438 [ 0.0911815]
57 garray(89.68988037109375) 91.0087585449 [ 0.09120515]
58 garray(89.62641906738281) 90.9670562744 [ 0.09123223]
59 garray(89.71186065673828) 90.9715881348 [ 0.09122054]
60 garray(89.76371765136719) 90.9638290405 [ 0.09121456]
61 garray(89.63495635986328) 90.9933776855 [ 0.09122196]
62 garray(89.69075775146484) 91.0187454224 [ 0.09124793]
63 garray(89.72671508789062) 90.9883575439 [ 0.0911938]
64 garray(89.7452163696289) 90.9853973389 [ 0.09122323]
65 garray(89.72640991210938) 90.9341583252 [ 0.09120363]
66 garray(89.73063659667969) 91.0256347656 [ 0.09122069]
67 garray(89.7165298461914) 90.9677886963 [ 0.0912144]
68 garray(89.77179718017578) 90.9234695435 [ 0.09118306]
69 garray(89.65151977539062) 90.9421768188 [ 0.09122034]
70 garray(89.66069793701172) 90.9405975342 [ 0.09124974]
71 garray(89.73297882080078) 90.944190979 [ 0.0912628]
72 garray(89.72119903564453) 90.9834594727 [ 0.09125133]
73 garray(89.76683807373047) 91.0298156738 [ 0.09127963]
74 garray(89.7052001953125) 90.9689407349 [ 0.09128078]
75 garray(89.74794006347656) 90.9814987183 [ 0.09129593]
76 garray(89.73303985595703) 90.9792404175 [ 0.0912973]
77 garray(89.64392852783203) 90.9453887939 [ 0.09129596]
78 garray(89.73841857910156) 91.0123901367 [ 0.0913215]
79 garray(89.73461151123047) 91.0261993408 [ 0.09131274]
80 garray(89.74478912353516) 90.9803466797 [ 0.09130042]
81 garray(89.706298828125) 90.9802398682 [ 0.0912516]
82 garray(89.69999694824219) 90.9778213501 [ 0.09125906]
83 garray(89.65834045410156) 90.9291763306 [ 0.09124091]
84 garray(89.64044952392578) 90.9316940308 [ 0.09125652]
85 garray(89.72371673583984) 90.9931411743 [ 0.09126824]
86 garray(89.72840118408203) 90.9768447876 [ 0.09129682]
87 garray(89.66111755371094) 90.9872741699 [ 0.09129683]
88 garray(89.67993927001953) 90.9648513794 [ 0.09129446]
89 garray(89.67869567871094) 90.9876861572 [ 0.09131437]
90 garray(89.65567779541016) 91.0024795532 [ 0.09125915]
91 garray(89.74273681640625) 90.8875808716 [ 0.09129136]
92 garray(89.69097900390625) 90.9993743896 [ 0.09128497]
93 garray(89.70059967041016) 90.9894790649 [ 0.09125337]
94 garray(89.69385528564453) 90.9713745117 [ 0.09127986]
95 garray(89.70024871826172) 91.0091705322 [ 0.0912724]
96 garray(89.78515625) 90.9461593628 [ 0.09132655]
97 garray(89.73948669433594) 90.9390563965 [ 0.0912598]
98 garray(89.74365997314453) 90.9974365234 [ 0.09129747]
99 garray(89.73540496826172) 90.9360656738 [ 0.09130304]
100 garray(89.7273178100586) 90.9815979004 [ 0.09128195]
101 garray(89.7108154296875) 90.9950408936 [ 0.09126339]
102 garray(89.7204360961914) 90.9663391113 [ 0.09122437]
103 garray(89.746337890625) 90.9856414795 [ 0.09125998]
104 garray(89.68281555175781) 91.022315979 [ 0.09129858]
105 garray(89.70891571044922) 90.9296951294 [ 0.09129657]
106 garray(89.70825958251953) 90.955657959 [ 0.09131428]
107 garray(89.77185821533203) 91.0185546875 [ 0.09126229]
108 garray(89.58377838134766) 90.9881057739 [ 0.09131401]
109 garray(89.7256088256836) 90.970199585 [ 0.09131182]
110 garray(89.7393569946289) 90.9861984253 [ 0.09125754]
111 garray(89.67858123779297) 91.0101394653 [ 0.09130791]
112 garray(89.73886108398438) 90.9646148682 [ 0.09128863]
113 garray(89.72206115722656) 90.938079834 [ 0.09124488]
114 garray(89.69062042236328) 90.9760742188 [ 0.09127642]
115 garray(89.73938751220703) 91.0033950806 [ 0.0913238]
116 garray(89.69243621826172) 90.9897003174 [ 0.09130379]
117 garray(89.67633056640625) 90.9858169556 [ 0.09130186]
118 garray(89.71421813964844) 90.9882354736 [ 0.09128829]
119 garray(89.67057800292969) 91.0702590942 [ 0.09132998]
120 garray(89.7262191772461) 91.0069198608 [ 0.09131103]
121 garray(89.70404815673828) 90.9821166992 [ 0.09127228]
122 garray(89.68612670898438) 91.0013809204 [ 0.09127678]
123 garray(89.68380737304688) 90.9476776123 [ 0.09130773]
124 garray(89.66304016113281) 90.96043396 [ 0.09126669]
125 garray(89.63555908203125) 90.904838562 [ 0.09131149]
126 garray(89.68798828125) 90.9955673218 [ 0.09127356]
127 garray(89.65655517578125) 90.9857788086 [ 0.09129726]
128 garray(89.7154769897461) 90.9878540039 [ 0.09127817]
129 garray(89.67863464355469) 90.9919204712 [ 0.09127308]
130 garray(89.75383758544922) 90.9650192261 [ 0.09127167]
131 garray(89.77899932861328) 90.9449996948 [ 0.09128764]
132 garray(89.70037078857422) 91.0146179199 [ 0.09130524]
133 garray(89.6943588256836) 90.914276123 [ 0.09130997]
134 garray(89.7662353515625) 90.9730987549 [ 0.09128173]
135 garray(89.68706512451172) 90.9437179565 [ 0.09125682]
136 garray(89.734130859375) 91.0341796875 [ 0.09125586]
137 garray(89.65605926513672) 90.9461975098 [ 0.09127908]
138 garray(89.74214935302734) 90.956237793 [ 0.0912762]
139 garray(89.77043914794922) 91.0058364868 [ 0.09127403]
140 garray(89.78921508789062) 90.9615783691 [ 0.09124179]
141 garray(89.6670913696289) 90.96875 [ 0.09119718]
142 garray(89.72560119628906) 90.9915847778 [ 0.09123006]
143 garray(89.70008087158203) 90.959197998 [ 0.09124219]
144 garray(89.80551147460938) 90.9621353149 [ 0.09123915]
145 garray(89.72439575195312) 90.9602584839 [ 0.09123641]
146 garray(89.60166931152344) 90.892616272 [ 0.09124412]
147 garray(89.71785736083984) 91.0266494751 [ 0.09124759]
148 garray(89.77799987792969) 91.0172653198 [ 0.09128443]
149 garray(89.64273834228516) 90.9975814819 [ 0.09125141]
150 garray(89.65323638916016) 90.9609146118 [ 0.09124657]
151 garray(89.68317413330078) 90.96144104 [ 0.09126382]
152 garray(89.79143524169922) 91.022819519 [ 0.09125488]
153 garray(89.6898193359375) 90.9738006592 [ 0.09121735]
154 garray(89.68555450439453) 90.9210357666 [ 0.09119648]
155 garray(89.73726654052734) 91.0147399902 [ 0.09119317]
156 garray(89.67511749267578) 90.9962005615 [ 0.09116698]
157 garray(89.7314453125) 90.9693908691 [ 0.09115882]
158 garray(89.65972137451172) 90.9915161133 [ 0.09119734]
159 garray(89.70804595947266) 90.9532165527 [ 0.0912243]
160 garray(89.67801666259766) 90.9698638916 [ 0.09118967]
161 garray(89.66385650634766) 91.0037612915 [ 0.09126661]
162 garray(89.73041534423828) 90.9385757446 [ 0.09125205]
163 garray(89.70968627929688) 90.994934082 [ 0.09122163]
164 garray(89.7279281616211) 90.9454803467 [ 0.09121664]
165 garray(89.63114929199219) 90.9916610718 [ 0.09121459]
166 garray(89.69527435302734) 90.9580001831 [ 0.09121418]
167 garray(89.61885833740234) 90.8957977295 [ 0.09122381]
168 garray(89.61616516113281) 90.9897003174 [ 0.09127911]
169 garray(89.78712463378906) 90.9616012573 [ 0.09122714]
170 garray(89.75065612792969) 90.9422302246 [ 0.09119775]
171 garray(89.67821502685547) 90.9942779541 [ 0.09125743]
172 garray(89.77137756347656) 90.9884185791 [ 0.09125611]
173 garray(89.77279663085938) 90.9572601318 [ 0.09127429]
174 garray(89.66178131103516) 90.9309082031 [ 0.09124135]
175 garray(89.72574615478516) 90.894241333 [ 0.09124615]
176 garray(89.68339538574219) 90.918800354 [ 0.0912432]
177 garray(89.64221954345703) 90.9732971191 [ 0.09124693]
178 garray(89.61986541748047) 90.9415740967 [ 0.09125037]
179 garray(89.72419738769531) 90.9580459595 [ 0.09124642]
180 garray(89.66488647460938) 91.0397796631 [ 0.09126407]
181 garray(89.63958740234375) 90.9714508057 [ 0.09123209]
182 garray(89.7406997680664) 91.0173797607 [ 0.0912461]
183 garray(89.64059448242188) 90.998588562 [ 0.09123245]
184 garray(89.69903564453125) 90.9737701416 [ 0.09125364]
185 garray(89.70437622070312) 90.9987640381 [ 0.09125086]
186 garray(89.7553939819336) 90.9682998657 [ 0.09126654]
187 garray(89.68603515625) 90.9721984863 [ 0.09125965]
188 garray(89.64959716796875) 90.9605941772 [ 0.09126902]
189 garray(89.70278930664062) 90.9528198242 [ 0.09131347]
190 garray(89.64566040039062) 90.9747772217 [ 0.09125402]
191 garray(89.67534637451172) 90.9264373779 [ 0.09127121]
192 garray(89.6452865600586) 90.9302978516 [ 0.091296]
193 garray(89.69728088378906) 90.9571380615 [ 0.09127484]
194 garray(89.6623764038086) 90.991065979 [ 0.0912539]
195 garray(89.7073974609375) 90.9287948608 [ 0.09120814]
196 garray(89.7608413696289) 90.9253158569 [ 0.0912266]
197 garray(89.61812591552734) 90.9734802246 [ 0.0912325]
198 garray(89.65206909179688) 90.9040298462 [ 0.09124181]
199 garray(89.70763397216797) 90.9339141846 [ 0.09125027]
200 garray(89.697021484375) 90.9754486084 [ 0.09123788]
201 garray(89.7168960571289) 90.989151001 [ 0.09126847]
202 garray(89.71483612060547) 90.9944992065 [ 0.09126133]
203 garray(89.77098083496094) 90.9701309204 [ 0.0912472]
204 garray(89.67240905761719) 90.9722747803 [ 0.09120777]
205 garray(89.67686462402344) 90.9642791748 [ 0.09122979]
206 garray(89.76156616210938) 90.9671401978 [ 0.09130037]
207 garray(89.62078094482422) 90.9397888184 [ 0.09129428]
208 garray(89.58232116699219) 90.979095459 [ 0.09129142]
209 garray(89.70763397216797) 90.9255142212 [ 0.09129402]
210 garray(89.68193817138672) 90.942741394 [ 0.09126326]
211 garray(89.70745849609375) 90.9273147583 [ 0.09132094]
212 garray(89.669677734375) 90.9846572876 [ 0.09132167]
213 garray(89.65829467773438) 90.9596176147 [ 0.09129595]
214 garray(89.69137573242188) 90.9757766724 [ 0.09126933]
215 garray(89.72264862060547) 90.9498748779 [ 0.09126487]
216 garray(89.70543670654297) 90.9116592407 [ 0.09130662]
217 garray(89.68650817871094) 90.9604187012 [ 0.09125084]
218 garray(89.69017791748047) 90.917175293 [ 0.09123228]
219 garray(89.65406036376953) 90.9440612793 [ 0.09124786]
220 garray(89.68733978271484) 90.9739303589 [ 0.09126768]
221 garray(89.71401977539062) 90.9635009766 [ 0.09133708]
222 garray(89.66321563720703) 90.9823989868 [ 0.0913093]
223 garray(89.74771881103516) 90.919418335 [ 0.09129832]
224 garray(89.6823501586914) 90.9768753052 [ 0.09125135]
225 garray(89.74211120605469) 90.9701004028 [ 0.09127273]
226 garray(89.67135620117188) 90.9647445679 [ 0.0912711]
227 garray(89.6341552734375) 90.9397964478 [ 0.09127744]
228 garray(89.6944808959961) 90.9500579834 [ 0.09125322]
229 garray(89.69771575927734) 90.9231643677 [ 0.09123923]
230 garray(89.6758804321289) 90.9996490479 [ 0.09124276]
231 garray(89.63517761230469) 90.9779663086 [ 0.09128612]
232 garray(89.66532135009766) 90.9113998413 [ 0.09122746]
233 garray(89.67644500732422) 90.9869995117 [ 0.09120913]
234 garray(89.65943908691406) 91.0154190063 [ 0.0912234]
235 garray(89.63565826416016) 90.9331283569 [ 0.09121158]
236 garray(89.6977767944336) 90.9282150269 [ 0.09121177]
237 garray(89.7792739868164) 90.9116592407 [ 0.09120263]
238 garray(89.69596862792969) 91.0271606445 [ 0.09115642]
239 garray(89.67889404296875) 90.9404602051 [ 0.09120144]
240 garray(89.7180404663086) 90.9644012451 [ 0.09118468]
241 garray(89.64315795898438) 90.9955444336 [ 0.09122165]
242 garray(89.67935943603516) 90.9594192505 [ 0.09122409]
243 garray(89.73320007324219) 90.9534301758 [ 0.09121947]
244 garray(89.66294860839844) 90.953414917 [ 0.09121179]
245 garray(89.71186065673828) 90.9400787354 [ 0.09123106]
246 garray(89.69461822509766) 90.9421768188 [ 0.09121409]
247 garray(89.73075866699219) 90.9868545532 [ 0.09120535]
248 garray(89.73907470703125) 90.9876480103 [ 0.09120666]
249 garray(89.63170623779297) 90.935546875 [ 0.09120972]
250 garray(89.72384643554688) 90.9081268311 [ 0.09117416]
251 garray(89.71269989013672) 90.9897155762 [ 0.09117868]
252 garray(89.75801086425781) 90.9514389038 [ 0.09118371]
253 garray(89.66877746582031) 90.9305343628 [ 0.09116021]
254 garray(89.74964904785156) 90.9567184448 [ 0.09117251]
255 garray(89.69913482666016) 90.9548110962 [ 0.09117431]
256 garray(89.6174545288086) 90.9520339966 [ 0.09116095]
257 garray(89.65866088867188) 90.9399185181 [ 0.09112861]
258 garray(89.72007751464844) 90.9178314209 [ 0.09113145]
259 garray(89.67061614990234) 90.9443206787 [ 0.09113678]
260 garray(89.646240234375) 90.9693984985 [ 0.09117055]
261 garray(89.70742797851562) 90.9604873657 [ 0.09112022]
262 garray(89.6187744140625) 90.9489974976 [ 0.09110366]
263 garray(89.66790008544922) 90.931678772 [ 0.09113465]
264 garray(89.71061706542969) 90.998840332 [ 0.09113449]
265 garray(89.65480041503906) 90.9841461182 [ 0.09114994]
266 garray(89.7082748413086) 91.0463943481 [ 0.0911698]
267 garray(89.7589340209961) 90.984954834 [ 0.09116156]
268 garray(89.65914916992188) 90.9812164307 [ 0.09119482]
269 garray(89.62903594970703) 91.0102539062 [ 0.0912115]
270 garray(89.66899871826172) 90.9086456299 [ 0.09121054]
271 garray(89.68885803222656) 90.9249954224 [ 0.09120592]
272 garray(89.7012710571289) 90.9029769897 [ 0.09124826]
273 garray(89.68499755859375) 90.9353485107 [ 0.09118771]
274 garray(89.6169662475586) 90.9708251953 [ 0.09120975]
275 garray(89.64312744140625) 90.9993972778 [ 0.09122522]
276 garray(89.67597961425781) 90.9463195801 [ 0.09123094]
277 garray(89.69705963134766) 90.9520187378 [ 0.09119703]
278 garray(89.68203735351562) 90.9451751709 [ 0.09120879]
279 garray(89.72428131103516) 90.9219894409 [ 0.09122473]
280 garray(89.6692886352539) 90.972984314 [ 0.0912109]
281 garray(89.71852111816406) 90.9648590088 [ 0.0912072]
282 garray(89.72181701660156) 90.9001464844 [ 0.09123505]
283 garray(89.65280151367188) 91.0007400513 [ 0.09118934]
284 garray(89.71435546875) 90.9490280151 [ 0.09121511]
285 garray(89.66787719726562) 90.9293060303 [ 0.09118632]
286 garray(89.73513793945312) 90.9477539062 [ 0.09115915]
287 garray(89.69781494140625) 90.967666626 [ 0.0912418]
288 garray(89.69075775146484) 90.9571380615 [ 0.09118247]
289 garray(89.64686584472656) 90.9490814209 [ 0.09115413]
290 garray(89.71753692626953) 90.9138870239 [ 0.091207]
291 garray(89.67427825927734) 90.9622879028 [ 0.09119249]
292 garray(89.6629409790039) 90.8753356934 [ 0.0911779]
293 garray(89.7037582397461) 90.9106369019 [ 0.09116491]
294 garray(89.74907684326172) 90.954574585 [ 0.09116741]
295 garray(89.74842071533203) 90.9177780151 [ 0.09119755]
296 garray(89.64199829101562) 90.9908981323 [ 0.09122078]
297 garray(89.66706085205078) 90.9964981079 [ 0.09120045]
298 garray(89.70578002929688) 90.9493484497 [ 0.09122369]
299 garray(89.67044830322266) 90.9214172363 [ 0.09122169]
300 garray(89.66680145263672) 90.8882980347 [ 0.09118926]
301 garray(89.66730499267578) 90.9165344238 [ 0.09119659]
302 garray(89.6300048828125) 90.9593200684 [ 0.09119252]
303 garray(89.69068908691406) 90.9601593018 [ 0.09119084]
304 garray(89.64089965820312) 90.8942108154 [ 0.09115575]
305 garray(89.74884033203125) 90.9321594238 [ 0.09121245]
306 garray(89.66075897216797) 90.9872207642 [ 0.0911744]
307 garray(89.6589584350586) 90.9610977173 [ 0.09120173]
308 garray(89.71505737304688) 90.9573059082 [ 0.09123752]
309 garray(89.61478424072266) 90.9807281494 [ 0.0912472]
310 garray(89.69578552246094) 90.9291763306 [ 0.09122685]
311 garray(89.71926879882812) 90.9547195435 [ 0.09123148]
312 garray(89.64661407470703) 90.9814147949 [ 0.09122273]
313 garray(89.71817779541016) 90.8689346313 [ 0.09121461]
314 garray(89.66188049316406) 90.9742355347 [ 0.09117346]
315 garray(89.71441650390625) 90.9504013062 [ 0.09119959]
316 garray(89.63177490234375) 90.9359512329 [ 0.0911764]
317 garray(89.72262573242188) 91.0003814697 [ 0.0911408]
318 garray(89.67108917236328) 90.9283447266 [ 0.09119115]
319 garray(89.68011474609375) 90.9524612427 [ 0.09119008]
320 garray(89.79563903808594) 90.9597549438 [ 0.09113153]
321 garray(89.656494140625) 90.9162597656 [ 0.09112585]
322 garray(89.66461944580078) 90.9260940552 [ 0.09114559]
323 garray(89.65445709228516) 90.9495544434 [ 0.09112291]
324 garray(89.74213409423828) 90.9972763062 [ 0.09113793]
325 garray(89.65042114257812) 90.9867401123 [ 0.0911479]
326 garray(89.7034912109375) 90.9435195923 [ 0.09118872]
327 garray(89.5999984741211) 90.9579391479 [ 0.09113842]
328 garray(89.75145721435547) 90.952255249 [ 0.09112941]
329 garray(89.65281677246094) 90.9608383179 [ 0.09117113]
330 garray(89.63817596435547) 91.0340576172 [ 0.09119348]
331 garray(89.65879821777344) 90.9600982666 [ 0.09117626]
332 garray(89.66089630126953) 90.9722595215 [ 0.09121335]
333 garray(89.68216705322266) 91.036277771 [ 0.09116734]
334 garray(89.72687530517578) 90.967010498 [ 0.09122095]
335 garray(89.60151672363281) 90.9472808838 [ 0.09121339]
336 garray(89.7307357788086) 90.9897994995 [ 0.09117196]
337 garray(89.65840148925781) 90.9549255371 [ 0.09117637]
338 garray(89.68789672851562) 90.9136886597 [ 0.0911515]
339 garray(89.7021713256836) 90.9718399048 [ 0.0912167]
340 garray(89.67427825927734) 90.988571167 [ 0.09121111]
341 garray(89.66472625732422) 90.9098739624 [ 0.09118963]
342 garray(89.69475555419922) 90.9021606445 [ 0.09116567]
343 garray(89.66173553466797) 90.9742355347 [ 0.09116619]
344 garray(89.73165893554688) 90.9398345947 [ 0.09118202]
345 garray(89.6958999633789) 90.9626998901 [ 0.09113167]
346 garray(89.709716796875) 90.8809814453 [ 0.0911418]
347 garray(89.67781829833984) 90.9491348267 [ 0.09113583]
348 garray(89.6906509399414) 90.9414978027 [ 0.09113667]
349 garray(89.72154998779297) 90.9139175415 [ 0.09112956]
350 garray(89.7553939819336) 90.9717407227 [ 0.09109212]
351 garray(89.65921783447266) 90.9995956421 [ 0.09112276]
352 garray(89.62786102294922) 90.9668045044 [ 0.09118173]
353 garray(89.65467834472656) 90.8693389893 [ 0.09113474]
354 garray(89.61371612548828) 90.967376709 [ 0.09115712]
355 garray(89.66419982910156) 90.9323348999 [ 0.09112479]
356 garray(89.66246032714844) 90.9258270264 [ 0.09117351]
357 garray(89.69918060302734) 90.8997497559 [ 0.09111984]
358 garray(89.64580535888672) 90.9205780029 [ 0.0911747]
359 garray(89.76243591308594) 91.0031814575 [ 0.09115474]
360 garray(89.66822814941406) 90.9723358154 [ 0.09115966]
361 garray(89.67977905273438) 90.9383773804 [ 0.09119022]
362 garray(89.74144744873047) 90.974281311 [ 0.09116376]
363 garray(89.7074203491211) 90.9531707764 [ 0.09112727]
364 garray(89.73765563964844) 90.9627990723 [ 0.09110386]
365 garray(89.69548034667969) 90.9335098267 [ 0.09111985]
366 garray(89.64415740966797) 90.9565887451 [ 0.09109773]
367 garray(89.64202117919922) 90.9244003296 [ 0.09110908]
368 garray(89.63383483886719) 90.9200897217 [ 0.09113933]
369 garray(89.70045471191406) 90.8987045288 [ 0.09112114]
370 garray(89.72010040283203) 90.972366333 [ 0.0911434]
371 garray(89.73388671875) 90.9086990356 [ 0.09112542]
372 garray(89.70855712890625) 90.9515609741 [ 0.09111674]
373 garray(89.7215805053711) 90.9112014771 [ 0.09116899]
374 garray(89.71641540527344) 90.9889984131 [ 0.09112327]
375 garray(89.65084075927734) 90.9283294678 [ 0.09108896]
376 garray(89.63636016845703) 90.911491394 [ 0.09113282]
377 garray(89.63143920898438) 90.9449081421 [ 0.09115087]
378 garray(89.66865539550781) 90.9542160034 [ 0.09115932]
379 garray(89.6280746459961) 90.9181289673 [ 0.09117961]
380 garray(89.60173034667969) 90.9007568359 [ 0.09116061]
381 garray(89.650634765625) 90.9468765259 [ 0.09114979]
382 garray(89.63330841064453) 90.8670501709 [ 0.0911593]
383 garray(89.63705444335938) 90.9094772339 [ 0.09116342]
384 garray(89.6579360961914) 90.9602203369 [ 0.09120653]
385 garray(89.67489624023438) 90.9085159302 [ 0.09118525]
386 garray(89.69102478027344) 90.8847808838 [ 0.09117382]
387 garray(89.66665649414062) 90.9751205444 [ 0.0912061]
388 garray(89.69477844238281) 90.9050292969 [ 0.09118091]
389 garray(89.73435974121094) 90.9382171631 [ 0.09119975]
390 garray(89.67477416992188) 90.9757614136 [ 0.09120904]
391 garray(89.7320785522461) 90.9667205811 [ 0.0912019]
392 garray(89.6659164428711) 90.9228744507 [ 0.09118292]
393 garray(89.64590454101562) 90.9553451538 [ 0.09118641]
394 garray(89.66275787353516) 91.0078582764 [ 0.09118973]
395 garray(89.6800308227539) 90.9449386597 [ 0.09120069]
396 garray(89.72380065917969) 90.9158401489 [ 0.09117569]
397 garray(89.60081481933594) 90.9347305298 [ 0.09118467]
398 garray(89.6758804321289) 90.9044189453 [ 0.09115549]
399 garray(89.700439453125) 90.9275360107 [ 0.091193]
400 garray(89.63945770263672) 90.9331741333 [ 0.09122216]
401 garray(89.67042541503906) 90.938079834 [ 0.09120909]
402 garray(89.66424560546875) 90.9842147827 [ 0.09119651]
403 garray(89.65060424804688) 90.8940811157 [ 0.09124356]
404 garray(89.65301513671875) 90.9917068481 [ 0.09125229]
405 garray(89.66184997558594) 90.9492874146 [ 0.09126489]
406 garray(89.6664047241211) 90.9677505493 [ 0.09123483]
407 garray(89.56267547607422) 90.9113388062 [ 0.09125249]
408 garray(89.67425537109375) 90.9964981079 [ 0.09123089]
409 garray(89.64293670654297) 90.9369888306 [ 0.09120719]
410 garray(89.6602783203125) 90.9338302612 [ 0.09122236]
411 garray(89.7476806640625) 90.947479248 [ 0.09123962]
412 garray(89.58973693847656) 90.8583984375 [ 0.09126787]
413 garray(89.60242462158203) 91.01587677 [ 0.09130547]
414 garray(89.70579528808594) 90.9398574829 [ 0.09129629]
415 garray(89.69060516357422) 90.9693450928 [ 0.09126005]
416 garray(89.7047348022461) 90.8320007324 [ 0.09123511]
417 garray(89.63288116455078) 90.925201416 [ 0.09124573]
418 garray(89.66345977783203) 90.9672470093 [ 0.09119853]
419 garray(89.62388610839844) 90.9102401733 [ 0.0912322]
420 garray(89.70639038085938) 90.9284667969 [ 0.09123062]
421 garray(89.62017822265625) 90.9884567261 [ 0.0912162]
422 garray(89.71044921875) 90.9371414185 [ 0.09123744]
423 garray(89.6667709350586) 90.9270401001 [ 0.09123129]
424 garray(89.67166137695312) 90.9664840698 [ 0.09118586]
425 garray(89.61419677734375) 90.9190597534 [ 0.09120839]
426 garray(89.65957641601562) 90.9626159668 [ 0.09118197]
427 garray(89.66690063476562) 90.9671554565 [ 0.09111605]
428 garray(89.57125854492188) 90.8928985596 [ 0.09113205]
429 garray(89.6578140258789) 90.8763198853 [ 0.09115722]
430 garray(89.57228088378906) 90.8439178467 [ 0.09115372]
431 garray(89.65233612060547) 90.9444961548 [ 0.09118517]
432 garray(89.56475830078125) 90.9906005859 [ 0.09115583]
433 garray(89.67186737060547) 90.9370346069 [ 0.09114447]
434 garray(89.64093780517578) 90.9664382935 [ 0.09118517]
435 garray(89.71882629394531) 90.9377670288 [ 0.09118451]
436 garray(89.73680114746094) 91.0023193359 [ 0.09119564]
437 garray(89.60183715820312) 90.9967346191 [ 0.09119392]
438 garray(89.67716979980469) 90.934387207 [ 0.09119642]
439 garray(89.69142150878906) 90.9472885132 [ 0.09116073]
440 garray(89.57263946533203) 90.8993606567 [ 0.09114549]
441 garray(89.62348937988281) 90.9474945068 [ 0.09116356]
442 garray(89.6322250366211) 90.9209594727 [ 0.09111977]
443 garray(89.65596008300781) 90.9201812744 [ 0.09112802]
444 garray(89.63890075683594) 90.9438247681 [ 0.09109556]
445 garray(89.68714904785156) 90.8937683105 [ 0.09114176]
446 garray(89.58348083496094) 90.9471664429 [ 0.09108933]
447 garray(89.69068145751953) 90.9769973755 [ 0.09113526]
448 garray(89.63488006591797) 90.9280014038 [ 0.09115495]
449 garray(89.6639404296875) 90.9577407837 [ 0.09115826]
450 garray(89.68978881835938) 90.9753952026 [ 0.09116747]
451 garray(89.72406768798828) 90.9211807251 [ 0.0911472]
452 garray(89.68978881835938) 90.9717559814 [ 0.09117959]
453 garray(89.53401947021484) 90.9166641235 [ 0.09116122]
454 garray(89.64637756347656) 90.9217147827 [ 0.09117231]
455 garray(89.60433959960938) 90.9250869751 [ 0.09116639]
456 garray(89.66221618652344) 90.9406204224 [ 0.09120706]
457 garray(89.65196990966797) 90.9141769409 [ 0.09119686]
458 garray(89.6666259765625) 90.9749908447 [ 0.09124019]
459 garray(89.63782501220703) 90.9168243408 [ 0.09123595]
460 garray(89.67797088623047) 90.9217987061 [ 0.09123457]
461 garray(89.61127471923828) 90.97315979 [ 0.09118466]
462 garray(89.60331726074219) 90.8813858032 [ 0.09117074]
463 garray(89.63874053955078) 90.8684997559 [ 0.09119753]
464 garray(89.64823913574219) 90.9550552368 [ 0.09121218]
465 garray(89.66936492919922) 90.9240875244 [ 0.09118906]
466 garray(89.73080444335938) 90.943397522 [ 0.09119218]
467 garray(89.70585632324219) 90.9310379028 [ 0.09120642]
468 garray(89.62805938720703) 90.9921951294 [ 0.09119001]
469 garray(89.60167694091797) 90.9633102417 [ 0.09120193]
470 garray(89.64397430419922) 90.9235839844 [ 0.09121067]
471 garray(89.67804718017578) 90.9052505493 [ 0.09121095]
472 garray(89.64566040039062) 90.9290466309 [ 0.09120852]
473 garray(89.73485565185547) 90.9915542603 [ 0.09122742]
474 garray(89.63780975341797) 90.9220352173 [ 0.09121046]
475 garray(89.70337677001953) 90.9540481567 [ 0.09119465]
476 garray(89.5718994140625) 90.9379577637 [ 0.09119232]
477 garray(89.63957977294922) 90.9424362183 [ 0.09112946]
478 garray(89.65741729736328) 90.9517288208 [ 0.09116514]
479 garray(89.64840698242188) 90.8775558472 [ 0.09114665]
480 garray(89.63323974609375) 90.9194793701 [ 0.09114242]
481 garray(89.5655746459961) 90.935256958 [ 0.0911682]
482 garray(89.72799682617188) 90.9581604004 [ 0.09117857]
483 garray(89.71025085449219) 90.9448013306 [ 0.09120538]
484 garray(89.67528533935547) 90.9203414917 [ 0.0911747]
485 garray(89.68254089355469) 90.9156799316 [ 0.09115543]
486 garray(89.64017486572266) 90.9528198242 [ 0.09118399]
487 garray(89.68487548828125) 90.9547348022 [ 0.09117202]
488 garray(89.7000961303711) 90.945854187 [ 0.09117775]
489 garray(89.66156005859375) 90.9169998169 [ 0.09115422]
490 garray(89.70296478271484) 90.9386901855 [ 0.09118018]
491 garray(89.6007308959961) 90.9194564819 [ 0.09116687]
492 garray(89.64405059814453) 90.8827056885 [ 0.0911579]
493 garray(89.71934509277344) 90.8923568726 [ 0.09118091]
494 garray(89.6028060913086) 90.9528274536 [ 0.09120709]
495 garray(89.65861511230469) 90.973526001 [ 0.0911472]
496 garray(89.64309692382812) 90.9446182251 [ 0.09112308]
497 garray(89.61946105957031) 90.948600769 [ 0.09116831]
498 garray(89.56376647949219) 90.9341812134 [ 0.09116428]
499 garray(89.68148040771484) 90.9424972534 [ 0.09118643]
creating pickled numpy output
wrote pickled numpy output
Final validation loss
garray(90.92060089111328)
Final test loss
garray(90.22571563720703)
Final estimated test NLL
87.3014659
Theano: Initializing cuBLAS
