(50000L, 784L)
compiled score function
Old best loss:
garray(91.06180572509766)
Compiled loss functions
0 garray(89.79383850097656) 91.0638961792 [ 0.09967634]
1 garray(89.80857849121094) 91.0844192505 [ 0.09956221]
2 garray(89.77015686035156) 91.0592575073 [ 0.09954438]
3 garray(89.7863998413086) 91.0067596436 [ 0.09951087]
4 garray(89.74959564208984) 91.0506362915 [ 0.09944505]
5 garray(89.72745513916016) 91.098777771 [ 0.09944489]
6 garray(89.79903411865234) 91.0380401611 [ 0.09949505]
7 garray(89.75641632080078) 91.0475158691 [ 0.09956777]
8 garray(89.75798034667969) 91.0461044312 [ 0.09952754]
9 garray(89.78205108642578) 91.0691986084 [ 0.09947033]
10 garray(89.79171752929688) 91.0830764771 [ 0.09943223]
11 garray(89.85625457763672) 91.0493545532 [ 0.09944592]
12 garray(89.73786926269531) 91.1483383179 [ 0.09947424]
13 garray(89.85467529296875) 91.1438140869 [ 0.09948033]
14 garray(89.73204040527344) 91.0866851807 [ 0.09943467]
15 garray(89.77875518798828) 91.1215667725 [ 0.0994998]
16 garray(89.83599853515625) 91.0541610718 [ 0.0995547]
17 garray(89.82789611816406) 91.0897674561 [ 0.09957993]
18 garray(89.76561737060547) 91.055015564 [ 0.09956669]
19 garray(89.80181884765625) 91.0464782715 [ 0.09948203]
20 garray(89.7747573852539) 91.0820541382 [ 0.09948185]
21 garray(89.7391357421875) 91.0538406372 [ 0.09955229]
22 garray(89.76117706298828) 91.0593414307 [ 0.09946388]
23 garray(89.81035614013672) 91.0731658936 [ 0.09952757]
24 garray(89.7469711303711) 91.1134567261 [ 0.09957108]
25 garray(89.78013610839844) 91.1188354492 [ 0.0995759]
26 garray(89.86721801757812) 91.0928573608 [ 0.09959236]
27 garray(89.7745361328125) 91.0729370117 [ 0.0996123]
28 garray(89.7521743774414) 91.0532150269 [ 0.09962964]
29 garray(89.7452163696289) 91.0418243408 [ 0.0996222]
30 garray(89.78091430664062) 91.1175765991 [ 0.09965661]
31 garray(89.81675720214844) 91.0003890991 [ 0.09950495]
32 garray(89.7132339477539) 91.0613708496 [ 0.09952415]
33 garray(89.85537719726562) 91.1179275513 [ 0.0996417]
34 garray(89.88240814208984) 91.0728378296 [ 0.09956795]
35 garray(89.7005844116211) 91.0685043335 [ 0.0995843]
36 garray(89.8149642944336) 91.090057373 [ 0.09966805]
37 garray(89.7472152709961) 91.0768203735 [ 0.09968389]
38 garray(89.70430755615234) 91.0219573975 [ 0.09969294]
39 garray(89.73347473144531) 91.0793151855 [ 0.0996946]
40 garray(89.68843841552734) 91.0731506348 [ 0.09971792]
41 garray(89.83316040039062) 91.0661392212 [ 0.0997468]
42 garray(89.78956604003906) 91.0342178345 [ 0.0996897]
43 garray(89.73713684082031) 91.1143341064 [ 0.09964893]
44 garray(89.77772521972656) 91.0222396851 [ 0.09958867]
45 garray(89.79483795166016) 91.111579895 [ 0.09959097]
46 garray(89.80967712402344) 91.1130142212 [ 0.09965319]
47 garray(89.76313781738281) 91.0069351196 [ 0.09968988]
48 garray(89.69853973388672) 91.0781784058 [ 0.09972514]
49 garray(89.73719787597656) 91.0399398804 [ 0.09983861]
50 garray(89.79554748535156) 91.0317993164 [ 0.09977287]
51 garray(89.73513793945312) 91.0755157471 [ 0.09967812]
52 garray(89.68864440917969) 91.0619812012 [ 0.09963241]
53 garray(89.73279571533203) 91.0560150146 [ 0.09966485]
54 garray(89.77515411376953) 91.0598144531 [ 0.09959771]
55 garray(89.75856018066406) 91.0882339478 [ 0.09970157]
56 garray(89.79317474365234) 91.048614502 [ 0.09962937]
57 garray(89.78521728515625) 91.0866470337 [ 0.09966148]
58 garray(89.71647644042969) 91.0227813721 [ 0.09966304]
59 garray(89.74983978271484) 91.1086578369 [ 0.09961395]
60 garray(89.77452087402344) 91.0844039917 [ 0.09969602]
61 garray(89.76224517822266) 91.065071106 [ 0.09967948]
62 garray(89.81816101074219) 91.0762710571 [ 0.0996954]
63 garray(89.69638061523438) 91.0592575073 [ 0.09966204]
64 garray(89.77875518798828) 91.0643539429 [ 0.09973528]
65 garray(89.76445007324219) 91.0170211792 [ 0.0997133]
66 garray(89.81324005126953) 91.1106872559 [ 0.09977768]
67 garray(89.76272583007812) 91.0479660034 [ 0.09974389]
68 garray(89.81083679199219) 91.0268783569 [ 0.09965777]
69 garray(89.72142028808594) 91.0328369141 [ 0.0997412]
70 garray(89.76837921142578) 91.0205688477 [ 0.09967457]
71 garray(89.78689575195312) 91.0244140625 [ 0.09966184]
72 garray(89.7132339477539) 91.0504608154 [ 0.0996209]
73 garray(89.8355712890625) 91.0882568359 [ 0.09965053]
74 garray(89.76099395751953) 91.0873794556 [ 0.09961134]
75 garray(89.78107452392578) 91.0522613525 [ 0.09975969]
76 garray(89.7796401977539) 91.0571212769 [ 0.09976071]
77 garray(89.69464874267578) 91.0436553955 [ 0.09967197]
78 garray(89.79303741455078) 91.0973205566 [ 0.09962778]
79 garray(89.76586151123047) 91.1120376587 [ 0.09970472]
80 garray(89.75100708007812) 91.0501098633 [ 0.09972672]
81 garray(89.78849029541016) 91.0398788452 [ 0.09973971]
82 garray(89.79386138916016) 91.0628356934 [ 0.09976338]
83 garray(89.7168197631836) 91.0078964233 [ 0.09972728]
84 garray(89.79496002197266) 91.0203170776 [ 0.09974614]
85 garray(89.73743438720703) 91.0480957031 [ 0.09981221]
86 garray(89.7987289428711) 91.0451965332 [ 0.09967955]
87 garray(89.80713653564453) 91.1090087891 [ 0.0998191]
88 garray(89.78535461425781) 91.0580978394 [ 0.09987488]
89 garray(89.80097961425781) 91.0774154663 [ 0.0997983]
90 garray(89.72342681884766) 91.0882949829 [ 0.09978614]
91 garray(89.81655883789062) 90.9990310669 [ 0.09978993]
92 garray(89.75841522216797) 91.0785446167 [ 0.09983541]
93 garray(89.80005645751953) 91.0442199707 [ 0.0997578]
94 garray(89.68119812011719) 91.0636291504 [ 0.09970433]
95 garray(89.76969909667969) 91.088684082 [ 0.09975588]
96 garray(89.80257415771484) 91.0662384033 [ 0.09985774]
97 garray(89.73609924316406) 91.033454895 [ 0.09985581]
98 garray(89.73307800292969) 91.0779571533 [ 0.09991198]
99 garray(89.8077163696289) 91.0381011963 [ 0.0998065]
100 garray(89.8127670288086) 91.042640686 [ 0.09975539]
101 garray(89.7115707397461) 91.0834579468 [ 0.09978106]
102 garray(89.80577850341797) 91.0509567261 [ 0.09972766]
103 garray(89.80445098876953) 91.052444458 [ 0.09980852]
104 garray(89.76237487792969) 91.1150741577 [ 0.09973255]
105 garray(89.77703857421875) 91.0181808472 [ 0.09990749]
106 garray(89.7664794921875) 91.0318145752 [ 0.09983514]
107 garray(89.81179809570312) 91.1048278809 [ 0.09980659]
108 garray(89.66773986816406) 91.0965576172 [ 0.09982628]
109 garray(89.73700714111328) 91.0692596436 [ 0.09980982]
110 garray(89.77079772949219) 91.0796585083 [ 0.09979254]
111 garray(89.74005889892578) 91.0923080444 [ 0.09981668]
112 garray(89.85102844238281) 91.0577850342 [ 0.09985996]
113 garray(89.74427795410156) 91.0123977661 [ 0.0999764]
114 garray(89.76741790771484) 91.0543212891 [ 0.09988529]
115 garray(89.76709747314453) 91.0726470947 [ 0.09990053]
116 garray(89.8018569946289) 91.0785140991 [ 0.09984329]
117 garray(89.76194763183594) 91.0498504639 [ 0.09987623]
118 garray(89.80558013916016) 91.0857162476 [ 0.09989786]
119 garray(89.7107162475586) 91.1607589722 [ 0.09989437]
120 garray(89.76660919189453) 91.0811462402 [ 0.09990865]
121 garray(89.74473571777344) 91.0518951416 [ 0.09987198]
122 garray(89.76388549804688) 91.0969161987 [ 0.09980064]
123 garray(89.77207946777344) 91.0490341187 [ 0.09987575]
124 garray(89.76676940917969) 91.0417709351 [ 0.09992967]
125 garray(89.79680633544922) 90.9813766479 [ 0.09995843]
126 garray(89.8005599975586) 91.0692672729 [ 0.09998931]
127 garray(89.75007629394531) 91.0469665527 [ 0.0999502]
128 garray(89.77674865722656) 91.0657958984 [ 0.10000599]
129 garray(89.78108978271484) 91.0447769165 [ 0.10004691]
130 garray(89.69163513183594) 91.0596084595 [ 0.10005834]
131 garray(89.81927490234375) 91.0554046631 [ 0.10008841]
132 garray(89.74678039550781) 91.0670852661 [ 0.10003179]
133 garray(89.72982025146484) 91.0406494141 [ 0.09999804]
134 garray(89.75238037109375) 91.0412063599 [ 0.0999403]
135 garray(89.70502471923828) 91.058380127 [ 0.09995623]
136 garray(89.8128662109375) 91.1219482422 [ 0.09986512]
137 garray(89.73687744140625) 91.0644454956 [ 0.09988688]
138 garray(89.79483795166016) 91.0710067749 [ 0.09993425]
139 garray(89.83026123046875) 91.0674362183 [ 0.09996002]
140 garray(89.79137420654297) 91.0563354492 [ 0.10002791]
141 garray(89.82197570800781) 91.0759887695 [ 0.10002869]
142 garray(89.82461547851562) 91.0729446411 [ 0.09999701]
143 garray(89.74081420898438) 91.0333786011 [ 0.1000121]
144 garray(89.80081939697266) 91.0189743042 [ 0.10007808]
145 garray(89.76622009277344) 91.0375289917 [ 0.10008343]
146 garray(89.72715759277344) 90.9931564331 [ 0.10012811]
147 garray(89.67129516601562) 91.1053695679 [ 0.10013591]
148 garray(89.82251739501953) 91.1194992065 [ 0.10020076]
149 garray(89.78559875488281) 91.0934906006 [ 0.10003647]
150 garray(89.76200103759766) 91.0555953979 [ 0.10011742]
151 garray(89.71821594238281) 91.0434494019 [ 0.10010141]
152 garray(89.80337524414062) 91.0995559692 [ 0.1001043]
153 garray(89.72735595703125) 91.0435791016 [ 0.10009852]
154 garray(89.81436920166016) 91.0481567383 [ 0.10011193]
155 garray(89.80538940429688) 91.1113510132 [ 0.10002073]
156 garray(89.77067565917969) 91.0866012573 [ 0.10007255]
157 garray(89.70664978027344) 91.061630249 [ 0.10010055]
158 garray(89.71623992919922) 91.0924453735 [ 0.10005006]
159 garray(89.7647705078125) 91.0434799194 [ 0.1000214]
160 garray(89.73250579833984) 91.0139007568 [ 0.1000337]
161 garray(89.69055938720703) 91.1103363037 [ 0.10002192]
162 garray(89.8277587890625) 90.9998550415 [ 0.10012722]
163 garray(89.76041412353516) 91.0503692627 [ 0.10008147]
164 garray(89.8408203125) 90.9996566772 [ 0.10013283]
165 garray(89.69366455078125) 91.0731201172 [ 0.10019685]
166 garray(89.7484359741211) 91.0300369263 [ 0.10014483]
167 garray(89.73204040527344) 90.9896240234 [ 0.10012195]
168 garray(89.67786407470703) 91.0592651367 [ 0.10013183]
169 garray(89.77156829833984) 91.0079574585 [ 0.10009216]
170 garray(89.743408203125) 91.0194702148 [ 0.10011458]
171 garray(89.7559814453125) 91.088394165 [ 0.1001721]
172 garray(89.7706298828125) 91.0695953369 [ 0.10018394]
173 garray(89.76143646240234) 91.0582962036 [ 0.10019814]
174 garray(89.75039672851562) 91.0272293091 [ 0.10015478]
175 garray(89.7509994506836) 90.9679489136 [ 0.10018473]
176 garray(89.73481750488281) 91.020614624 [ 0.10011036]
177 garray(89.75138092041016) 91.0371398926 [ 0.10017847]
178 garray(89.68171691894531) 91.0559310913 [ 0.10011487]
179 garray(89.83152770996094) 91.0330581665 [ 0.10018616]
180 garray(89.7265396118164) 91.1075286865 [ 0.10017976]
181 garray(89.73355865478516) 91.046875 [ 0.10021874]
182 garray(89.75299835205078) 91.0700378418 [ 0.10021167]
183 garray(89.7369384765625) 91.0793151855 [ 0.10021974]
184 garray(89.77515411376953) 91.051574707 [ 0.10027061]
185 garray(89.73127746582031) 91.0617446899 [ 0.10023103]
186 garray(89.7676010131836) 91.0569000244 [ 0.10027935]
187 garray(89.69247436523438) 91.0408401489 [ 0.1001831]
188 garray(89.65935516357422) 91.0032958984 [ 0.10023088]
189 garray(89.78102111816406) 91.0162506104 [ 0.10021745]
190 garray(89.73711395263672) 91.0615005493 [ 0.10020742]
191 garray(89.73558044433594) 91.0079345703 [ 0.10019592]
192 garray(89.72945404052734) 91.0135955811 [ 0.10022432]
193 garray(89.7769546508789) 91.0589599609 [ 0.10025657]
194 garray(89.67179107666016) 91.0830383301 [ 0.10020482]
195 garray(89.76374053955078) 90.9852600098 [ 0.10024007]
196 garray(89.72129821777344) 90.9826202393 [ 0.10035027]
197 garray(89.74597930908203) 91.0529403687 [ 0.10033749]
198 garray(89.64110565185547) 91.0102767944 [ 0.10035201]
199 garray(89.7507553100586) 91.0706939697 [ 0.10037769]
200 garray(89.72309112548828) 91.0672607422 [ 0.10028288]
201 garray(89.73529052734375) 91.0877380371 [ 0.10032765]
202 garray(89.72107696533203) 91.0906677246 [ 0.1003614]
203 garray(89.77137756347656) 91.0534362793 [ 0.10030377]
204 garray(89.74752044677734) 91.0291595459 [ 0.10024167]
205 garray(89.8024673461914) 91.0769348145 [ 0.10021069]
206 garray(89.74859619140625) 91.0197753906 [ 0.10027581]
207 garray(89.7071304321289) 91.0667572021 [ 0.1002569]
208 garray(89.72185516357422) 91.0487365723 [ 0.1003682]
209 garray(89.7640380859375) 91.0385742188 [ 0.1003223]
210 garray(89.70115661621094) 91.0344543457 [ 0.10031652]
211 garray(89.77517700195312) 91.0438079834 [ 0.10036873]
212 garray(89.74641418457031) 91.0503845215 [ 0.1003155]
213 garray(89.70408630371094) 91.0211791992 [ 0.1002871]
214 garray(89.7481460571289) 91.0867004395 [ 0.10040279]
215 garray(89.7645492553711) 91.045425415 [ 0.1003458]
216 garray(89.75791931152344) 91.0039596558 [ 0.1004096]
217 garray(89.73741149902344) 91.0441513062 [ 0.10037157]
218 garray(89.76296997070312) 91.0335693359 [ 0.10036164]
219 garray(89.72200012207031) 91.0412139893 [ 0.10043328]
220 garray(89.7566146850586) 91.0938949585 [ 0.10037105]
221 garray(89.80815887451172) 91.0537109375 [ 0.1003523]
222 garray(89.7227783203125) 91.0163574219 [ 0.1003743]
223 garray(89.78573608398438) 91.0009155273 [ 0.10030805]
224 garray(89.75170135498047) 91.0798950195 [ 0.10033481]
225 garray(89.75177001953125) 91.0365142822 [ 0.10037367]
226 garray(89.68937683105469) 91.0459365845 [ 0.10035617]
227 garray(89.77719116210938) 91.0351409912 [ 0.10040509]
228 garray(89.71903991699219) 91.023399353 [ 0.10050622]
229 garray(89.73685455322266) 90.9824752808 [ 0.10045727]
230 garray(89.73416137695312) 91.0572967529 [ 0.10046379]
231 garray(89.74755096435547) 91.043548584 [ 0.10046071]
232 garray(89.72162628173828) 91.0249099731 [ 0.10042425]
233 garray(89.73717498779297) 91.0757369995 [ 0.10030797]
234 garray(89.70125579833984) 91.0719070435 [ 0.10039572]
235 garray(89.76249694824219) 91.0426940918 [ 0.10035387]
236 garray(89.7811279296875) 91.0250701904 [ 0.10037824]
237 garray(89.81063842773438) 90.9916763306 [ 0.10048083]
238 garray(89.8787612915039) 91.0701446533 [ 0.10050562]
239 garray(89.68003845214844) 91.0212783813 [ 0.10053045]
240 garray(89.76498413085938) 91.0621948242 [ 0.10048098]
241 garray(89.68061828613281) 91.0879058838 [ 0.10046982]
242 garray(89.75577545166016) 91.0600585938 [ 0.10049943]
243 garray(89.77234649658203) 91.0456390381 [ 0.10048236]
244 garray(89.734375) 91.0293197632 [ 0.10041983]
245 garray(89.69140625) 91.0456542969 [ 0.10046191]
246 garray(89.72709655761719) 91.0197143555 [ 0.10047388]
247 garray(89.70167541503906) 91.0865097046 [ 0.10054212]
248 garray(89.78679656982422) 91.0988540649 [ 0.10050839]
249 garray(89.80722045898438) 91.0007705688 [ 0.10048977]
250 garray(89.71926879882812) 90.9949188232 [ 0.10049489]
251 garray(89.74385070800781) 91.0779342651 [ 0.10040215]
252 garray(89.7939453125) 91.0428771973 [ 0.10048841]
253 garray(89.68185424804688) 91.0095748901 [ 0.10049489]
254 garray(89.70520782470703) 91.0279083252 [ 0.10057683]
255 garray(89.72767639160156) 91.0723190308 [ 0.10052142]
256 garray(89.71321868896484) 91.0344390869 [ 0.10039111]
257 garray(89.74759674072266) 91.0185546875 [ 0.10037332]
258 garray(89.72407531738281) 91.029258728 [ 0.10046905]
259 garray(89.7818603515625) 91.0379562378 [ 0.10048466]
260 garray(89.66519927978516) 91.037361145 [ 0.10046054]
261 garray(89.74440002441406) 91.046295166 [ 0.10053614]
262 garray(89.7452392578125) 91.029800415 [ 0.10057798]
263 garray(89.77767944335938) 91.0442581177 [ 0.10060185]
264 garray(89.78711700439453) 91.0684585571 [ 0.10069807]
265 garray(89.69658660888672) 91.0883560181 [ 0.10067767]
266 garray(89.75984954833984) 91.1666107178 [ 0.10055087]
267 garray(89.72985076904297) 91.0957107544 [ 0.10064485]
268 garray(89.70661926269531) 91.0354690552 [ 0.10071075]
269 garray(89.69735717773438) 91.0998764038 [ 0.10063636]
270 garray(89.70573425292969) 90.9894104004 [ 0.10064978]
271 garray(89.7228012084961) 91.0187454224 [ 0.10059946]
272 garray(89.72027587890625) 91.0270767212 [ 0.10058119]
273 garray(89.7309341430664) 91.0387039185 [ 0.10061172]
274 garray(89.6935806274414) 91.0447998047 [ 0.10061005]
275 garray(89.7437973022461) 91.0950088501 [ 0.10058939]
276 garray(89.74729919433594) 91.0206069946 [ 0.10065779]
277 garray(89.72695922851562) 91.0302200317 [ 0.10069422]
278 garray(89.81084442138672) 91.0298995972 [ 0.10063973]
279 garray(89.71543884277344) 91.016204834 [ 0.10063621]
280 garray(89.74161529541016) 91.0638656616 [ 0.10061141]
281 garray(89.72370910644531) 91.0550765991 [ 0.10059723]
282 garray(89.76372528076172) 90.9809112549 [ 0.10056918]
283 garray(89.74119567871094) 91.0729751587 [ 0.10060742]
284 garray(89.7702407836914) 91.0327758789 [ 0.10062084]
285 garray(89.68473815917969) 91.0198440552 [ 0.10072296]
286 garray(89.77132415771484) 91.0259399414 [ 0.10069336]
287 garray(89.73583984375) 91.0717544556 [ 0.10068286]
288 garray(89.73896026611328) 91.0336380005 [ 0.10066941]
289 garray(89.7282943725586) 91.0458602905 [ 0.10061926]
290 garray(89.76652526855469) 90.9934158325 [ 0.10056067]
291 garray(89.7178955078125) 91.0385971069 [ 0.10062079]
292 garray(89.69768524169922) 90.95262146 [ 0.10057146]
293 garray(89.67498016357422) 91.0175704956 [ 0.10063339]
294 garray(89.74597930908203) 91.0274810791 [ 0.10060641]
295 garray(89.75789642333984) 91.0358963013 [ 0.10070996]
296 garray(89.74697875976562) 91.0610961914 [ 0.1007219]
297 garray(89.72457885742188) 91.084274292 [ 0.10076397]
298 garray(89.72174072265625) 91.0463562012 [ 0.10067984]
299 garray(89.72459411621094) 91.0251159668 [ 0.100727]
300 garray(89.67454528808594) 90.9766159058 [ 0.10067415]
301 garray(89.70321655273438) 91.0107345581 [ 0.10072092]
302 garray(89.6329345703125) 91.0498809814 [ 0.10074361]
303 garray(89.81131744384766) 91.0348052979 [ 0.10078362]
304 garray(89.72702026367188) 90.9987564087 [ 0.10081374]
305 garray(89.75621795654297) 91.0280151367 [ 0.10085518]
306 garray(89.75862121582031) 91.0684890747 [ 0.1007824]
307 garray(89.71853637695312) 91.0242767334 [ 0.10081125]
308 garray(89.71231079101562) 91.0464782715 [ 0.10086279]
309 garray(89.67219543457031) 91.0837097168 [ 0.10078987]
310 garray(89.75265502929688) 90.9935684204 [ 0.10074926]
311 garray(89.73139953613281) 91.0300598145 [ 0.10077058]
312 garray(89.7530746459961) 91.0726776123 [ 0.10088149]
313 garray(89.7789306640625) 90.9977340698 [ 0.10089435]
314 garray(89.74656677246094) 91.0922164917 [ 0.1009105]
315 garray(89.76713562011719) 91.0463409424 [ 0.10090494]
316 garray(89.70723724365234) 91.0340270996 [ 0.10082867]
317 garray(89.8100357055664) 91.0522460938 [ 0.10087378]
318 garray(89.734619140625) 91.0576782227 [ 0.10075275]
319 garray(89.81211853027344) 91.0699386597 [ 0.10079964]
320 garray(89.80297088623047) 91.0356140137 [ 0.1008117]
321 garray(89.65478515625) 91.0124359131 [ 0.10085968]
322 garray(89.71920776367188) 91.0296783447 [ 0.10094745]
323 garray(89.73539733886719) 91.0291976929 [ 0.10084639]
324 garray(89.75397491455078) 91.0747146606 [ 0.10085903]
325 garray(89.78260040283203) 91.087638855 [ 0.10079662]
326 garray(89.74015808105469) 91.0431976318 [ 0.10085082]
327 garray(89.70203399658203) 91.0225982666 [ 0.10089392]
328 garray(89.75647735595703) 91.0364685059 [ 0.10093718]
329 garray(89.70259857177734) 91.0375366211 [ 0.10085618]
330 garray(89.69205474853516) 91.1057891846 [ 0.10086899]
331 garray(89.71947479248047) 91.0445785522 [ 0.10085714]
332 garray(89.71128845214844) 91.02759552 [ 0.10086198]
333 garray(89.71530151367188) 91.1245040894 [ 0.10091229]
334 garray(89.84021759033203) 91.0326690674 [ 0.10094137]
335 garray(89.83848571777344) 91.005355835 [ 0.10101657]
336 garray(89.73611450195312) 91.0654373169 [ 0.10091517]
337 garray(89.74552154541016) 91.0490341187 [ 0.10091909]
338 garray(89.73749542236328) 91.0335998535 [ 0.10096913]
339 garray(89.71939849853516) 91.0137939453 [ 0.10096106]
340 garray(89.74974060058594) 91.0699386597 [ 0.10105758]
341 garray(89.68592071533203) 91.0085678101 [ 0.10097623]
342 garray(89.74966430664062) 90.9982376099 [ 0.10089543]
343 garray(89.7379379272461) 91.0267410278 [ 0.10097563]
344 garray(89.77317810058594) 91.0426864624 [ 0.10093938]
345 garray(89.69234466552734) 91.0456466675 [ 0.10096243]
346 garray(89.77169036865234) 90.9810791016 [ 0.10099439]
347 garray(89.69564056396484) 91.0136871338 [ 0.1009562]
348 garray(89.69905853271484) 91.0782775879 [ 0.10089917]
349 garray(89.74163055419922) 91.0061645508 [ 0.10088212]
350 garray(89.80484771728516) 91.0501403809 [ 0.10084653]
351 garray(89.72415924072266) 91.081199646 [ 0.10098459]
352 garray(89.62477111816406) 91.0226974487 [ 0.10092249]
353 garray(89.67379760742188) 90.95337677 [ 0.10097019]
354 garray(89.71739959716797) 91.0461349487 [ 0.10091766]
355 garray(89.7964859008789) 91.0132598877 [ 0.1009006]
356 garray(89.69139099121094) 91.0507583618 [ 0.10101341]
357 garray(89.66181945800781) 90.9946899414 [ 0.10096748]
358 garray(89.6729965209961) 91.0338973999 [ 0.10098653]
359 garray(89.78843688964844) 91.0681991577 [ 0.10097086]
360 garray(89.78289794921875) 91.0497970581 [ 0.10109449]
361 garray(89.73355865478516) 91.0244598389 [ 0.10111724]
362 garray(89.72513580322266) 91.0467910767 [ 0.1011405]
363 garray(89.768798828125) 91.0497970581 [ 0.1011839]
364 garray(89.81330108642578) 91.0499572754 [ 0.10109981]
365 garray(89.75605773925781) 91.0057373047 [ 0.10093239]
366 garray(89.68523406982422) 91.0328140259 [ 0.10102261]
367 garray(89.7594985961914) 91.0109863281 [ 0.10099772]
368 garray(89.64788055419922) 91.0197372437 [ 0.1010553]
369 garray(89.69622802734375) 91.015296936 [ 0.10106546]
370 garray(89.71725463867188) 91.0054168701 [ 0.10109864]
371 garray(89.77859497070312) 90.998298645 [ 0.101201]
372 garray(89.7422103881836) 91.0271987915 [ 0.10123351]
373 garray(89.73983001708984) 90.9657897949 [ 0.10113484]
374 garray(89.77289581298828) 91.039604187 [ 0.10113817]
375 garray(89.7733383178711) 91.0278549194 [ 0.10116002]
376 garray(89.72713470458984) 90.9958190918 [ 0.10116093]
377 garray(89.72932434082031) 91.0404052734 [ 0.10120187]
378 garray(89.73709869384766) 91.0102005005 [ 0.10115105]
379 garray(89.71480560302734) 90.9621200562 [ 0.10118309]
380 garray(89.691650390625) 90.9868011475 [ 0.10113765]
381 garray(89.67229461669922) 91.0180664062 [ 0.10111962]
382 garray(89.73526763916016) 90.9653167725 [ 0.10110274]
383 garray(89.70781707763672) 90.9977111816 [ 0.10103589]
384 garray(89.68879699707031) 91.0477676392 [ 0.10114055]
385 garray(89.7011947631836) 90.9866867065 [ 0.10109979]
386 garray(89.76042938232422) 90.978225708 [ 0.10113508]
387 garray(89.70626068115234) 91.0156555176 [ 0.10108867]
388 garray(89.71456146240234) 90.9720993042 [ 0.10104059]
389 garray(89.7619857788086) 91.0051574707 [ 0.101123]
390 garray(89.69955444335938) 91.0639190674 [ 0.10111453]
391 garray(89.77383422851562) 91.0476608276 [ 0.10110641]
392 garray(89.73587799072266) 91.0249938965 [ 0.10104871]
393 garray(89.71564483642578) 91.0520477295 [ 0.10112575]
394 garray(89.75354766845703) 91.0668106079 [ 0.10116407]
395 garray(89.6830062866211) 91.0473175049 [ 0.10122343]
396 garray(89.71179962158203) 91.0216140747 [ 0.10117316]
397 garray(89.6826171875) 91.005317688 [ 0.10125728]
398 garray(89.67259979248047) 90.9863967896 [ 0.10117575]
399 garray(89.7527847290039) 91.0201950073 [ 0.10112863]
400 garray(89.69115447998047) 91.007019043 [ 0.10122818]
401 garray(89.73545837402344) 91.0457992554 [ 0.10124893]
402 garray(89.71688079833984) 91.0295639038 [ 0.1011816]
403 garray(89.75355529785156) 90.9939651489 [ 0.10120815]
404 garray(89.62259674072266) 91.0886611938 [ 0.10125248]
405 garray(89.71527862548828) 91.0457000732 [ 0.10123363]
406 garray(89.7032241821289) 91.0685806274 [ 0.10118599]
407 garray(89.73212432861328) 91.0192184448 [ 0.10122945]
408 garray(89.6777572631836) 91.0730743408 [ 0.10111602]
409 garray(89.68135833740234) 91.0299606323 [ 0.10129113]
410 garray(89.69961547851562) 91.0172195435 [ 0.10124169]
411 garray(89.77074432373047) 91.0329208374 [ 0.10126724]
412 garray(89.66475677490234) 90.9595794678 [ 0.10129046]
413 garray(89.63611602783203) 91.0709762573 [ 0.10129812]
414 garray(89.71669006347656) 91.0103149414 [ 0.10125884]
415 garray(89.70822143554688) 91.0598144531 [ 0.10140106]
416 garray(89.67049407958984) 90.9297714233 [ 0.10131914]
417 garray(89.71623992919922) 90.9926757812 [ 0.10129929]
418 garray(89.66716766357422) 91.0635604858 [ 0.10125476]
419 garray(89.70144653320312) 91.0118560791 [ 0.10130863]
420 garray(89.70433044433594) 90.9760055542 [ 0.10131096]
421 garray(89.7915267944336) 91.0998764038 [ 0.10127455]
422 garray(89.70897674560547) 91.028717041 [ 0.10124185]
423 garray(89.75502014160156) 91.0173950195 [ 0.10116664]
424 garray(89.75531768798828) 91.053817749 [ 0.10131998]
425 garray(89.63141632080078) 90.9760360718 [ 0.10131352]
426 garray(89.73178100585938) 91.0323181152 [ 0.10127343]
427 garray(89.7298583984375) 91.0335006714 [ 0.10132643]
428 garray(89.72917938232422) 90.9814758301 [ 0.10144743]
429 garray(89.66503143310547) 90.9640197754 [ 0.1012694]
430 garray(89.65478515625) 90.929397583 [ 0.101264]
431 garray(89.75299072265625) 91.0453414917 [ 0.10133591]
432 garray(89.67184448242188) 91.0801010132 [ 0.10128312]
433 garray(89.71977996826172) 91.0149993896 [ 0.10125179]
434 garray(89.65267944335938) 91.0064468384 [ 0.10131523]
435 garray(89.71944427490234) 91.0342712402 [ 0.10130572]
436 garray(89.6976547241211) 91.0266571045 [ 0.10139785]
437 garray(89.7000961303711) 91.0932998657 [ 0.10137403]
438 garray(89.75328826904297) 91.0154800415 [ 0.10146294]
439 garray(89.75027465820312) 91.0444869995 [ 0.10142543]
440 garray(89.68865966796875) 90.9949188232 [ 0.10140063]
441 garray(89.71485900878906) 91.0211257935 [ 0.10139108]
442 garray(89.71965026855469) 91.0354614258 [ 0.10140085]
443 garray(89.72193908691406) 91.0233688354 [ 0.10141612]
444 garray(89.6278305053711) 91.0415344238 [ 0.10142238]
445 garray(89.78239440917969) 90.9950180054 [ 0.10133222]
446 garray(89.67369079589844) 91.0110168457 [ 0.10136239]
447 garray(89.73741912841797) 91.0727081299 [ 0.10144961]
448 garray(89.71302032470703) 91.0163040161 [ 0.10143266]
449 garray(89.70975494384766) 91.0374603271 [ 0.10141494]
450 garray(89.6639404296875) 91.0552139282 [ 0.10139777]
451 garray(89.73115539550781) 90.9888305664 [ 0.10145867]
452 garray(89.68328094482422) 91.0639572144 [ 0.10144075]
453 garray(89.6766357421875) 91.0236358643 [ 0.10143499]
454 garray(89.75155639648438) 90.9971160889 [ 0.10150819]
455 garray(89.70755004882812) 91.0141296387 [ 0.10158522]
456 garray(89.74274444580078) 91.0258102417 [ 0.10164013]
457 garray(89.73667907714844) 90.978767395 [ 0.10153764]
458 garray(89.7677993774414) 91.0768814087 [ 0.10147637]
459 garray(89.6893539428711) 90.9932174683 [ 0.10154999]
460 garray(89.71675872802734) 91.0051574707 [ 0.1015412]
461 garray(89.6084976196289) 91.0499343872 [ 0.10147485]
462 garray(89.67691802978516) 90.9691162109 [ 0.10143208]
463 garray(89.70441436767578) 90.9491195679 [ 0.10153053]
464 garray(89.73860931396484) 91.0284194946 [ 0.10147769]
465 garray(89.7049560546875) 91.0071640015 [ 0.10156249]
466 garray(89.7881851196289) 91.0165939331 [ 0.10147296]
467 garray(89.72931671142578) 91.0040740967 [ 0.10138217]
468 garray(89.7135009765625) 91.0774307251 [ 0.10135243]
469 garray(89.70880126953125) 91.0634994507 [ 0.10148585]
470 garray(89.66592407226562) 91.0189666748 [ 0.10153702]
471 garray(89.71306610107422) 91.0151748657 [ 0.1015425]
472 garray(89.7527847290039) 91.0014190674 [ 0.10157996]
473 garray(89.7144546508789) 91.0566558838 [ 0.10152746]
474 garray(89.6926498413086) 91.0042114258 [ 0.10157604]
475 garray(89.7696304321289) 91.0542907715 [ 0.10157462]
476 garray(89.66321563720703) 91.0139312744 [ 0.10163134]
477 garray(89.66436767578125) 91.032951355 [ 0.10164196]
478 garray(89.74935150146484) 91.049118042 [ 0.10162927]
479 garray(89.76427459716797) 91.0005340576 [ 0.10165672]
480 garray(89.735595703125) 90.9992446899 [ 0.1016193]
481 garray(89.70833587646484) 91.0298461914 [ 0.10157544]
482 garray(89.72944641113281) 91.0667648315 [ 0.10158334]
483 garray(89.71112060546875) 91.0358200073 [ 0.10156006]
484 garray(89.7208480834961) 90.9840011597 [ 0.10164542]
485 garray(89.70909881591797) 90.9942703247 [ 0.10165706]
486 garray(89.71373748779297) 91.0288543701 [ 0.10157409]
487 garray(89.8164291381836) 91.0464401245 [ 0.10163441]
488 garray(89.7436294555664) 91.0369262695 [ 0.10166783]
489 garray(89.7335205078125) 91.0104370117 [ 0.10167682]
490 garray(89.75345611572266) 91.0267410278 [ 0.10163922]
491 garray(89.62024688720703) 91.0158004761 [ 0.10171199]
492 garray(89.68772888183594) 90.984161377 [ 0.10171096]
493 garray(89.75225830078125) 90.9659194946 [ 0.10176538]
494 garray(89.7440414428711) 91.0230560303 [ 0.10177416]
495 garray(89.67991638183594) 91.0349578857 [ 0.10168689]
496 garray(89.68899536132812) 91.0384750366 [ 0.1016966]
497 garray(89.71572875976562) 91.0150299072 [ 0.10174907]
498 garray(89.68553924560547) 91.0333099365 [ 0.10174111]
499 garray(89.7011489868164) 91.0255813599 [ 0.10170843]
500 garray(89.72441864013672) 91.0433197021 [ 0.10175191]
501 garray(89.6757583618164) 91.0034942627 [ 0.10176285]
502 garray(89.82418823242188) 91.0237045288 [ 0.10165701]
503 garray(89.70568084716797) 91.0105743408 [ 0.10166936]
504 garray(89.65078735351562) 91.01121521 [ 0.10177122]
505 garray(89.72259521484375) 91.0944213867 [ 0.10178498]
506 garray(89.71408081054688) 91.0063171387 [ 0.10173751]
507 garray(89.78047943115234) 91.0589904785 [ 0.10175321]
508 garray(89.67047882080078) 91.0402069092 [ 0.10177267]
509 garray(89.74542999267578) 90.9531173706 [ 0.10172599]
510 garray(89.68006134033203) 91.0263595581 [ 0.1017794]
511 garray(89.7498550415039) 91.0240478516 [ 0.10186726]
512 garray(89.75870513916016) 91.0142288208 [ 0.10179184]
513 garray(89.72213745117188) 91.0303573608 [ 0.1017858]
514 garray(89.73896789550781) 91.0086288452 [ 0.10179889]
515 garray(89.72208404541016) 91.043296814 [ 0.10178287]
516 garray(89.68909454345703) 91.0454711914 [ 0.10175092]
517 garray(89.71720123291016) 91.0388259888 [ 0.10172086]
518 garray(89.75161743164062) 90.9804153442 [ 0.10170742]
519 garray(89.73507690429688) 90.9499282837 [ 0.10178063]
520 garray(89.74517822265625) 90.9874191284 [ 0.10180959]
521 garray(89.68698120117188) 91.0279846191 [ 0.10184768]
522 garray(89.69448852539062) 90.9972381592 [ 0.1019178]
523 garray(89.6612548828125) 91.0405807495 [ 0.10183028]
524 garray(89.73323059082031) 90.9778900146 [ 0.10179386]
525 garray(89.6590576171875) 90.9215240479 [ 0.10182872]
526 garray(89.61650085449219) 90.9654541016 [ 0.10186052]
527 garray(89.64328002929688) 91.0521087646 [ 0.10180682]
528 garray(89.76485443115234) 91.0177993774 [ 0.10188351]
529 garray(89.73709869384766) 90.9934158325 [ 0.10177567]
530 garray(89.67740631103516) 91.0006408691 [ 0.10184077]
531 garray(89.7201156616211) 91.0263595581 [ 0.10179112]
532 garray(89.69491577148438) 90.9696273804 [ 0.1018386]
533 garray(89.65660095214844) 90.937538147 [ 0.10186991]
534 garray(89.65938568115234) 90.9543380737 [ 0.10189667]
535 garray(89.71339416503906) 91.0525360107 [ 0.10182256]
536 garray(89.67045593261719) 90.9865875244 [ 0.10176964]
537 garray(89.67515563964844) 91.0014877319 [ 0.1017312]
538 garray(89.7298812866211) 91.0097579956 [ 0.1016884]
539 garray(89.63481903076172) 90.9919052124 [ 0.10175699]
540 garray(89.70958709716797) 91.0072860718 [ 0.10183868]
541 garray(89.71937561035156) 91.0077209473 [ 0.10185639]
542 garray(89.7268295288086) 90.9828109741 [ 0.10180851]
543 garray(89.71049499511719) 90.9908981323 [ 0.10186849]
544 garray(89.68203735351562) 91.0922088623 [ 0.10185047]
545 garray(89.73870086669922) 91.0723495483 [ 0.10185424]
546 garray(89.71477508544922) 90.9912948608 [ 0.10191932]
547 garray(89.68529510498047) 90.9942169189 [ 0.10191941]
548 garray(89.56861877441406) 91.0247497559 [ 0.10188199]
549 garray(89.70037078857422) 90.990814209 [ 0.10189888]
550 garray(89.66822052001953) 90.994354248 [ 0.10182172]
551 garray(89.68013000488281) 91.0252151489 [ 0.101856]
552 garray(89.69123840332031) 90.9934005737 [ 0.10183406]
553 garray(89.63325500488281) 91.0065460205 [ 0.10193843]
554 garray(89.65052032470703) 91.0033340454 [ 0.1018919]
555 garray(89.74392700195312) 90.9783248901 [ 0.1019166]
556 garray(89.63993072509766) 91.0192871094 [ 0.10194946]
557 garray(89.83594512939453) 91.042755127 [ 0.10187672]
558 garray(89.68851470947266) 90.9988708496 [ 0.10192543]
559 garray(89.7752914428711) 91.0548553467 [ 0.10192555]
560 garray(89.67022705078125) 90.9830551147 [ 0.10189024]
561 garray(89.74382019042969) 91.0100479126 [ 0.10190459]
562 garray(89.6882095336914) 91.0294342041 [ 0.10198677]
563 garray(89.69725799560547) 90.9695205688 [ 0.10197221]
564 garray(89.71189880371094) 90.9826889038 [ 0.10199977]
565 garray(89.71231842041016) 90.9967803955 [ 0.10198952]
566 garray(89.71269989013672) 91.0484008789 [ 0.10190531]
567 garray(89.65206909179688) 91.0239181519 [ 0.10199009]
568 garray(89.67179870605469) 91.03956604 [ 0.1020141]
569 garray(89.66333770751953) 91.0336761475 [ 0.10200206]
570 garray(89.78730010986328) 91.0236968994 [ 0.10203553]
571 garray(89.70443725585938) 90.9663772583 [ 0.10198627]
572 garray(89.68745422363281) 91.0209197998 [ 0.10207588]
573 garray(89.71731567382812) 91.0284042358 [ 0.10202566]
574 garray(89.72271728515625) 91.0448760986 [ 0.10205059]
575 garray(89.72361755371094) 91.000289917 [ 0.10205249]
576 garray(89.68599700927734) 90.9548797607 [ 0.10201013]
577 garray(89.7298355102539) 90.9580612183 [ 0.10202684]
578 garray(89.80416870117188) 91.0616378784 [ 0.10205126]
579 garray(89.70840454101562) 91.0562362671 [ 0.10198152]
580 garray(89.70115661621094) 91.0135803223 [ 0.10199701]
581 garray(89.67596435546875) 91.0319747925 [ 0.10195884]
582 garray(89.78036499023438) 90.9792556763 [ 0.10198742]
583 garray(89.71289825439453) 90.9695281982 [ 0.10204021]
584 garray(89.67853546142578) 91.0085678101 [ 0.10212599]
585 garray(89.73169708251953) 90.9846878052 [ 0.10208161]
586 garray(89.76606750488281) 91.0406341553 [ 0.10201429]
587 garray(89.66095733642578) 90.9608612061 [ 0.10208713]
588 garray(89.7675552368164) 90.9783096313 [ 0.10210529]
589 garray(89.72567749023438) 91.0371246338 [ 0.10208922]
590 garray(89.67584991455078) 91.0180358887 [ 0.10205695]
591 garray(89.72159576416016) 90.9875564575 [ 0.10200883]
592 garray(89.68589782714844) 91.0026779175 [ 0.10203794]
593 garray(89.71493530273438) 90.980758667 [ 0.10202378]
594 garray(89.65171813964844) 91.0226974487 [ 0.10210296]
595 garray(89.67878723144531) 91.0635757446 [ 0.10206509]
596 garray(89.76693725585938) 90.9790802002 [ 0.10210435]
597 garray(89.64130401611328) 91.0282211304 [ 0.10203987]
598 garray(89.76781463623047) 90.9885787964 [ 0.1020713]
599 garray(89.70687866210938) 91.0366668701 [ 0.10205731]
600 garray(89.63636016845703) 91.0819091797 [ 0.10208469]
601 garray(89.67652893066406) 91.0119171143 [ 0.10210226]
602 garray(89.65931701660156) 90.9822998047 [ 0.10206408]
603 garray(89.63726806640625) 91.0455780029 [ 0.10213654]
604 garray(89.6670150756836) 91.051864624 [ 0.10211317]
605 garray(89.72639465332031) 91.0756988525 [ 0.10212423]
606 garray(89.68013000488281) 91.0598144531 [ 0.10216811]
607 garray(89.71302032470703) 91.0099563599 [ 0.1022019]
608 garray(89.75270080566406) 90.9814300537 [ 0.1022179]
609 garray(89.7047348022461) 91.0055465698 [ 0.10226894]
610 garray(89.78857421875) 91.0429153442 [ 0.10229151]
611 garray(89.66592407226562) 91.0511398315 [ 0.10221583]
612 garray(89.67670440673828) 90.9837875366 [ 0.10220489]
613 garray(89.72333526611328) 90.9659347534 [ 0.1021785]
614 garray(89.67975616455078) 91.015586853 [ 0.10221183]
615 garray(89.66381072998047) 90.951499939 [ 0.10222586]
616 garray(89.69776153564453) 90.9814453125 [ 0.1022727]
617 garray(89.670654296875) 90.9543762207 [ 0.10223164]
618 garray(89.70701599121094) 91.0187606812 [ 0.10229344]
619 garray(89.66444396972656) 90.9870300293 [ 0.10230738]
620 garray(89.67839050292969) 90.9477996826 [ 0.10223335]
621 garray(89.75038146972656) 90.9492340088 [ 0.10224191]
622 garray(89.69416046142578) 90.9723892212 [ 0.10226785]
623 garray(89.75767517089844) 91.0081939697 [ 0.102278]
624 garray(89.70270538330078) 91.0257797241 [ 0.10217483]
625 garray(89.76602935791016) 90.9766998291 [ 0.10222694]
626 garray(89.74530792236328) 91.0068969727 [ 0.10214122]
627 garray(89.68026733398438) 91.051399231 [ 0.10215546]
628 garray(89.70339965820312) 91.0239562988 [ 0.10218618]
629 garray(89.74401092529297) 91.037689209 [ 0.10221836]
630 garray(89.74124145507812) 90.9932785034 [ 0.10221672]
631 garray(89.6189193725586) 90.9999008179 [ 0.1022288]
632 garray(89.72441864013672) 90.949005127 [ 0.10225611]
633 garray(89.72248077392578) 90.9732208252 [ 0.10216428]
634 garray(89.6998291015625) 91.0370101929 [ 0.10220467]
635 garray(89.58358001708984) 91.0525741577 [ 0.10222398]
636 garray(89.74282836914062) 90.973815918 [ 0.10225467]
637 garray(89.63169860839844) 91.0059280396 [ 0.10234382]
638 garray(89.68396759033203) 91.008605957 [ 0.10239592]
639 garray(89.7619400024414) 91.015335083 [ 0.10231731]
640 garray(89.66507720947266) 91.010017395 [ 0.10235889]
641 garray(89.68927764892578) 91.0659866333 [ 0.10227974]
642 garray(89.73643493652344) 91.0275192261 [ 0.10237001]
643 garray(89.6657943725586) 90.9909591675 [ 0.10228447]
644 garray(89.71347045898438) 90.9839553833 [ 0.10234534]
645 garray(89.69413757324219) 90.9945983887 [ 0.10222904]
646 garray(89.65294647216797) 91.0563354492 [ 0.10230219]
647 garray(89.658935546875) 90.9601898193 [ 0.10237211]
648 garray(89.69095611572266) 91.0076980591 [ 0.10234005]
649 garray(89.67318725585938) 91.0299377441 [ 0.10219378]
650 garray(89.65533447265625) 90.9621582031 [ 0.10227697]
651 garray(89.7332763671875) 90.9616851807 [ 0.10240878]
652 garray(89.78392028808594) 91.0720062256 [ 0.10228546]
653 garray(89.70439910888672) 91.0055770874 [ 0.10233904]
654 garray(89.6352310180664) 90.9515380859 [ 0.10227634]
655 garray(89.63265991210938) 90.979057312 [ 0.10227564]
656 garray(89.62028503417969) 90.9838943481 [ 0.10231073]
657 garray(89.6384506225586) 91.0530014038 [ 0.10236415]
658 garray(89.70569610595703) 91.0104598999 [ 0.10232867]
659 garray(89.68367767333984) 90.9843597412 [ 0.1022932]
660 garray(89.70018768310547) 90.9588546753 [ 0.10232373]
661 garray(89.67403411865234) 91.0018997192 [ 0.10236092]
662 garray(89.69027709960938) 90.9970550537 [ 0.10233127]
663 garray(89.74897003173828) 91.0138473511 [ 0.10225129]
664 garray(89.70088958740234) 90.9958877563 [ 0.10228656]
665 garray(89.6951675415039) 90.9710159302 [ 0.10233036]
666 garray(89.71241760253906) 90.9828567505 [ 0.10233692]
667 garray(89.63581848144531) 90.9568786621 [ 0.10242748]
668 garray(89.67943572998047) 90.9919815063 [ 0.10234058]
669 garray(89.70903778076172) 91.0179214478 [ 0.10227019]
670 garray(89.70117950439453) 90.9455795288 [ 0.10233393]
671 garray(89.71975708007812) 90.9432601929 [ 0.10226315]
672 garray(89.66460418701172) 90.9825210571 [ 0.10231702]
673 garray(89.64673614501953) 91.0375442505 [ 0.10233472]
674 garray(89.74868774414062) 90.9911804199 [ 0.10240227]
675 garray(89.71592712402344) 91.0258102417 [ 0.10237807]
676 garray(89.72364044189453) 90.9782180786 [ 0.10239283]
677 garray(89.68975830078125) 91.0101242065 [ 0.10243945]
678 garray(89.59883880615234) 90.9967880249 [ 0.1024145]
679 garray(89.67544555664062) 90.9576644897 [ 0.10245545]
680 garray(89.77045440673828) 90.9776611328 [ 0.10249508]
681 garray(89.63975524902344) 90.994178772 [ 0.10234324]
682 garray(89.7867202758789) 91.0335540771 [ 0.1024416]
683 garray(89.68423461914062) 91.0085372925 [ 0.10247471]
684 garray(89.73416137695312) 91.0068740845 [ 0.10244773]
685 garray(89.65454864501953) 91.0299606323 [ 0.10244746]
686 garray(89.61026000976562) 90.9814147949 [ 0.10248079]
687 garray(89.64289093017578) 91.0317001343 [ 0.10246018]
688 garray(89.7759780883789) 90.9869995117 [ 0.10249093]
689 garray(89.70134735107422) 91.0205307007 [ 0.10243407]
690 garray(89.74691009521484) 91.0038757324 [ 0.10247628]
691 garray(89.65018463134766) 91.0069274902 [ 0.102384]
692 garray(89.69587707519531) 91.0087203979 [ 0.10239008]
693 garray(89.7383804321289) 90.9760513306 [ 0.10252308]
694 garray(89.72113037109375) 91.0172653198 [ 0.10249443]
695 garray(89.62665557861328) 90.9961090088 [ 0.10254659]
696 garray(89.64885711669922) 91.0021743774 [ 0.10257161]
697 garray(89.6272201538086) 90.977935791 [ 0.1025725]
698 garray(89.6655044555664) 90.9905395508 [ 0.10258714]
699 garray(89.67656707763672) 91.0561599731 [ 0.10257294]
700 garray(89.66919708251953) 91.0242156982 [ 0.1025015]
701 garray(89.71155548095703) 90.9698104858 [ 0.10246669]
702 garray(89.65491485595703) 90.9501571655 [ 0.10246703]
703 garray(89.73257446289062) 90.9773178101 [ 0.10246674]
704 garray(89.71244049072266) 91.000617981 [ 0.102547]
705 garray(89.70188903808594) 90.9441604614 [ 0.10250618]
706 garray(89.6806411743164) 91.0034561157 [ 0.10238823]
707 garray(89.66596984863281) 90.9848098755 [ 0.10247155]
708 garray(89.65278625488281) 90.9804992676 [ 0.10245267]
709 garray(89.74726104736328) 90.9864883423 [ 0.10249423]
710 garray(89.69462585449219) 90.9761352539 [ 0.10253551]
711 garray(89.72457122802734) 90.9963378906 [ 0.10246177]
712 garray(89.72531127929688) 91.0053482056 [ 0.10248781]
713 garray(89.67572021484375) 91.0389709473 [ 0.10252776]
714 garray(89.70830535888672) 90.9960403442 [ 0.10253293]
715 garray(89.76654815673828) 91.0256958008 [ 0.10252815]
716 garray(89.77304077148438) 91.011177063 [ 0.10243641]
717 garray(89.63585662841797) 90.9782714844 [ 0.10253356]
718 garray(89.63864135742188) 91.0058670044 [ 0.10247538]
719 garray(89.69126892089844) 91.0140914917 [ 0.10252989]
720 garray(89.60900115966797) 90.9815368652 [ 0.10253749]
721 garray(89.64154052734375) 90.9005355835 [ 0.10250758]
722 garray(89.6615982055664) 90.9959869385 [ 0.10252798]
723 garray(89.6822280883789) 90.9836349487 [ 0.10252405]
724 garray(89.62175750732422) 90.9868774414 [ 0.1024889]
725 garray(89.7216796875) 90.9171447754 [ 0.10254372]
726 garray(89.63298797607422) 90.9519500732 [ 0.10258134]
727 garray(89.63214111328125) 90.949180603 [ 0.10274]
728 garray(89.70980834960938) 91.0605392456 [ 0.10263599]
729 garray(89.7145767211914) 91.0144348145 [ 0.10260517]
730 garray(89.6885986328125) 91.0139160156 [ 0.10271755]
731 garray(89.6174545288086) 90.9711608887 [ 0.10283362]
732 garray(89.68692016601562) 90.9791793823 [ 0.10270943]
733 garray(89.64054107666016) 90.9889450073 [ 0.10279622]
734 garray(89.66799926757812) 91.040397644 [ 0.10265841]
735 garray(89.66626739501953) 90.9911346436 [ 0.10264909]
736 garray(89.65702819824219) 91.0026779175 [ 0.10268143]
737 garray(89.69316101074219) 91.0169372559 [ 0.1026571]
738 garray(89.70423126220703) 90.9714584351 [ 0.1026407]
739 garray(89.63871765136719) 91.0237960815 [ 0.10269832]
740 garray(89.68557739257812) 90.9754943848 [ 0.10264486]
741 garray(89.6340560913086) 90.9607849121 [ 0.10277896]
742 garray(89.68608093261719) 91.0257263184 [ 0.10269494]
743 garray(89.6057357788086) 91.0225601196 [ 0.10274994]
744 garray(89.61711883544922) 90.9924545288 [ 0.10271144]
745 garray(89.73539733886719) 90.9618148804 [ 0.10270156]
746 garray(89.7298583984375) 90.9380187988 [ 0.10266773]
747 garray(89.62449645996094) 90.9785461426 [ 0.10271722]
748 garray(89.67584991455078) 91.0124206543 [ 0.10265256]
749 garray(89.6678466796875) 90.8888549805 [ 0.1026545]
750 garray(89.70124816894531) 90.9707183838 [ 0.10264974]
751 garray(89.65457153320312) 91.0139770508 [ 0.10267225]
752 garray(89.72455596923828) 90.9967346191 [ 0.10269073]
753 garray(89.66558074951172) 90.9433746338 [ 0.10265367]
754 garray(89.64463806152344) 90.9558639526 [ 0.10265643]
755 garray(89.63235473632812) 90.9974975586 [ 0.1026293]
756 garray(89.70817565917969) 90.9688568115 [ 0.1026609]
757 garray(89.66162872314453) 90.8927993774 [ 0.10267976]
758 garray(89.68296813964844) 91.0193786621 [ 0.10277952]
759 garray(89.69474029541016) 91.0058441162 [ 0.10274646]
760 garray(89.64791107177734) 90.99659729 [ 0.10275975]
761 garray(89.64149475097656) 90.9761962891 [ 0.1028043]
762 garray(89.689697265625) 90.962348938 [ 0.10275523]
763 garray(89.67068481445312) 90.9832000732 [ 0.10273012]
764 garray(89.69497680664062) 91.0052871704 [ 0.1027947]
765 garray(89.73037719726562) 90.9728393555 [ 0.10281503]
766 garray(89.66864013671875) 90.9765014648 [ 0.10276806]
767 garray(89.66144561767578) 91.0354766846 [ 0.10275168]
768 garray(89.70476531982422) 90.9673690796 [ 0.10278143]
769 garray(89.63821411132812) 91.0 [ 0.10276809]
770 garray(89.63861083984375) 90.9570465088 [ 0.10267498]
771 garray(89.67301940917969) 90.9353485107 [ 0.10276929]
772 garray(89.67129516601562) 90.9412002563 [ 0.10275832]
773 garray(89.58776092529297) 90.933013916 [ 0.10272263]
774 garray(89.65986633300781) 90.9738540649 [ 0.10268339]
775 garray(89.62289428710938) 90.9868164062 [ 0.10270484]
776 garray(89.74026489257812) 91.0754547119 [ 0.10264152]
777 garray(89.65362548828125) 90.9662780762 [ 0.10266082]
778 garray(89.73136901855469) 90.9632568359 [ 0.10272374]
779 garray(89.67395782470703) 90.8996963501 [ 0.10270383]
780 garray(89.65531921386719) 90.9668579102 [ 0.10274534]
781 garray(89.72373962402344) 91.0005950928 [ 0.10287806]
782 garray(89.62993621826172) 90.9393005371 [ 0.10283154]
783 garray(89.6566162109375) 90.931137085 [ 0.10281186]
784 garray(89.66395568847656) 90.9814758301 [ 0.10271833]
785 garray(89.73260498046875) 90.9989013672 [ 0.10277623]
786 garray(89.70237731933594) 90.967414856 [ 0.10276272]
787 garray(89.65953826904297) 90.992401123 [ 0.10274648]
788 garray(89.6646957397461) 90.9482040405 [ 0.1027408]
789 garray(89.67184448242188) 91.0283660889 [ 0.10282272]
790 garray(89.66404724121094) 91.0139083862 [ 0.10277599]
791 garray(89.70093536376953) 90.9752807617 [ 0.1027991]
792 garray(89.6622543334961) 91.0007705688 [ 0.10276262]
793 garray(89.71759033203125) 90.9381942749 [ 0.1028028]
794 garray(89.64775848388672) 90.9805603027 [ 0.10285088]
795 garray(89.62181854248047) 90.9548187256 [ 0.10278271]
796 garray(89.66804504394531) 91.0429153442 [ 0.10282755]
797 garray(89.71672821044922) 91.0253143311 [ 0.10282214]
798 garray(89.64189147949219) 90.9829788208 [ 0.10282037]
799 garray(89.66743469238281) 90.9312210083 [ 0.1027714]
800 garray(89.66304016113281) 90.9809341431 [ 0.10283725]
801 garray(89.65158081054688) 91.0067596436 [ 0.10276942]
802 garray(89.68258666992188) 90.9536972046 [ 0.10284322]
803 garray(89.62358856201172) 90.9773178101 [ 0.10288585]
804 garray(89.71265411376953) 90.985496521 [ 0.10284641]
805 garray(89.71145629882812) 90.9922561646 [ 0.10292034]
806 garray(89.67868041992188) 90.9314880371 [ 0.10295624]
807 garray(89.72419738769531) 90.942741394 [ 0.10292847]
808 garray(89.73532104492188) 91.0006790161 [ 0.10296555]
809 garray(89.68418884277344) 90.9869308472 [ 0.10293587]
810 garray(89.68827819824219) 90.9800415039 [ 0.1029752]
811 garray(89.68111419677734) 90.9689407349 [ 0.10303572]
812 garray(89.6307601928711) 90.9325561523 [ 0.10302142]
813 garray(89.6792984008789) 90.9683151245 [ 0.10298853]
814 garray(89.61296081542969) 90.8811798096 [ 0.10288778]
815 garray(89.69184112548828) 91.0038604736 [ 0.10292759]
816 garray(89.66651153564453) 90.9523544312 [ 0.10289095]
817 garray(89.70746612548828) 90.9839706421 [ 0.10284585]
818 garray(89.65275573730469) 90.9563598633 [ 0.10288336]
819 garray(89.61027526855469) 90.9424209595 [ 0.10297714]
820 garray(89.60765838623047) 90.9414215088 [ 0.1030423]
821 garray(89.6732177734375) 91.0053482056 [ 0.10304267]
822 garray(89.6655502319336) 90.9534988403 [ 0.10297965]
823 garray(89.64559936523438) 90.9457168579 [ 0.10293161]
824 garray(89.67060089111328) 91.0074005127 [ 0.10302311]
825 garray(89.61124420166016) 90.9536590576 [ 0.10307556]
826 garray(89.65010833740234) 90.9681167603 [ 0.10300586]
827 garray(89.59170532226562) 90.9745864868 [ 0.10298234]
828 garray(89.60733795166016) 90.9659194946 [ 0.10291678]
829 garray(89.6780014038086) 90.9882583618 [ 0.10289659]
830 garray(89.62239074707031) 90.9984741211 [ 0.10290333]
831 garray(89.59439849853516) 90.939201355 [ 0.10291144]
832 garray(89.66498565673828) 90.995010376 [ 0.10296666]
833 garray(89.66114044189453) 90.9511413574 [ 0.10296949]
834 garray(89.71927642822266) 90.9815673828 [ 0.10297544]
835 garray(89.6709213256836) 90.9841384888 [ 0.1029303]
836 garray(89.70906066894531) 90.9398651123 [ 0.10294883]
837 garray(89.61127471923828) 90.9774780273 [ 0.10298302]
838 garray(89.66890716552734) 90.9817962646 [ 0.10296986]
839 garray(89.62582397460938) 90.9288711548 [ 0.10300651]
840 garray(89.65184783935547) 90.943397522 [ 0.1030622]
841 garray(89.71281433105469) 90.9901809692 [ 0.1029842]
842 garray(89.75007629394531) 90.9670562744 [ 0.10301547]
843 garray(89.68669891357422) 90.961151123 [ 0.10305218]
844 garray(89.66287994384766) 90.9698181152 [ 0.10306426]
845 garray(89.60688781738281) 91.0087051392 [ 0.10309839]
846 garray(89.66920471191406) 90.9703598022 [ 0.10302575]
847 garray(89.698974609375) 90.9257965088 [ 0.10310149]
848 garray(89.68963623046875) 90.9626159668 [ 0.1030689]
849 garray(89.69631958007812) 91.0028152466 [ 0.1031951]
850 garray(89.68138122558594) 90.9248962402 [ 0.10316013]
851 garray(89.7127456665039) 90.9441452026 [ 0.10312335]
852 garray(89.61959838867188) 91.0333175659 [ 0.10305273]
853 garray(89.63750457763672) 91.0113372803 [ 0.10311245]
854 garray(89.66632843017578) 90.9496383667 [ 0.10313734]
855 garray(89.609375) 91.001914978 [ 0.10318047]
856 garray(89.71202850341797) 90.9456863403 [ 0.10314264]
857 garray(89.67108154296875) 91.0112609863 [ 0.10310645]
858 garray(89.62491607666016) 90.9334411621 [ 0.10309275]
859 garray(89.6535873413086) 91.0193939209 [ 0.10309466]
860 garray(89.67638397216797) 90.9693145752 [ 0.10306612]
861 garray(89.66063690185547) 91.0176544189 [ 0.10309233]
862 garray(89.75431823730469) 90.9892654419 [ 0.10308231]
863 garray(89.68148803710938) 90.9512710571 [ 0.10307096]
864 garray(89.59109497070312) 90.9497375488 [ 0.10303057]
865 garray(89.62713623046875) 90.9309005737 [ 0.10309534]
866 garray(89.65803527832031) 90.9647750854 [ 0.10300787]
867 garray(89.69271850585938) 90.9245605469 [ 0.10306839]
868 garray(89.65605926513672) 90.9785461426 [ 0.10310398]
869 garray(89.60504150390625) 90.9546356201 [ 0.10306089]
870 garray(89.67853546142578) 90.9013366699 [ 0.10306539]
871 garray(89.61309814453125) 90.9962387085 [ 0.10310538]
872 garray(89.70768737792969) 90.9786605835 [ 0.1032379]
873 garray(89.70855712890625) 90.9253768921 [ 0.10321258]
874 garray(89.65916442871094) 91.0423049927 [ 0.10327652]
875 garray(89.65101623535156) 90.9645004272 [ 0.10321254]
876 garray(89.6629409790039) 91.0164642334 [ 0.10323393]
877 garray(89.68399047851562) 90.9957809448 [ 0.10315698]
878 garray(89.57435607910156) 90.9491271973 [ 0.10302856]
879 garray(89.60728454589844) 90.9493942261 [ 0.10308684]
880 garray(89.65452575683594) 90.9483566284 [ 0.10308747]
881 garray(89.653076171875) 90.989944458 [ 0.10301484]
882 garray(89.61209869384766) 90.9588394165 [ 0.10311654]
883 garray(89.62791442871094) 90.974281311 [ 0.1031009]
884 garray(89.62802124023438) 90.930847168 [ 0.1031148]
885 garray(89.57579803466797) 90.9378585815 [ 0.10308715]
886 garray(89.70732116699219) 90.938835144 [ 0.1031047]
887 garray(89.65467071533203) 90.9948348999 [ 0.10312809]
888 garray(89.7206802368164) 90.9978561401 [ 0.10318183]
889 garray(89.67533874511719) 90.9819946289 [ 0.10322055]
890 garray(89.61515808105469) 90.9826583862 [ 0.10321234]
891 garray(89.58137512207031) 90.9203796387 [ 0.10323506]
892 garray(89.67760467529297) 90.9309539795 [ 0.10320345]
893 garray(89.61335754394531) 90.9828414917 [ 0.10317558]
894 garray(89.57331085205078) 90.98072052 [ 0.10310751]
895 garray(89.6631851196289) 90.9809188843 [ 0.10306396]
896 garray(89.66442108154297) 91.0183181763 [ 0.1030988]
897 garray(89.65728759765625) 90.9504013062 [ 0.10309219]
898 garray(89.6615982055664) 91.0145492554 [ 0.10312623]
899 garray(89.6048583984375) 90.9825973511 [ 0.10313925]
900 garray(89.652099609375) 90.9511871338 [ 0.10322034]
901 garray(89.62747955322266) 91.0221557617 [ 0.10323737]
902 garray(89.65467071533203) 90.9972381592 [ 0.10318735]
903 garray(89.69236755371094) 90.9950485229 [ 0.10323322]
904 garray(89.60623931884766) 90.9564361572 [ 0.10321397]
905 garray(89.67023468017578) 90.9111785889 [ 0.10326382]
906 garray(89.59519958496094) 90.9850769043 [ 0.10329968]
907 garray(89.6649169921875) 90.9810791016 [ 0.1032512]
908 garray(89.63975524902344) 90.9842453003 [ 0.1032929]
909 garray(89.6664810180664) 90.9411468506 [ 0.10317083]
910 garray(89.64728546142578) 90.9951705933 [ 0.10321973]
911 garray(89.66236877441406) 90.9813995361 [ 0.10321569]
912 garray(89.63943481445312) 90.990020752 [ 0.10317689]
913 garray(89.68231964111328) 91.0133361816 [ 0.10307459]
914 garray(89.61529541015625) 90.9425506592 [ 0.10307391]
915 garray(89.72142791748047) 90.9495010376 [ 0.10312352]
916 garray(89.7073974609375) 91.0089950562 [ 0.10328689]
917 garray(89.70167541503906) 90.9868392944 [ 0.10322574]
918 garray(89.69451904296875) 91.00831604 [ 0.10326096]
919 garray(89.6694564819336) 90.9619903564 [ 0.10329168]
920 garray(89.67042541503906) 90.9597549438 [ 0.1032567]
921 garray(89.68772888183594) 91.0275344849 [ 0.10325786]
922 garray(89.74974060058594) 90.9948196411 [ 0.10330363]
923 garray(89.69461059570312) 90.943611145 [ 0.10319938]
924 garray(89.61209106445312) 90.8909759521 [ 0.10321663]
925 garray(89.67154693603516) 90.9334640503 [ 0.10328383]
926 garray(89.6142807006836) 90.9778671265 [ 0.10327761]
927 garray(89.63887786865234) 90.980796814 [ 0.10332673]
928 garray(89.629150390625) 90.9666213989 [ 0.10329357]
929 garray(89.6587905883789) 90.9438171387 [ 0.10327891]
930 garray(89.66946411132812) 90.9812393188 [ 0.10326646]
931 garray(89.6745376586914) 90.9697799683 [ 0.10333838]
932 garray(89.66250610351562) 90.9350967407 [ 0.10326438]
933 garray(89.73907470703125) 90.9412689209 [ 0.10328051]
934 garray(89.61980438232422) 91.0074539185 [ 0.10334994]
935 garray(89.69215393066406) 90.9868774414 [ 0.10330135]
936 garray(89.748779296875) 90.9682998657 [ 0.10332551]
937 garray(89.6287612915039) 91.0117797852 [ 0.10323795]
938 garray(89.65230560302734) 90.9153442383 [ 0.10326506]
939 garray(89.64727783203125) 90.9458770752 [ 0.10332457]
940 garray(89.63875579833984) 90.9489212036 [ 0.10330848]
941 garray(89.62171936035156) 90.9670562744 [ 0.10328684]
942 garray(89.58702087402344) 91.0089569092 [ 0.10340854]
943 garray(89.68093872070312) 90.9826812744 [ 0.10328536]
944 garray(89.6877212524414) 90.9813613892 [ 0.10325447]
945 garray(89.67427825927734) 90.9619369507 [ 0.10320127]
946 garray(89.60665130615234) 90.9718399048 [ 0.10331504]
947 garray(89.62638092041016) 90.9277572632 [ 0.10333778]
948 garray(89.62764739990234) 90.9290542603 [ 0.10336136]
949 garray(89.66685485839844) 90.9675979614 [ 0.10329692]
950 garray(89.6613540649414) 90.989616394 [ 0.1033881]
951 garray(89.6908950805664) 90.9849395752 [ 0.10336662]
952 garray(89.67662811279297) 90.9656295776 [ 0.10342997]
953 garray(89.61425018310547) 90.981590271 [ 0.10342102]
954 garray(89.65592956542969) 91.0009994507 [ 0.10341263]
955 garray(89.64767456054688) 90.9954376221 [ 0.10336034]
956 garray(89.68647003173828) 90.9160614014 [ 0.10334512]
957 garray(89.6595687866211) 90.9902572632 [ 0.10332372]
958 garray(89.67247772216797) 90.9842910767 [ 0.10330802]
959 garray(89.64366149902344) 90.8926239014 [ 0.10341368]
960 garray(89.69258117675781) 91.0226593018 [ 0.10351308]
961 garray(89.66655731201172) 90.9683380127 [ 0.10342204]
962 garray(89.64990997314453) 90.9552993774 [ 0.103437]
963 garray(89.65633392333984) 90.9450149536 [ 0.10332883]
964 garray(89.71894836425781) 90.9729614258 [ 0.10337755]
965 garray(89.63109588623047) 90.9105987549 [ 0.10338015]
966 garray(89.68169403076172) 90.9185409546 [ 0.10340468]
967 garray(89.65486145019531) 90.9256744385 [ 0.10339028]
968 garray(89.61615753173828) 91.0082092285 [ 0.10344988]
969 garray(89.74166107177734) 90.9470291138 [ 0.10340255]
970 garray(89.64847564697266) 91.0184707642 [ 0.10341229]
971 garray(89.60755920410156) 90.9464797974 [ 0.10342187]
972 garray(89.68473815917969) 90.9815139771 [ 0.10346144]
973 garray(89.65155792236328) 90.959197998 [ 0.10351832]
974 garray(89.66385650634766) 90.9715042114 [ 0.10346685]
975 garray(89.6020278930664) 90.9892578125 [ 0.10348853]
976 garray(89.6753158569336) 90.908706665 [ 0.10345938]
977 garray(89.57203674316406) 90.8789749146 [ 0.10343717]
978 garray(89.66527557373047) 90.9504394531 [ 0.10336521]
979 garray(89.63276672363281) 90.9274139404 [ 0.10342148]
980 garray(89.6519546508789) 90.9462280273 [ 0.10342929]
981 garray(89.68431091308594) 90.9235305786 [ 0.10347667]
982 garray(89.70160675048828) 91.0035705566 [ 0.10344915]
983 garray(89.69155883789062) 90.9760971069 [ 0.10341312]
984 garray(89.66452026367188) 90.9727859497 [ 0.10351458]
985 garray(89.62149810791016) 90.9325561523 [ 0.10353605]
986 garray(89.68473815917969) 90.9266586304 [ 0.10350782]
987 garray(89.58507537841797) 91.0062561035 [ 0.10353598]
988 garray(89.65333557128906) 90.9934387207 [ 0.10352264]
989 garray(89.69110107421875) 90.9423599243 [ 0.1035516]
990 garray(89.60826110839844) 90.9456939697 [ 0.10350408]
991 garray(89.71403503417969) 90.9553146362 [ 0.10347903]
992 garray(89.62043762207031) 91.0024185181 [ 0.1035675]
993 garray(89.65230560302734) 91.0268783569 [ 0.10347522]
994 garray(89.6366958618164) 90.9619369507 [ 0.10354607]
995 garray(89.65977478027344) 91.0150146484 [ 0.10354093]
996 garray(89.64013671875) 90.9387207031 [ 0.10356434]
997 garray(89.70132446289062) 90.9807357788 [ 0.10357633]
998 garray(89.61946105957031) 90.9827880859 [ 0.10350054]
999 garray(89.62797546386719) 90.9791183472 [ 0.10355709]
creating pickled numpy output
wrote pickled numpy output
Final validation loss
garray(90.91069793701172)
Final test loss
garray(90.24063873291016)
Final test NLL
87.5627137778
Theano: Initializing cuBLAS
