(50000L, 784L)
compiled score function
Old best loss:
garray(91.87501525878906)
Compiled loss functions
0 garray(90.58670043945312) 91.8876953125 [ 0.08308802]
1 garray(90.65299987792969) 91.9274597168 [ 0.08305161]
2 garray(90.56305694580078) 91.8898773193 [ 0.0830825]
3 garray(90.62355041503906) 91.8128051758 [ 0.0830727]
4 garray(90.64068603515625) 91.8585205078 [ 0.08301686]
5 garray(90.62535858154297) 91.9212493896 [ 0.0830137]
6 garray(90.54969787597656) 91.8636779785 [ 0.0831158]
7 garray(90.53207397460938) 91.8403701782 [ 0.08306534]
8 garray(90.55701446533203) 91.8628082275 [ 0.08299428]
9 garray(90.52880096435547) 91.87449646 [ 0.083008]
10 garray(90.60292053222656) 91.8732376099 [ 0.08305858]
11 garray(90.57395935058594) 91.8561401367 [ 0.08307796]
12 garray(90.55622100830078) 91.9787750244 [ 0.08303285]
13 garray(90.56649780273438) 91.9169387817 [ 0.08308402]
14 garray(90.62104034423828) 91.9029159546 [ 0.08308356]
15 garray(90.50750732421875) 91.9477386475 [ 0.08311759]
16 garray(90.60979461669922) 91.8638839722 [ 0.08303114]
17 garray(90.6048812866211) 91.9050979614 [ 0.08304325]
18 garray(90.56877899169922) 91.8631744385 [ 0.08311455]
19 garray(90.57733917236328) 91.8360366821 [ 0.08311384]
20 garray(90.61113739013672) 91.9040603638 [ 0.08311633]
21 garray(90.53264617919922) 91.8517150879 [ 0.08312957]
22 garray(90.5785140991211) 91.8969573975 [ 0.0830994]
23 garray(90.5918197631836) 91.8734741211 [ 0.08309425]
24 garray(90.55046844482422) 91.9370574951 [ 0.08313936]
25 garray(90.55220031738281) 91.9340896606 [ 0.08319266]
26 garray(90.6012954711914) 91.885055542 [ 0.0831296]
27 garray(90.53093719482422) 91.8689651489 [ 0.0830784]
28 garray(90.53849792480469) 91.8695907593 [ 0.08298704]
29 garray(90.50402069091797) 91.8675003052 [ 0.08311819]
30 garray(90.49678039550781) 91.9172592163 [ 0.08320145]
31 garray(90.56582641601562) 91.8313140869 [ 0.08317141]
32 garray(90.47248840332031) 91.8905410767 [ 0.08314529]
33 garray(90.5962142944336) 91.9148788452 [ 0.08316415]
34 garray(90.61331939697266) 91.8739395142 [ 0.08317951]
35 garray(90.53934478759766) 91.8706665039 [ 0.08317657]
36 garray(90.63127899169922) 91.9026870728 [ 0.08324795]
37 garray(90.5888900756836) 91.8888168335 [ 0.08317448]
38 garray(90.5090103149414) 91.8446044922 [ 0.08304802]
39 garray(90.5343246459961) 91.8562164307 [ 0.08309024]
40 garray(90.4764175415039) 91.8682174683 [ 0.08308942]
41 garray(90.57073974609375) 91.8421096802 [ 0.08317323]
42 garray(90.60977935791016) 91.8618011475 [ 0.08315545]
43 garray(90.50931549072266) 91.9157791138 [ 0.08324904]
44 garray(90.59329986572266) 91.840057373 [ 0.08324791]
45 garray(90.63533782958984) 91.9657974243 [ 0.08320875]
46 garray(90.57939910888672) 91.9493179321 [ 0.08316656]
47 garray(90.61355590820312) 91.8217391968 [ 0.08314333]
48 garray(90.51939392089844) 91.8624572754 [ 0.08309842]
49 garray(90.60395050048828) 91.8522796631 [ 0.08308471]
50 garray(90.50714111328125) 91.8324661255 [ 0.08318996]
51 garray(90.53763580322266) 91.8943557739 [ 0.08326438]
52 garray(90.54032135009766) 91.861076355 [ 0.08339015]
53 garray(90.48848724365234) 91.8434143066 [ 0.08336402]
54 garray(90.53792572021484) 91.8513946533 [ 0.08333585]
55 garray(90.56365966796875) 91.9019393921 [ 0.08337146]
56 garray(90.52117919921875) 91.8518295288 [ 0.08337636]
57 garray(90.58731842041016) 91.8979949951 [ 0.08335888]
58 garray(90.54981994628906) 91.8219299316 [ 0.08342254]
59 garray(90.54563903808594) 91.9184799194 [ 0.0833414]
60 garray(90.59429931640625) 91.8739547729 [ 0.08328417]
61 garray(90.54071807861328) 91.8846054077 [ 0.08318325]
62 garray(90.60273742675781) 91.8722305298 [ 0.08317017]
63 garray(90.53047943115234) 91.8764343262 [ 0.08329952]
64 garray(90.54856872558594) 91.8816680908 [ 0.08325463]
65 garray(90.54090118408203) 91.8392181396 [ 0.0831624]
66 garray(90.6065902709961) 91.9251708984 [ 0.08317791]
67 garray(90.54007720947266) 91.8792572021 [ 0.08316005]
68 garray(90.6192398071289) 91.8367614746 [ 0.08319667]
69 garray(90.47831726074219) 91.8324203491 [ 0.08324555]
70 garray(90.5242691040039) 91.8279495239 [ 0.08336088]
71 garray(90.55423736572266) 91.7980957031 [ 0.08335421]
72 garray(90.49320983886719) 91.8675613403 [ 0.08339018]
73 garray(90.6167984008789) 91.8774108887 [ 0.08327705]
74 garray(90.54415893554688) 91.8911056519 [ 0.08324158]
75 garray(90.53724670410156) 91.8749465942 [ 0.08323762]
76 garray(90.5223159790039) 91.8490142822 [ 0.08323241]
77 garray(90.45367431640625) 91.8568572998 [ 0.08316068]
78 garray(90.55793762207031) 91.8962402344 [ 0.08315621]
79 garray(90.59278869628906) 91.9134597778 [ 0.08319199]
80 garray(90.56330108642578) 91.8531570435 [ 0.08316867]
81 garray(90.5602798461914) 91.8602905273 [ 0.08318702]
82 garray(90.57466888427734) 91.8770370483 [ 0.08309881]
83 garray(90.50911712646484) 91.8110580444 [ 0.08311751]
84 garray(90.48733520507812) 91.8265380859 [ 0.08304884]
85 garray(90.57841491699219) 91.8640060425 [ 0.08307315]
86 garray(90.56108093261719) 91.847366333 [ 0.08306788]
87 garray(90.56694030761719) 91.8900299072 [ 0.08311576]
88 garray(90.505859375) 91.8599777222 [ 0.0830992]
89 garray(90.53765106201172) 91.8785095215 [ 0.08305473]
90 garray(90.53614807128906) 91.9254074097 [ 0.0832057]
91 garray(90.65333557128906) 91.8143997192 [ 0.08307963]
92 garray(90.54864501953125) 91.8791503906 [ 0.08306831]
93 garray(90.53929138183594) 91.8681945801 [ 0.08314222]
94 garray(90.5079574584961) 91.8582611084 [ 0.08314449]
95 garray(90.58914947509766) 91.8929595947 [ 0.0832353]
96 garray(90.5028305053711) 91.8542480469 [ 0.08326143]
97 garray(90.60926055908203) 91.8544082642 [ 0.08334682]
98 garray(90.61756134033203) 91.8818206787 [ 0.08336513]
99 garray(90.579833984375) 91.8402938843 [ 0.08338927]
100 garray(90.61869812011719) 91.8373184204 [ 0.08326159]
101 garray(90.49811553955078) 91.8722839355 [ 0.08322644]
102 garray(90.54857635498047) 91.8567276001 [ 0.08319844]
103 garray(90.60202026367188) 91.8440551758 [ 0.08321763]
104 garray(90.47957611083984) 91.8961410522 [ 0.08330299]
105 garray(90.5277099609375) 91.8277359009 [ 0.08322427]
106 garray(90.57911682128906) 91.8430175781 [ 0.08324443]
107 garray(90.5529556274414) 91.8838806152 [ 0.08318101]
108 garray(90.48210144042969) 91.9022598267 [ 0.08312557]
109 garray(90.46815490722656) 91.8602600098 [ 0.0831299]
110 garray(90.57781982421875) 91.8814163208 [ 0.08323418]
111 garray(90.52489471435547) 91.897819519 [ 0.08321438]
112 garray(90.61043548583984) 91.8485870361 [ 0.08326662]
113 garray(90.54750061035156) 91.8096542358 [ 0.08337294]
114 garray(90.49507904052734) 91.8380813599 [ 0.08339738]
115 garray(90.53166961669922) 91.8777999878 [ 0.08329972]
116 garray(90.56380462646484) 91.8645248413 [ 0.08327036]
117 garray(90.54100799560547) 91.8848190308 [ 0.08330788]
118 garray(90.59379577636719) 91.8672790527 [ 0.08330853]
119 garray(90.53884887695312) 91.9438552856 [ 0.08328377]
120 garray(90.5197982788086) 91.8606491089 [ 0.08326983]
121 garray(90.53047943115234) 91.8505172729 [ 0.08324009]
122 garray(90.54019927978516) 91.8917770386 [ 0.08321495]
123 garray(90.59163665771484) 91.863571167 [ 0.08324166]
124 garray(90.56227111816406) 91.8394165039 [ 0.08328188]
125 garray(90.51001739501953) 91.7802886963 [ 0.08325109]
126 garray(90.57196044921875) 91.8649368286 [ 0.08338647]
127 garray(90.52653503417969) 91.8581771851 [ 0.08327474]
128 garray(90.52230072021484) 91.8463058472 [ 0.08322702]
129 garray(90.51911926269531) 91.8477554321 [ 0.0832141]
130 garray(90.4720458984375) 91.8593673706 [ 0.08325432]
131 garray(90.56604766845703) 91.8278503418 [ 0.08330233]
132 garray(90.58565521240234) 91.8778762817 [ 0.0832394]
133 garray(90.51995849609375) 91.8483963013 [ 0.08317724]
134 garray(90.54314422607422) 91.839630127 [ 0.08322544]
135 garray(90.50841522216797) 91.8567810059 [ 0.08322678]
136 garray(90.59103393554688) 91.916305542 [ 0.08328935]
137 garray(90.48979949951172) 91.8761062622 [ 0.0832424]
138 garray(90.58094787597656) 91.8618240356 [ 0.08330712]
139 garray(90.6087646484375) 91.8817062378 [ 0.08333948]
140 garray(90.54863739013672) 91.8494110107 [ 0.08334464]
141 garray(90.48775482177734) 91.8632583618 [ 0.08342072]
142 garray(90.54483795166016) 91.8604202271 [ 0.08326291]
143 garray(90.48760986328125) 91.8349075317 [ 0.08326553]
144 garray(90.57038116455078) 91.8146286011 [ 0.08331977]
145 garray(90.54275512695312) 91.8350753784 [ 0.08330989]
146 garray(90.46663665771484) 91.7860794067 [ 0.08327301]
147 garray(90.52125549316406) 91.8997192383 [ 0.08327282]
148 garray(90.61761474609375) 91.9189300537 [ 0.08329723]
149 garray(90.47869873046875) 91.8879699707 [ 0.0833946]
150 garray(90.45923614501953) 91.8340988159 [ 0.08341969]
151 garray(90.52836608886719) 91.8317947388 [ 0.08338967]
152 garray(90.54049682617188) 91.8860549927 [ 0.08347843]
153 garray(90.51679992675781) 91.8549194336 [ 0.08360263]
154 garray(90.56781768798828) 91.8281555176 [ 0.08353489]
155 garray(90.58867645263672) 91.9026794434 [ 0.0835575]
156 garray(90.49211120605469) 91.8827972412 [ 0.08352069]
157 garray(90.56951141357422) 91.8565750122 [ 0.08345807]
158 garray(90.467529296875) 91.8728713989 [ 0.08344546]
159 garray(90.6057357788086) 91.8399276733 [ 0.08343513]
160 garray(90.4925765991211) 91.8323745728 [ 0.0834096]
161 garray(90.51043701171875) 91.9060592651 [ 0.08344423]
162 garray(90.56063842773438) 91.81199646 [ 0.08344997]
163 garray(90.54895782470703) 91.8459014893 [ 0.08349536]
164 garray(90.60308837890625) 91.800819397 [ 0.08355752]
165 garray(90.50878143310547) 91.8523788452 [ 0.08353813]
166 garray(90.4701156616211) 91.8466491699 [ 0.08352715]
167 garray(90.48052978515625) 91.7689666748 [ 0.08337194]
168 garray(90.53572082519531) 91.8589553833 [ 0.08337751]
169 garray(90.51482391357422) 91.8145446777 [ 0.08338527]
170 garray(90.55366516113281) 91.8142471313 [ 0.08345027]
171 garray(90.5331802368164) 91.8578948975 [ 0.08344273]
172 garray(90.59281921386719) 91.8568649292 [ 0.08348871]
173 garray(90.56431579589844) 91.8627853394 [ 0.08350103]
174 garray(90.52519989013672) 91.8189544678 [ 0.08344094]
175 garray(90.5091552734375) 91.7746276855 [ 0.08343339]
176 garray(90.5296401977539) 91.786781311 [ 0.08350849]
177 garray(90.5251693725586) 91.8473739624 [ 0.08334959]
178 garray(90.46601867675781) 91.8598480225 [ 0.0834286]
179 garray(90.60102081298828) 91.8005981445 [ 0.08343704]
180 garray(90.47645568847656) 91.8915176392 [ 0.0834321]
181 garray(90.54181671142578) 91.8365097046 [ 0.08353515]
182 garray(90.57532501220703) 91.8603897095 [ 0.08354722]
183 garray(90.52167510986328) 91.8663406372 [ 0.08338966]
184 garray(90.52801513671875) 91.842880249 [ 0.08343777]
185 garray(90.54270935058594) 91.85987854 [ 0.08348156]
186 garray(90.5652084350586) 91.8403778076 [ 0.0835925]
187 garray(90.45630645751953) 91.8350448608 [ 0.08355709]
188 garray(90.46409606933594) 91.801940918 [ 0.08356508]
189 garray(90.568115234375) 91.8359451294 [ 0.08358773]
190 garray(90.50013732910156) 91.8401794434 [ 0.08359241]
191 garray(90.46485900878906) 91.811706543 [ 0.08349646]
192 garray(90.50328063964844) 91.789100647 [ 0.08349056]
193 garray(90.54621887207031) 91.8511581421 [ 0.08347532]
194 garray(90.4292984008789) 91.8612976074 [ 0.08339231]
195 garray(90.5682373046875) 91.7784347534 [ 0.08334997]
196 garray(90.50106048583984) 91.7928695679 [ 0.08339456]
197 garray(90.5075454711914) 91.8312072754 [ 0.08348296]
198 garray(90.50602722167969) 91.8065872192 [ 0.08344904]
199 garray(90.50985717773438) 91.8408813477 [ 0.08345907]
200 garray(90.4865493774414) 91.8590774536 [ 0.08339312]
201 garray(90.50164031982422) 91.8733139038 [ 0.08344607]
202 garray(90.48448944091797) 91.8996353149 [ 0.08344799]
203 garray(90.55934143066406) 91.8176498413 [ 0.08348743]
204 garray(90.5587158203125) 91.8243408203 [ 0.08335597]
205 garray(90.53203582763672) 91.8801651001 [ 0.08346842]
206 garray(90.54203033447266) 91.8218994141 [ 0.08355587]
207 garray(90.42515563964844) 91.8623352051 [ 0.08354545]
208 garray(90.53611755371094) 91.8206787109 [ 0.08349515]
209 garray(90.5430679321289) 91.8280563354 [ 0.0834972]
210 garray(90.51712036132812) 91.8271789551 [ 0.08344406]
211 garray(90.51531982421875) 91.820274353 [ 0.08331406]
212 garray(90.43400573730469) 91.8317108154 [ 0.08333101]
213 garray(90.50159454345703) 91.781867981 [ 0.08340339]
214 garray(90.52018737792969) 91.8572158813 [ 0.08338876]
215 garray(90.52330780029297) 91.8237609863 [ 0.08337951]
216 garray(90.52130126953125) 91.7927703857 [ 0.0833882]
217 garray(90.4760971069336) 91.8348388672 [ 0.08337085]
218 garray(90.50389862060547) 91.8246154785 [ 0.08344163]
219 garray(90.4698715209961) 91.8207244873 [ 0.08341924]
220 garray(90.50360870361328) 91.8740386963 [ 0.08344166]
221 garray(90.56098937988281) 91.8318405151 [ 0.08348397]
222 garray(90.54290008544922) 91.8059768677 [ 0.08346445]
223 garray(90.50756072998047) 91.7912979126 [ 0.08345931]
224 garray(90.57123565673828) 91.8571777344 [ 0.08348958]
225 garray(90.4939956665039) 91.8302612305 [ 0.08340461]
226 garray(90.47843933105469) 91.8156661987 [ 0.0834552]
227 garray(90.44490051269531) 91.8182296753 [ 0.08348974]
228 garray(90.46694946289062) 91.8132476807 [ 0.08349059]
229 garray(90.55015563964844) 91.7739181519 [ 0.08357989]
230 garray(90.50309753417969) 91.8587646484 [ 0.08355813]
231 garray(90.4647445678711) 91.8507156372 [ 0.08356175]
232 garray(90.45421600341797) 91.8031463623 [ 0.08358398]
233 garray(90.51133728027344) 91.865020752 [ 0.08356825]
234 garray(90.47745513916016) 91.8658599854 [ 0.08362406]
235 garray(90.5213851928711) 91.8369598389 [ 0.08358756]
236 garray(90.54452514648438) 91.8356781006 [ 0.08359443]
237 garray(90.61687469482422) 91.7854003906 [ 0.0836134]
238 garray(90.53350067138672) 91.8630752563 [ 0.08354774]
239 garray(90.52323913574219) 91.805480957 [ 0.08356922]
240 garray(90.51504516601562) 91.8348693848 [ 0.0834607]
241 garray(90.4618148803711) 91.8673782349 [ 0.08356626]
242 garray(90.48469543457031) 91.8168792725 [ 0.08351931]
243 garray(90.5461196899414) 91.8760986328 [ 0.08356883]
244 garray(90.49295043945312) 91.8006362915 [ 0.08348994]
245 garray(90.50727844238281) 91.8384552002 [ 0.08346657]
246 garray(90.47959899902344) 91.8266677856 [ 0.08346594]
247 garray(90.48095703125) 91.8617858887 [ 0.08359343]
248 garray(90.48188781738281) 91.8992462158 [ 0.08354423]
249 garray(90.512939453125) 91.7720565796 [ 0.08349368]
250 garray(90.56041717529297) 91.7884292603 [ 0.08353025]
251 garray(90.52336120605469) 91.8497009277 [ 0.08353429]
252 garray(90.52922821044922) 91.8212280273 [ 0.08352325]
253 garray(90.52627563476562) 91.8282546997 [ 0.08345802]
254 garray(90.5143814086914) 91.8118362427 [ 0.08355983]
255 garray(90.51573944091797) 91.8434677124 [ 0.08358759]
256 garray(90.51932525634766) 91.7916183472 [ 0.08361431]
257 garray(90.53561401367188) 91.7982177734 [ 0.08358768]
258 garray(90.53772735595703) 91.817817688 [ 0.0835611]
259 garray(90.508056640625) 91.8071212769 [ 0.08357878]
260 garray(90.43763732910156) 91.8361968994 [ 0.08347674]
261 garray(90.51696014404297) 91.847618103 [ 0.08350981]
262 garray(90.47518920898438) 91.7989578247 [ 0.08356806]
263 garray(90.5526351928711) 91.8047790527 [ 0.08361244]
264 garray(90.5389175415039) 91.8876342773 [ 0.08354235]
265 garray(90.50577545166016) 91.8663482666 [ 0.08354286]
266 garray(90.51358032226562) 91.9412612915 [ 0.08356196]
267 garray(90.49073791503906) 91.8666381836 [ 0.08365818]
268 garray(90.51388549804688) 91.8436279297 [ 0.08368695]
269 garray(90.5050277709961) 91.8650360107 [ 0.08360864]
270 garray(90.48371887207031) 91.7628707886 [ 0.08362225]
271 garray(90.48855590820312) 91.7979202271 [ 0.08363934]
272 garray(90.51085662841797) 91.834854126 [ 0.08368458]
273 garray(90.44219970703125) 91.8071060181 [ 0.08369603]
274 garray(90.5218276977539) 91.8251800537 [ 0.08376295]
275 garray(90.43598937988281) 91.8566207886 [ 0.08379437]
276 garray(90.44905853271484) 91.8109741211 [ 0.08360642]
277 garray(90.47888946533203) 91.8093795776 [ 0.08353612]
278 garray(90.51966094970703) 91.8047943115 [ 0.08354564]
279 garray(90.50537872314453) 91.8020401001 [ 0.08360775]
280 garray(90.46563720703125) 91.8435592651 [ 0.08357445]
281 garray(90.48534393310547) 91.8209686279 [ 0.083541]
282 garray(90.55261993408203) 91.7552947998 [ 0.08357369]
283 garray(90.52540588378906) 91.8811950684 [ 0.08363789]
284 garray(90.4957046508789) 91.8116989136 [ 0.08361282]
285 garray(90.4823989868164) 91.7959060669 [ 0.08361496]
286 garray(90.57325744628906) 91.8135986328 [ 0.08361576]
287 garray(90.48247528076172) 91.844619751 [ 0.0836259]
288 garray(90.49315643310547) 91.8200912476 [ 0.08363245]
289 garray(90.48311614990234) 91.823097229 [ 0.0836577]
290 garray(90.47074127197266) 91.7622680664 [ 0.08361724]
291 garray(90.46617126464844) 91.7982177734 [ 0.08372931]
292 garray(90.5113296508789) 91.7587890625 [ 0.08362031]
293 garray(90.47435760498047) 91.80078125 [ 0.08363982]
294 garray(90.4832992553711) 91.8038101196 [ 0.08371656]
295 garray(90.53561401367188) 91.803894043 [ 0.08371745]
296 garray(90.49068450927734) 91.8518066406 [ 0.08374278]
297 garray(90.44697570800781) 91.8630752563 [ 0.08364749]
298 garray(90.52169036865234) 91.8273468018 [ 0.08375311]
299 garray(90.39144134521484) 91.7841186523 [ 0.0837748]
300 garray(90.4774398803711) 91.7407989502 [ 0.08364538]
301 garray(90.44923400878906) 91.7934951782 [ 0.08366656]
302 garray(90.47496032714844) 91.8257141113 [ 0.08371717]
303 garray(90.5673599243164) 91.8017196655 [ 0.08379576]
304 garray(90.4748764038086) 91.8165512085 [ 0.08375995]
305 garray(90.57328033447266) 91.8120803833 [ 0.08359964]
306 garray(90.53683471679688) 91.864440918 [ 0.08361383]
307 garray(90.46470642089844) 91.7913665771 [ 0.08364376]
308 garray(90.53016662597656) 91.8272781372 [ 0.08359281]
309 garray(90.47882843017578) 91.8801879883 [ 0.0836205]
310 garray(90.47476959228516) 91.7790374756 [ 0.08367653]
311 garray(90.48297882080078) 91.7992553711 [ 0.08366275]
312 garray(90.48889923095703) 91.8717956543 [ 0.08357]
313 garray(90.53359985351562) 91.7744598389 [ 0.08356434]
314 garray(90.48894500732422) 91.8655014038 [ 0.08344444]
315 garray(90.5072250366211) 91.8118591309 [ 0.08341309]
316 garray(90.4292984008789) 91.8065490723 [ 0.08347917]
317 garray(90.54513549804688) 91.8493881226 [ 0.08357247]
318 garray(90.49335479736328) 91.8414382935 [ 0.08352689]
319 garray(90.54325103759766) 91.8337554932 [ 0.08356746]
320 garray(90.52178955078125) 91.8036346436 [ 0.08360226]
321 garray(90.47845458984375) 91.7979660034 [ 0.08365694]
322 garray(90.4894790649414) 91.8215713501 [ 0.08368796]
323 garray(90.49109649658203) 91.8086776733 [ 0.0836586]
324 garray(90.564208984375) 91.8390960693 [ 0.08361004]
325 garray(90.54359436035156) 91.867401123 [ 0.08364189]
326 garray(90.48426055908203) 91.8114395142 [ 0.08364147]
327 garray(90.42472076416016) 91.7907104492 [ 0.08361529]
328 garray(90.5344467163086) 91.8378982544 [ 0.08353598]
329 garray(90.47505950927734) 91.8011474609 [ 0.08359915]
330 garray(90.50204467773438) 91.8752365112 [ 0.08363989]
331 garray(90.49579620361328) 91.8245010376 [ 0.08377085]
332 garray(90.44216918945312) 91.8198394775 [ 0.08380756]
333 garray(90.50769805908203) 91.9063949585 [ 0.08389047]
334 garray(90.5406265258789) 91.8194351196 [ 0.08377409]
335 garray(90.55040740966797) 91.7991485596 [ 0.0836673]
336 garray(90.51786041259766) 91.8464584351 [ 0.08372005]
337 garray(90.4949951171875) 91.8439941406 [ 0.08369162]
338 garray(90.54959869384766) 91.8105773926 [ 0.08372314]
339 garray(90.3960952758789) 91.7772293091 [ 0.08374249]
340 garray(90.51119995117188) 91.82371521 [ 0.08372451]
341 garray(90.545654296875) 91.7963409424 [ 0.08371]
342 garray(90.50963592529297) 91.7764892578 [ 0.08367599]
343 garray(90.48347473144531) 91.8307266235 [ 0.08375776]
344 garray(90.51377868652344) 91.8474578857 [ 0.08361307]
345 garray(90.5204086303711) 91.8512191772 [ 0.08364073]
346 garray(90.51522064208984) 91.7537841797 [ 0.08358429]
347 garray(90.43509674072266) 91.7912597656 [ 0.08357698]
348 garray(90.46116638183594) 91.8507995605 [ 0.08362848]
349 garray(90.45755767822266) 91.7588348389 [ 0.08371241]
350 garray(90.53160095214844) 91.8188171387 [ 0.08363434]
351 garray(90.45835876464844) 91.8521194458 [ 0.08369312]
352 garray(90.40892028808594) 91.780960083 [ 0.08366392]
353 garray(90.44214630126953) 91.7230682373 [ 0.08356496]
354 garray(90.48773956298828) 91.8340377808 [ 0.08367618]
355 garray(90.49153900146484) 91.7930984497 [ 0.08366702]
356 garray(90.43345642089844) 91.8243408203 [ 0.08376589]
357 garray(90.44485473632812) 91.7669754028 [ 0.08387009]
358 garray(90.45267486572266) 91.7891159058 [ 0.08380045]
359 garray(90.53975677490234) 91.847366333 [ 0.08377889]
360 garray(90.53955841064453) 91.8150939941 [ 0.08381006]
361 garray(90.45267486572266) 91.8093414307 [ 0.08385168]
362 garray(90.4796371459961) 91.8158493042 [ 0.08385482]
363 garray(90.41474914550781) 91.7946243286 [ 0.08384253]
364 garray(90.5701904296875) 91.8162002563 [ 0.08383407]
365 garray(90.51603698730469) 91.7784347534 [ 0.08381384]
366 garray(90.48027038574219) 91.8170394897 [ 0.0839097]
367 garray(90.50120544433594) 91.8009490967 [ 0.08380743]
368 garray(90.41504669189453) 91.8000946045 [ 0.08376685]
369 garray(90.49685668945312) 91.8088302612 [ 0.0838098]
370 garray(90.52489471435547) 91.7739944458 [ 0.08381788]
371 garray(90.56385803222656) 91.7780151367 [ 0.0838148]
372 garray(90.48067474365234) 91.8181991577 [ 0.08380674]
373 garray(90.47480010986328) 91.754234314 [ 0.08377179]
374 garray(90.50736999511719) 91.8175582886 [ 0.08385807]
375 garray(90.46717834472656) 91.8061447144 [ 0.08384425]
376 garray(90.46876525878906) 91.7343139648 [ 0.08393595]
377 garray(90.48243713378906) 91.8222808838 [ 0.08391831]
378 garray(90.46357727050781) 91.7937164307 [ 0.08397673]
379 garray(90.4621810913086) 91.7463607788 [ 0.08410654]
380 garray(90.41773986816406) 91.7660980225 [ 0.08403528]
381 garray(90.49923706054688) 91.7898406982 [ 0.08393478]
382 garray(90.49209594726562) 91.7524185181 [ 0.08396495]
383 garray(90.47783660888672) 91.7842788696 [ 0.08384639]
384 garray(90.51229095458984) 91.8233795166 [ 0.08382823]
385 garray(90.46255493164062) 91.7529678345 [ 0.08380903]
386 garray(90.48194885253906) 91.7694854736 [ 0.08378232]
387 garray(90.40802001953125) 91.8015594482 [ 0.08378533]
388 garray(90.48088073730469) 91.7391967773 [ 0.08377894]
389 garray(90.49927520751953) 91.7695999146 [ 0.08381182]
390 garray(90.49556732177734) 91.8237380981 [ 0.08390865]
391 garray(90.49837493896484) 91.8254547119 [ 0.08389502]
392 garray(90.50387573242188) 91.8200302124 [ 0.08394138]
393 garray(90.48731994628906) 91.8038406372 [ 0.08393234]
394 garray(90.48896026611328) 91.8511352539 [ 0.08386167]
395 garray(90.54259490966797) 91.8101882935 [ 0.08391535]
396 garray(90.47297668457031) 91.8112945557 [ 0.08390096]
397 garray(90.46525573730469) 91.8030471802 [ 0.08390688]
398 garray(90.52922058105469) 91.748878479 [ 0.08396125]
399 garray(90.44232940673828) 91.8083496094 [ 0.0838449]
400 garray(90.46722412109375) 91.7767944336 [ 0.08392188]
401 garray(90.46881103515625) 91.8150405884 [ 0.0838677]
402 garray(90.50641632080078) 91.8228149414 [ 0.08388202]
403 garray(90.4132080078125) 91.7607803345 [ 0.08393785]
404 garray(90.4348373413086) 91.8680801392 [ 0.08390236]
405 garray(90.498046875) 91.7873153687 [ 0.08385553]
406 garray(90.42231750488281) 91.834197998 [ 0.0840292]
407 garray(90.40771484375) 91.7961349487 [ 0.08402346]
408 garray(90.44871520996094) 91.819519043 [ 0.08388629]
409 garray(90.46685791015625) 91.8215942383 [ 0.08390251]
410 garray(90.41241455078125) 91.7798995972 [ 0.08394937]
411 garray(90.53679656982422) 91.8156967163 [ 0.08392977]
412 garray(90.40985107421875) 91.7396697998 [ 0.08393441]
413 garray(90.31675720214844) 91.8385543823 [ 0.08396063]
414 garray(90.55847930908203) 91.7707595825 [ 0.08391221]
415 garray(90.50434875488281) 91.8043365479 [ 0.0840169]
416 garray(90.37661743164062) 91.704788208 [ 0.08391689]
417 garray(90.51427459716797) 91.7596969604 [ 0.08400834]
418 garray(90.37886047363281) 91.8494491577 [ 0.08401914]
419 garray(90.46797943115234) 91.7791595459 [ 0.08404452]
420 garray(90.4422378540039) 91.757270813 [ 0.08395119]
421 garray(90.49919891357422) 91.84349823 [ 0.08396755]
422 garray(90.421875) 91.7895202637 [ 0.0838541]
423 garray(90.5008544921875) 91.8058776855 [ 0.08384503]
424 garray(90.47998046875) 91.8310775757 [ 0.08391549]
425 garray(90.45086669921875) 91.756401062 [ 0.08384919]
426 garray(90.5080795288086) 91.803894043 [ 0.08389469]
427 garray(90.47195434570312) 91.8181762695 [ 0.08395686]
428 garray(90.47362518310547) 91.7729797363 [ 0.0839291]
429 garray(90.39897918701172) 91.7225112915 [ 0.08398683]
430 garray(90.43313598632812) 91.6941146851 [ 0.08389761]
431 garray(90.48165893554688) 91.810546875 [ 0.08390795]
432 garray(90.44219970703125) 91.851776123 [ 0.08400066]
433 garray(90.49315643310547) 91.7778167725 [ 0.08401869]
434 garray(90.45626831054688) 91.7567596436 [ 0.08391706]
435 garray(90.5160140991211) 91.8189544678 [ 0.08387317]
436 garray(90.52471923828125) 91.8076400757 [ 0.08390312]
437 garray(90.40089416503906) 91.8548355103 [ 0.08388599]
438 garray(90.49028015136719) 91.7762069702 [ 0.08385238]
439 garray(90.49321746826172) 91.841545105 [ 0.08384806]
440 garray(90.40084838867188) 91.7793045044 [ 0.08377452]
441 garray(90.413818359375) 91.7862091064 [ 0.08379477]
442 garray(90.4635009765625) 91.7845611572 [ 0.08373191]
443 garray(90.47571563720703) 91.7852096558 [ 0.08381224]
444 garray(90.42160034179688) 91.8167266846 [ 0.08390089]
445 garray(90.4644775390625) 91.7316665649 [ 0.08395765]
446 garray(90.46675872802734) 91.7708740234 [ 0.08395042]
447 garray(90.47600555419922) 91.820526123 [ 0.0838298]
448 garray(90.47869873046875) 91.8136672974 [ 0.08392865]
449 garray(90.5173568725586) 91.8161468506 [ 0.0839458]
450 garray(90.43994903564453) 91.8385467529 [ 0.08399175]
451 garray(90.4847183227539) 91.7712860107 [ 0.08400268]
452 garray(90.44298553466797) 91.8466339111 [ 0.08399598]
453 garray(90.40216064453125) 91.797744751 [ 0.08390647]
454 garray(90.4478759765625) 91.7913208008 [ 0.08393632]
455 garray(90.48796081542969) 91.7847442627 [ 0.08393791]
456 garray(90.50238037109375) 91.7743682861 [ 0.08386129]
457 garray(90.47650909423828) 91.7361755371 [ 0.08383675]
458 garray(90.5176010131836) 91.8415298462 [ 0.08383719]
459 garray(90.47850799560547) 91.762878418 [ 0.08394577]
460 garray(90.46753692626953) 91.7552185059 [ 0.08403274]
461 garray(90.36790466308594) 91.8491210938 [ 0.08394126]
462 garray(90.42527770996094) 91.7817077637 [ 0.08386888]
463 garray(90.47101593017578) 91.7242279053 [ 0.08398889]
464 garray(90.45137786865234) 91.8050765991 [ 0.08397403]
465 garray(90.42377471923828) 91.7664260864 [ 0.08402816]
466 garray(90.51263427734375) 91.7915267944 [ 0.08398706]
467 garray(90.48846435546875) 91.7863540649 [ 0.08397954]
468 garray(90.45183563232422) 91.8533554077 [ 0.08404812]
469 garray(90.4611587524414) 91.8321990967 [ 0.08412411]
470 garray(90.43293762207031) 91.783996582 [ 0.08401661]
471 garray(90.44903564453125) 91.75 [ 0.08401316]
472 garray(90.5190200805664) 91.7803344727 [ 0.08395452]
473 garray(90.49431610107422) 91.8240203857 [ 0.08402189]
474 garray(90.48851776123047) 91.7816162109 [ 0.08396286]
475 garray(90.4482192993164) 91.7929153442 [ 0.08386012]
476 garray(90.40445709228516) 91.8018341064 [ 0.08388069]
477 garray(90.47903442382812) 91.807220459 [ 0.08393022]
478 garray(90.42750549316406) 91.7895965576 [ 0.08390329]
479 garray(90.48445129394531) 91.7753982544 [ 0.08394989]
480 garray(90.4117202758789) 91.7607192993 [ 0.08381874]
481 garray(90.41099548339844) 91.7920074463 [ 0.08392097]
482 garray(90.52556610107422) 91.8485946655 [ 0.08380798]
483 garray(90.43795776367188) 91.7824401855 [ 0.08386185]
484 garray(90.5093994140625) 91.7671966553 [ 0.0839144]
485 garray(90.44580078125) 91.7564544678 [ 0.08403442]
486 garray(90.42015838623047) 91.7975387573 [ 0.08400786]
487 garray(90.4659194946289) 91.7961807251 [ 0.0840834]
488 garray(90.4706802368164) 91.800819397 [ 0.08418805]
489 garray(90.43751525878906) 91.7652206421 [ 0.08408669]
490 garray(90.48391723632812) 91.7842407227 [ 0.08397942]
491 garray(90.36882781982422) 91.7933959961 [ 0.08400624]
492 garray(90.46859741210938) 91.7457351685 [ 0.08402756]
493 garray(90.4704360961914) 91.7409210205 [ 0.08383866]
494 garray(90.42171478271484) 91.7714157104 [ 0.08389503]
495 garray(90.43743133544922) 91.7938995361 [ 0.08398656]
496 garray(90.41649627685547) 91.8078308105 [ 0.08400657]
497 garray(90.4295654296875) 91.7814712524 [ 0.08410143]
498 garray(90.40425109863281) 91.8043212891 [ 0.08408925]
499 garray(90.39986419677734) 91.8049163818 [ 0.08413049]
creating pickled numpy output
wrote pickled numpy output
Final validation loss
garray(91.79561614990234)
Final test loss
garray(91.07575988769531)
Final estimated test NLL
87.6525494672
Theano: Initializing cuBLAS
