(50000L, 784L)
compiled score function
Old best loss:
garray(90.96376037597656)
Compiled loss functions
0 0.0 90.9698562622 [ 0.08994157]
1 0.0 90.9678039551 [ 0.09006727]
2 0.0 91.0264587402 [ 0.08998773]
3 0.0 90.9719696045 [ 0.09006605]
4 0.0 90.9795379639 [ 0.09004306]
5 0.0 91.0457382202 [ 0.09006428]
6 0.0 90.9750595093 [ 0.09005178]
7 0.0 90.9451599121 [ 0.09008774]
8 0.0 90.9814605713 [ 0.09004227]
9 0.0 90.9445571899 [ 0.09002708]
10 0.0 90.9446411133 [ 0.09006164]
11 0.0 91.0057601929 [ 0.09011224]
12 0.0 90.9351501465 [ 0.0901149]
13 0.0 90.9702301025 [ 0.09007541]
14 0.0 90.9535675049 [ 0.09021905]
15 0.0 90.9608612061 [ 0.09022617]
16 0.0 91.0103149414 [ 0.09010688]
17 0.0 90.9905014038 [ 0.09014424]
18 0.0 91.0247192383 [ 0.09017143]
19 0.0 90.9580764771 [ 0.09012968]
20 0.0 90.9574356079 [ 0.09012584]
21 0.0 90.9927597046 [ 0.09021155]
22 0.0 91.0173492432 [ 0.09015838]
23 0.0 91.0018386841 [ 0.0901589]
24 0.0 90.9500198364 [ 0.09022718]
25 0.0 90.960395813 [ 0.09022557]
26 0.0 91.0701599121 [ 0.09019289]
27 0.0 90.927734375 [ 0.09024829]
28 0.0 90.9515075684 [ 0.09020452]
29 0.0 90.972618103 [ 0.09017154]
30 0.0 90.967376709 [ 0.09019131]
31 0.0 90.9997558594 [ 0.09012549]
32 0.0 90.9604568481 [ 0.09017115]
33 0.0 90.9588394165 [ 0.09024308]
34 0.0 90.953338623 [ 0.0902688]
35 0.0 91.0096588135 [ 0.09028545]
36 0.0 90.9969406128 [ 0.0902541]
37 0.0 90.9229202271 [ 0.09018755]
38 0.0 90.997215271 [ 0.09017358]
39 0.0 90.9873580933 [ 0.09017343]
40 0.0 90.9579391479 [ 0.09018601]
41 0.0 90.9262771606 [ 0.09028325]
42 0.0 90.9667358398 [ 0.0903755]
43 0.0 90.9910354614 [ 0.09038581]
44 0.0 90.9045791626 [ 0.09026523]
45 0.0 91.0346450806 [ 0.09026345]
46 0.0 91.0874862671 [ 0.0902541]
47 0.0 90.9807281494 [ 0.09028778]
48 0.0 90.9752807617 [ 0.09028647]
49 0.0 90.9939651489 [ 0.09034208]
50 0.0 91.0097579956 [ 0.09029826]
51 0.0 90.9441146851 [ 0.09024117]
52 0.0 90.9885559082 [ 0.09026708]
53 0.0 90.9338989258 [ 0.09023329]
54 0.0 90.9862594604 [ 0.09030337]
55 0.0 90.9660949707 [ 0.09027067]
56 0.0 90.9475097656 [ 0.09035479]
57 0.0 90.9570159912 [ 0.0904008]
58 0.0 90.9303588867 [ 0.09037304]
59 0.0 90.958366394 [ 0.09040591]
60 0.0 90.9463195801 [ 0.09036256]
61 0.0 90.9863204956 [ 0.09034271]
62 0.0 91.017868042 [ 0.09043716]
63 0.0 90.9505157471 [ 0.09041347]
64 0.0 90.9928359985 [ 0.09037796]
65 0.0 90.982460022 [ 0.09039202]
66 0.0 90.9026489258 [ 0.09045145]
67 0.0 90.9324798584 [ 0.09036401]
68 0.0 90.950088501 [ 0.09030808]
69 0.0 91.013999939 [ 0.09035968]
70 0.0 91.0052947998 [ 0.09038011]
71 0.0 90.9824142456 [ 0.09041845]
72 0.0 90.9707946777 [ 0.09030094]
73 0.0 91.0431365967 [ 0.09035104]
74 0.0 91.0126266479 [ 0.0903573]
75 0.0 90.9349365234 [ 0.09039076]
76 0.0 90.9804153442 [ 0.09044691]
77 0.0 90.9692001343 [ 0.0903909]
78 0.0 90.9618148804 [ 0.09039555]
79 0.0 90.9965515137 [ 0.09038841]
80 0.0 90.8966445923 [ 0.09036386]
81 0.0 90.932434082 [ 0.09038635]
82 0.0 90.9605407715 [ 0.0903713]
83 0.0 90.9493942261 [ 0.09045631]
84 0.0 90.9317779541 [ 0.09044482]
85 0.0 90.9816970825 [ 0.09047745]
86 0.0 90.9601287842 [ 0.0904722]
87 0.0 90.9148178101 [ 0.09047255]
88 0.0 90.9578552246 [ 0.09046718]
89 0.0 90.9649963379 [ 0.09040664]
90 0.0 90.9787139893 [ 0.09044778]
91 0.0 90.9199981689 [ 0.09041954]
92 0.0 90.9192352295 [ 0.09048853]
93 0.0 90.9945755005 [ 0.09054219]
94 0.0 90.9543609619 [ 0.09056752]
95 0.0 90.9315643311 [ 0.09053702]
96 0.0 90.9515991211 [ 0.09058658]
97 0.0 90.9213790894 [ 0.09066997]
98 0.0 90.930015564 [ 0.09055707]
99 0.0 91.0086746216 [ 0.09067883]
100 0.0 90.9404067993 [ 0.09061254]
101 0.0 90.9799041748 [ 0.09061286]
102 0.0 90.9403991699 [ 0.09067354]
103 0.0 90.9680175781 [ 0.09060521]
104 0.0 90.9189147949 [ 0.09063902]
105 0.0 90.9349975586 [ 0.09057051]
106 0.0 90.962677002 [ 0.09054243]
107 0.0 90.9348373413 [ 0.09055796]
108 0.0 90.921295166 [ 0.09051374]
109 0.0 90.9758987427 [ 0.09062577]
110 0.0 90.9922103882 [ 0.09060224]
111 0.0 90.9828491211 [ 0.09061483]
112 0.0 90.9474487305 [ 0.0906171]
113 0.0 91.0027160645 [ 0.09066559]
114 0.0 90.9296112061 [ 0.0905638]
115 0.0 90.9481506348 [ 0.09053831]
116 0.0 90.8854598999 [ 0.09052338]
117 0.0 90.9860610962 [ 0.09057809]
118 0.0 90.9289398193 [ 0.09060914]
119 0.0 90.9627685547 [ 0.09046593]
120 0.0 90.9329986572 [ 0.09048678]
121 0.0 90.9475479126 [ 0.09058167]
122 0.0 90.9578552246 [ 0.09062417]
123 0.0 90.9637374878 [ 0.09054015]
124 0.0 90.9114456177 [ 0.09054707]
125 0.0 90.9165267944 [ 0.09065663]
126 0.0 90.9086685181 [ 0.09068582]
127 0.0 90.9420013428 [ 0.09065035]
128 0.0 90.9826965332 [ 0.09067494]
129 0.0 90.9580383301 [ 0.09062518]
130 0.0 90.910736084 [ 0.09060955]
131 0.0 90.9466171265 [ 0.0906539]
132 0.0 90.9468765259 [ 0.09060158]
133 0.0 90.9509353638 [ 0.09061899]
134 0.0 90.9502944946 [ 0.09062733]
135 0.0 91.0242080688 [ 0.09062454]
136 0.0 90.9326782227 [ 0.09057341]
137 0.0 91.0180587769 [ 0.09054815]
138 0.0 90.9483947754 [ 0.09063819]
139 0.0 90.9962158203 [ 0.09065984]
140 0.0 90.9469299316 [ 0.09073539]
141 0.0 90.9546508789 [ 0.09070368]
142 0.0 90.9127502441 [ 0.09067806]
143 0.0 90.9344787598 [ 0.09071976]
144 0.0 90.942237854 [ 0.0907589]
145 0.0 90.9877090454 [ 0.09083134]
146 0.0 90.9831314087 [ 0.09081602]
147 0.0 90.9652709961 [ 0.09076222]
148 0.0 90.938079834 [ 0.09076109]
149 0.0 90.9673080444 [ 0.09080088]
150 0.0 90.9196548462 [ 0.09065345]
151 0.0 90.9370574951 [ 0.09066049]
152 0.0 90.9054870605 [ 0.09074731]
153 0.0 90.9463806152 [ 0.0907346]
154 0.0 90.9334564209 [ 0.09077639]
155 0.0 90.9508361816 [ 0.09073474]
156 0.0 90.9801940918 [ 0.09075158]
157 0.0 90.9664154053 [ 0.09082877]
158 0.0 90.954460144 [ 0.09089952]
159 0.0 90.8662567139 [ 0.09086029]
160 0.0 90.9719314575 [ 0.09093172]
161 0.0 90.9571685791 [ 0.09089526]
162 0.0 90.9696578979 [ 0.09084604]
163 0.0 90.9296188354 [ 0.09090087]
164 0.0 90.935760498 [ 0.09093593]
165 0.0 90.9173583984 [ 0.09087469]
166 0.0 90.9251098633 [ 0.0909068]
167 0.0 90.9819412231 [ 0.09093652]
168 0.0 90.9303970337 [ 0.09086733]
169 0.0 90.9122543335 [ 0.09092416]
170 0.0 90.9441070557 [ 0.09096233]
171 0.0 90.9499206543 [ 0.09092303]
172 0.0 90.912361145 [ 0.09091138]
173 0.0 91.0052261353 [ 0.09085252]
174 0.0 90.9660263062 [ 0.09085909]
175 0.0 90.9094161987 [ 0.09089858]
176 0.0 90.9212799072 [ 0.09086158]
177 0.0 90.9546203613 [ 0.0909042]
178 0.0 90.9510345459 [ 0.09093944]
179 0.0 90.9370040894 [ 0.09099198]
180 0.0 90.9410400391 [ 0.09091708]
181 0.0 90.9708251953 [ 0.09099103]
182 0.0 90.9172286987 [ 0.0910344]
183 0.0 90.9823150635 [ 0.09101876]
184 0.0 90.9469604492 [ 0.09101118]
185 0.0 90.9491577148 [ 0.09093595]
186 0.0 90.9187850952 [ 0.09085896]
187 0.0 90.9175186157 [ 0.09084766]
188 0.0 90.9039993286 [ 0.09087972]
189 0.0 90.9515991211 [ 0.09090128]
190 0.0 90.9826812744 [ 0.09099199]
191 0.0 90.8814849854 [ 0.09110791]
192 0.0 90.9534759521 [ 0.09108209]
193 0.0 90.9372406006 [ 0.09101634]
194 0.0 90.9570465088 [ 0.09101924]
195 0.0 90.9227371216 [ 0.0910049]
196 0.0 90.8838348389 [ 0.09102356]
197 0.0 90.9892959595 [ 0.09099403]
198 0.0 90.9536972046 [ 0.09097314]
199 0.0 90.9590988159 [ 0.09095602]
200 0.0 90.9071960449 [ 0.09092254]
201 0.0 90.9072799683 [ 0.0910274]
202 0.0 90.91746521 [ 0.09107622]
203 0.0 90.8820495605 [ 0.0911299]
204 0.0 90.9698638916 [ 0.09103821]
205 0.0 90.9086914062 [ 0.09107162]
206 0.0 90.9209594727 [ 0.0911427]
207 0.0 90.9151763916 [ 0.09117595]
208 0.0 91.0096740723 [ 0.09112057]
209 0.0 90.9595108032 [ 0.0910687]
210 0.0 90.9387741089 [ 0.09105444]
211 0.0 90.926109314 [ 0.09103277]
212 0.0 90.9233856201 [ 0.09109062]
213 0.0 90.9232177734 [ 0.09113385]
214 0.0 90.9231948853 [ 0.09107251]
215 0.0 90.9164352417 [ 0.0911399]
216 0.0 90.9047012329 [ 0.09116754]
217 0.0 90.9567642212 [ 0.0911817]
218 0.0 90.9541549683 [ 0.09117555]
219 0.0 90.8475341797 [ 0.09120639]
220 0.0 90.9214248657 [ 0.09118975]
221 0.0 90.9336776733 [ 0.09119678]
222 0.0 90.9799880981 [ 0.09122023]
223 0.0 90.9433898926 [ 0.091215]
224 0.0 90.8842010498 [ 0.09116276]
225 0.0 90.9158782959 [ 0.09120005]
226 0.0 90.9100265503 [ 0.09123576]
227 0.0 90.9121398926 [ 0.09123375]
228 0.0 90.9797668457 [ 0.09115646]
229 0.0 90.9312057495 [ 0.09116639]
230 0.0 90.8943786621 [ 0.09114154]
231 0.0 90.9078140259 [ 0.09113876]
232 0.0 90.9056549072 [ 0.09117091]
233 0.0 90.9916152954 [ 0.09120387]
234 0.0 90.9566802979 [ 0.09128989]
235 0.0 90.9480209351 [ 0.09133357]
236 0.0 90.9044342041 [ 0.09134019]
237 0.0 90.9281997681 [ 0.09130632]
238 0.0 90.9297485352 [ 0.09129624]
239 0.0 90.9328994751 [ 0.09130337]
240 0.0 90.8975982666 [ 0.09132403]
241 0.0 90.892036438 [ 0.09133]
242 0.0 90.90599823 [ 0.09119666]
243 0.0 90.8676147461 [ 0.09119881]
244 0.0 90.9320983887 [ 0.09114044]
245 0.0 90.9016265869 [ 0.09118419]
246 0.0 90.8787384033 [ 0.09128301]
247 0.0 90.9060211182 [ 0.09126905]
248 0.0 90.8988571167 [ 0.09134763]
249 0.0 90.9105300903 [ 0.09140868]
250 0.0 90.8885345459 [ 0.09135728]
251 0.0 90.9009552002 [ 0.09136452]
252 0.0 90.9520263672 [ 0.09137248]
253 0.0 90.903678894 [ 0.09141372]
254 0.0 90.9531173706 [ 0.09128438]
255 0.0 90.9301986694 [ 0.09123572]
256 0.0 90.9597549438 [ 0.09127224]
257 0.0 90.9342956543 [ 0.09121736]
258 0.0 90.9076080322 [ 0.09130333]
259 0.0 90.9943695068 [ 0.09126604]
260 0.0 90.9959793091 [ 0.09126608]
261 0.0 90.885017395 [ 0.09126151]
262 0.0 90.9355010986 [ 0.09135021]
263 0.0 90.91456604 [ 0.09129593]
264 0.0 90.8981170654 [ 0.09140318]
265 0.0 90.8385162354 [ 0.09142752]
266 0.0 90.912361145 [ 0.09145827]
267 0.0 90.9171066284 [ 0.09142597]
268 0.0 90.9219055176 [ 0.09144649]
269 0.0 90.9489364624 [ 0.09141584]
270 0.0 90.9636001587 [ 0.09141742]
271 0.0 90.91355896 [ 0.09149208]
272 0.0 90.899559021 [ 0.09134785]
273 0.0 90.9313964844 [ 0.09135864]
274 0.0 90.926361084 [ 0.09132755]
275 0.0 90.8518371582 [ 0.09140807]
276 0.0 90.9049682617 [ 0.09139277]
277 0.0 90.8406600952 [ 0.0914]
278 0.0 90.9084396362 [ 0.09145587]
279 0.0 90.930770874 [ 0.0915636]
280 0.0 90.881401062 [ 0.09154424]
281 0.0 90.927520752 [ 0.09147878]
282 0.0 90.8803253174 [ 0.09137449]
283 0.0 90.9107666016 [ 0.09148751]
284 0.0 90.940826416 [ 0.09139341]
285 0.0 90.9024353027 [ 0.09145046]
286 0.0 90.9233093262 [ 0.09135312]
287 0.0 90.8816452026 [ 0.09143004]
288 0.0 90.8622894287 [ 0.09142237]
289 0.0 90.9445343018 [ 0.09148232]
290 0.0 90.9209289551 [ 0.09150227]
291 0.0 90.9462966919 [ 0.09137046]
292 0.0 90.9172363281 [ 0.0914757]
293 0.0 90.916015625 [ 0.09145266]
294 0.0 90.8813858032 [ 0.09150554]
295 0.0 90.9214706421 [ 0.09143612]
296 0.0 90.9320373535 [ 0.09151433]
297 0.0 90.8562850952 [ 0.09151157]
298 0.0 90.9158782959 [ 0.09150135]
299 0.0 90.8630371094 [ 0.09152399]
300 0.0 90.9182052612 [ 0.09154818]
301 0.0 90.9024276733 [ 0.0914939]
302 0.0 90.9360580444 [ 0.0914424]
303 0.0 90.9374694824 [ 0.09161072]
304 0.0 90.9030761719 [ 0.0916705]
305 0.0 90.9639587402 [ 0.09160826]
306 0.0 90.8899383545 [ 0.0915853]
307 0.0 90.9376983643 [ 0.09155098]
308 0.0 90.9638366699 [ 0.09162748]
309 0.0 90.8834762573 [ 0.09167379]
310 0.0 90.925994873 [ 0.09160402]
311 0.0 90.9231948853 [ 0.09161297]
312 0.0 90.8973007202 [ 0.0916859]
313 0.0 90.878036499 [ 0.09164847]
314 0.0 90.8851394653 [ 0.09155435]
315 0.0 90.891204834 [ 0.09160722]
316 0.0 90.9461364746 [ 0.09157973]
317 0.0 90.9153747559 [ 0.09151502]
318 0.0 90.8948364258 [ 0.0915498]
319 0.0 90.9118270874 [ 0.09156217]
320 0.0 90.8844680786 [ 0.09164778]
321 0.0 90.9226760864 [ 0.09162784]
322 0.0 90.8740997314 [ 0.09163653]
323 0.0 90.9091491699 [ 0.09164259]
324 0.0 90.8827590942 [ 0.09163142]
325 0.0 90.8698196411 [ 0.09166335]
326 0.0 90.9082641602 [ 0.09164428]
327 0.0 90.8899078369 [ 0.09171032]
328 0.0 90.955619812 [ 0.09162657]
329 0.0 90.8263549805 [ 0.0916666]
330 0.0 90.9475097656 [ 0.09164539]
331 0.0 90.8537902832 [ 0.09168033]
332 0.0 90.8848190308 [ 0.09168025]
333 0.0 90.8791809082 [ 0.09162117]
334 0.0 90.8910064697 [ 0.0916441]
335 0.0 90.8996353149 [ 0.09169336]
336 0.0 90.9183578491 [ 0.0916344]
337 0.0 90.8895339966 [ 0.09160362]
338 0.0 90.8371276855 [ 0.09160722]
339 0.0 90.8938369751 [ 0.09171878]
340 0.0 90.8749771118 [ 0.09171029]
341 0.0 90.878868103 [ 0.09178744]
342 0.0 90.8728103638 [ 0.091739]
343 0.0 90.8894271851 [ 0.09176349]
344 0.0 90.9002380371 [ 0.09172051]
345 0.0 90.9270401001 [ 0.09177192]
346 0.0 90.9490966797 [ 0.09182265]
347 0.0 90.852180481 [ 0.09166916]
348 0.0 90.8704147339 [ 0.09171637]
349 0.0 90.9718170166 [ 0.09171748]
350 0.0 90.8971710205 [ 0.09185781]
351 0.0 90.9413986206 [ 0.09187118]
352 0.0 91.0061340332 [ 0.09190567]
353 0.0 90.9050598145 [ 0.09183529]
354 0.0 90.8564758301 [ 0.09177657]
355 0.0 90.9287567139 [ 0.09172592]
356 0.0 90.9455490112 [ 0.09169415]
357 0.0 90.9030303955 [ 0.09175237]
358 0.0 90.9396362305 [ 0.09174141]
359 0.0 90.8963775635 [ 0.09179979]
360 0.0 90.9374160767 [ 0.09177921]
361 0.0 90.9181747437 [ 0.09181849]
362 0.0 90.8572311401 [ 0.09184384]
363 0.0 90.9006958008 [ 0.0918888]
364 0.0 90.9015197754 [ 0.09189428]
365 0.0 90.8808288574 [ 0.0918503]
366 0.0 90.888053894 [ 0.09193574]
367 0.0 90.9157562256 [ 0.0919173]
368 0.0 90.8155975342 [ 0.09193383]
369 0.0 90.8592147827 [ 0.09189769]
370 0.0 90.9475784302 [ 0.09183884]
371 0.0 90.8999099731 [ 0.09183231]
372 0.0 90.9423141479 [ 0.09179058]
373 0.0 90.9460754395 [ 0.09181996]
374 0.0 90.9435195923 [ 0.09183217]
375 0.0 90.8444061279 [ 0.09190149]
376 0.0 90.9164581299 [ 0.09185415]
377 0.0 90.899848938 [ 0.09188875]
378 0.0 90.9072341919 [ 0.09192155]
379 0.0 90.8788909912 [ 0.09196335]
380 0.0 90.8957672119 [ 0.09194557]
381 0.0 90.8632049561 [ 0.09198815]
382 0.0 90.8726959229 [ 0.09200591]
383 0.0 90.8577957153 [ 0.09210626]
384 0.0 90.8547363281 [ 0.09200311]
385 0.0 90.9103393555 [ 0.09213478]
386 0.0 90.8398590088 [ 0.09211689]
387 0.0 90.8357543945 [ 0.09202808]
388 0.0 90.8716659546 [ 0.09204013]
389 0.0 90.862991333 [ 0.09209693]
390 0.0 90.8916168213 [ 0.09205347]
391 0.0 90.8073348999 [ 0.09206668]
392 0.0 90.9100341797 [ 0.09206215]
393 0.0 90.8838500977 [ 0.09205283]
394 0.0 90.9132003784 [ 0.09206023]
395 0.0 90.9548568726 [ 0.09203501]
396 0.0 90.9138259888 [ 0.09209141]
397 0.0 90.9702606201 [ 0.0921243]
398 0.0 90.8805007935 [ 0.09219694]
399 0.0 91.0276412964 [ 0.09212778]
400 0.0 90.8893356323 [ 0.09220902]
401 0.0 90.8809280396 [ 0.09213901]
402 0.0 90.8702087402 [ 0.09220835]
403 0.0 90.9209365845 [ 0.09215914]
404 0.0 90.8147201538 [ 0.09206894]
405 0.0 90.8552093506 [ 0.09212548]
406 0.0 90.8967056274 [ 0.09223253]
407 0.0 90.8851394653 [ 0.09222769]
408 0.0 90.8741912842 [ 0.09213716]
409 0.0 90.9094390869 [ 0.09217012]
410 0.0 90.8779296875 [ 0.09223254]
411 0.0 90.8989944458 [ 0.09219012]
412 0.0 90.9022140503 [ 0.09218596]
413 0.0 90.817817688 [ 0.09224999]
414 0.0 90.8420181274 [ 0.09223962]
415 0.0 90.8493652344 [ 0.09216393]
416 0.0 90.8645172119 [ 0.09224015]
417 0.0 90.8709564209 [ 0.09219088]
418 0.0 90.8572769165 [ 0.09221315]
419 0.0 90.849319458 [ 0.09221965]
420 0.0 90.8859100342 [ 0.09222325]
421 0.0 90.8005599976 [ 0.09224211]
422 0.0 90.8925704956 [ 0.09227873]
423 0.0 90.8083648682 [ 0.09226652]
424 0.0 90.9168777466 [ 0.09228166]
425 0.0 90.8673706055 [ 0.09217655]
426 0.0 90.8372344971 [ 0.09231131]
427 0.0 90.9183807373 [ 0.09235972]
428 0.0 90.8905563354 [ 0.09239179]
429 0.0 90.8403015137 [ 0.09232167]
430 0.0 90.8730392456 [ 0.09231737]
431 0.0 90.8566207886 [ 0.09229069]
432 0.0 90.8453140259 [ 0.09232637]
433 0.0 90.8389358521 [ 0.09231272]
434 0.0 90.8541793823 [ 0.09232889]
435 0.0 90.8233566284 [ 0.09241107]
436 0.0 90.9191665649 [ 0.09234768]
437 0.0 90.8383560181 [ 0.09241415]
438 0.0 90.7924575806 [ 0.09235938]
439 0.0 90.8475799561 [ 0.0923611]
440 0.0 90.8438186646 [ 0.0923912]
441 0.0 90.8341293335 [ 0.09240121]
442 0.0 90.8494949341 [ 0.09241882]
443 0.0 90.9195785522 [ 0.0924928]
444 0.0 90.9119567871 [ 0.09243863]
445 0.0 90.9246749878 [ 0.09247877]
446 0.0 90.854637146 [ 0.09249965]
447 0.0 90.8718185425 [ 0.09248902]
448 0.0 90.8377304077 [ 0.09240453]
449 0.0 90.8117370605 [ 0.09243729]
450 0.0 90.7812194824 [ 0.09245322]
451 0.0 90.9561767578 [ 0.09235774]
452 0.0 90.8703994751 [ 0.09245074]
453 0.0 90.8849945068 [ 0.09243924]
454 0.0 90.8834381104 [ 0.09238637]
455 0.0 90.8580093384 [ 0.09243052]
456 0.0 90.8407669067 [ 0.09248064]
457 0.0 90.8702163696 [ 0.09248038]
458 0.0 90.9583053589 [ 0.09247649]
459 0.0 90.9079666138 [ 0.09250736]
460 0.0 90.8731460571 [ 0.09249748]
461 0.0 90.8759155273 [ 0.09251641]
462 0.0 90.8833465576 [ 0.09247452]
463 0.0 90.8264541626 [ 0.09246791]
464 0.0 90.8533172607 [ 0.09249301]
465 0.0 90.8340988159 [ 0.09252479]
466 0.0 90.8614196777 [ 0.09254224]
467 0.0 90.8395996094 [ 0.09255405]
468 0.0 90.8970108032 [ 0.09258231]
469 0.0 90.7757949829 [ 0.09258931]
470 0.0 90.909828186 [ 0.09256448]
471 0.0 90.9205780029 [ 0.09255979]
472 0.0 90.8537750244 [ 0.0925436]
473 0.0 90.8886871338 [ 0.09258098]
474 0.0 90.8581771851 [ 0.09259504]
475 0.0 90.8745956421 [ 0.09260093]
476 0.0 90.8769760132 [ 0.092511]
477 0.0 90.8528060913 [ 0.09263394]
478 0.0 90.8654174805 [ 0.09262256]
479 0.0 90.8563766479 [ 0.09266892]
480 0.0 90.8528366089 [ 0.09263508]
481 0.0 90.8664245605 [ 0.0925811]
482 0.0 90.8131561279 [ 0.09259615]
483 0.0 90.8442153931 [ 0.0926453]
484 0.0 90.8539352417 [ 0.0926825]
485 0.0 90.7989196777 [ 0.09268263]
486 0.0 90.8864059448 [ 0.09266047]
487 0.0 90.8681182861 [ 0.09270067]
488 0.0 90.8969039917 [ 0.09268944]
489 0.0 90.8297576904 [ 0.09270166]
490 0.0 90.8696060181 [ 0.09274611]
491 0.0 90.8126602173 [ 0.09276691]
492 0.0 90.8712997437 [ 0.09271989]
493 0.0 90.8290176392 [ 0.09267695]
494 0.0 90.8577041626 [ 0.09262386]
495 0.0 90.9129943848 [ 0.09266431]
496 0.0 90.8484344482 [ 0.09266068]
497 0.0 90.8859863281 [ 0.09270973]
498 0.0 90.8177185059 [ 0.09270309]
499 0.0 90.9132080078 [ 0.09277569]
creating pickled numpy output
wrote pickled numpy output
Final validation loss
garray(90.96377563476562)
Final test loss
garray(90.14863586425781)
Final estimated test NLL
87.4864549457
Theano: Initializing cuBLAS
