(50000L, 784L)
compiled score function
Old best loss:
garray(90.50833892822266)
Compiled loss functions
0 garray(89.25055694580078) 90.5193405151 [ 0.08501143]
1 garray(89.30775451660156) 90.5259552002 [ 0.08500856]
2 garray(89.24070739746094) 90.4982376099 [ 0.08502773]
3 garray(89.3170394897461) 90.4135665894 [ 0.08501135]
4 garray(89.29610443115234) 90.5007171631 [ 0.08503031]
5 garray(89.25326538085938) 90.5299377441 [ 0.0850511]
6 garray(89.20697784423828) 90.4736404419 [ 0.08505896]
7 garray(89.26973724365234) 90.4838867188 [ 0.08506648]
8 garray(89.2363052368164) 90.4739379883 [ 0.08510504]
9 garray(89.22259521484375) 90.519821167 [ 0.08512233]
10 garray(89.25749969482422) 90.5011978149 [ 0.08509866]
11 garray(89.23656463623047) 90.4722976685 [ 0.08510218]
12 garray(89.28221893310547) 90.5611343384 [ 0.08515857]
13 garray(89.29792785644531) 90.549659729 [ 0.08516267]
14 garray(89.26776123046875) 90.537361145 [ 0.08515416]
15 garray(89.28733825683594) 90.5566253662 [ 0.08515897]
16 garray(89.31993865966797) 90.4824676514 [ 0.08521138]
17 garray(89.29475402832031) 90.5318756104 [ 0.08516676]
18 garray(89.29551696777344) 90.4551010132 [ 0.0851401]
19 garray(89.26263427734375) 90.4932403564 [ 0.08515086]
20 garray(89.27749633789062) 90.5087203979 [ 0.08519806]
21 garray(89.25275421142578) 90.5132141113 [ 0.08517019]
22 garray(89.26294708251953) 90.4889755249 [ 0.08519875]
23 garray(89.23535919189453) 90.5315170288 [ 0.08520044]
24 garray(89.1991958618164) 90.5448074341 [ 0.08520802]
25 garray(89.23285675048828) 90.5297012329 [ 0.08522892]
26 garray(89.29503631591797) 90.5063858032 [ 0.08524039]
27 garray(89.19021606445312) 90.4979782104 [ 0.08526812]
28 garray(89.33831024169922) 90.5125808716 [ 0.08527335]
29 garray(89.1588363647461) 90.4906005859 [ 0.08527211]
30 garray(89.28035736083984) 90.5748214722 [ 0.08527926]
31 garray(89.2184066772461) 90.4605178833 [ 0.08528276]
32 garray(89.2333984375) 90.5060043335 [ 0.08527786]
33 garray(89.3046646118164) 90.5316467285 [ 0.08530474]
34 garray(89.32115936279297) 90.4649047852 [ 0.08530197]
35 garray(89.19021606445312) 90.4750289917 [ 0.08534141]
36 garray(89.32691955566406) 90.5295410156 [ 0.08535857]
37 garray(89.26461791992188) 90.5176773071 [ 0.08536119]
38 garray(89.18767547607422) 90.4719314575 [ 0.08536152]
39 garray(89.2354965209961) 90.4872970581 [ 0.08535401]
40 garray(89.23043060302734) 90.4656600952 [ 0.08539418]
41 garray(89.23533630371094) 90.5153579712 [ 0.08539979]
42 garray(89.2845458984375) 90.4823379517 [ 0.08544362]
43 garray(89.24821472167969) 90.552520752 [ 0.08544624]
44 garray(89.23629760742188) 90.4476699829 [ 0.08545368]
45 garray(89.2507095336914) 90.5455245972 [ 0.0854592]
46 garray(89.29573059082031) 90.5453262329 [ 0.08543816]
47 garray(89.31721496582031) 90.4610595703 [ 0.08542384]
48 garray(89.18679809570312) 90.499710083 [ 0.08543084]
49 garray(89.29902648925781) 90.4515457153 [ 0.08544179]
50 garray(89.28958129882812) 90.4832687378 [ 0.08549688]
51 garray(89.26409912109375) 90.5092697144 [ 0.08545875]
52 garray(89.23685455322266) 90.5048141479 [ 0.08544903]
53 garray(89.17778015136719) 90.5068359375 [ 0.08546276]
54 garray(89.24544525146484) 90.4580078125 [ 0.08547598]
55 garray(89.28070068359375) 90.5304412842 [ 0.0855084]
56 garray(89.22259521484375) 90.4943847656 [ 0.08550316]
57 garray(89.25072479248047) 90.5513687134 [ 0.08552597]
58 garray(89.1458740234375) 90.4673690796 [ 0.08552388]
59 garray(89.28044128417969) 90.5253601074 [ 0.08552886]
60 garray(89.22271728515625) 90.5005950928 [ 0.0855019]
61 garray(89.1883544921875) 90.4980239868 [ 0.08550585]
62 garray(89.21797943115234) 90.5405807495 [ 0.08550465]
63 garray(89.18914031982422) 90.5274353027 [ 0.08553672]
64 garray(89.195556640625) 90.4970855713 [ 0.08555862]
65 garray(89.2511215209961) 90.4876098633 [ 0.08559731]
66 garray(89.23878479003906) 90.5394439697 [ 0.08559904]
67 garray(89.26075744628906) 90.5078353882 [ 0.08558461]
68 garray(89.35025024414062) 90.4583740234 [ 0.08563667]
69 garray(89.1841812133789) 90.4544906616 [ 0.08564142]
70 garray(89.22523498535156) 90.4580993652 [ 0.0856274]
71 garray(89.22857666015625) 90.4334793091 [ 0.08567352]
72 garray(89.1559066772461) 90.4548950195 [ 0.08565699]
73 garray(89.21741485595703) 90.4980545044 [ 0.08564137]
74 garray(89.24742889404297) 90.5296707153 [ 0.08567085]
75 garray(89.27943420410156) 90.4802093506 [ 0.08567705]
76 garray(89.23490142822266) 90.4592895508 [ 0.08572006]
77 garray(89.24258422851562) 90.450340271 [ 0.08571031]
78 garray(89.24047088623047) 90.5208358765 [ 0.0856998]
79 garray(89.23153686523438) 90.5473175049 [ 0.0857144]
80 garray(89.24154663085938) 90.4590377808 [ 0.08574661]
81 garray(89.27986907958984) 90.4660186768 [ 0.08575161]
82 garray(89.23773956298828) 90.5151290894 [ 0.08572453]
83 garray(89.23008728027344) 90.4411392212 [ 0.08574659]
84 garray(89.15660858154297) 90.4461975098 [ 0.08578735]
85 garray(89.2572250366211) 90.4793548584 [ 0.08576415]
86 garray(89.1874771118164) 90.4938964844 [ 0.08578394]
87 garray(89.27415466308594) 90.521987915 [ 0.08578862]
88 garray(89.19953155517578) 90.4767608643 [ 0.08579418]
89 garray(89.15194702148438) 90.5109558105 [ 0.08574048]
90 garray(89.19635009765625) 90.5424194336 [ 0.08575814]
91 garray(89.32953643798828) 90.430229187 [ 0.08578299]
92 garray(89.24974060058594) 90.505065918 [ 0.08578858]
93 garray(89.26229858398438) 90.4637145996 [ 0.08581662]
94 garray(89.2047348022461) 90.4748382568 [ 0.08580349]
95 garray(89.20281982421875) 90.5174942017 [ 0.08581012]
96 garray(89.2557601928711) 90.4608154297 [ 0.08583008]
97 garray(89.26649475097656) 90.4654541016 [ 0.08584582]
98 garray(89.27050018310547) 90.4891891479 [ 0.08581988]
99 garray(89.2619857788086) 90.457321167 [ 0.08583663]
100 garray(89.24269104003906) 90.4466171265 [ 0.08586676]
101 garray(89.11731719970703) 90.5148010254 [ 0.08587181]
102 garray(89.25293731689453) 90.4580993652 [ 0.0858512]
103 garray(89.24380493164062) 90.5113983154 [ 0.08584719]
104 garray(89.23403930664062) 90.4802780151 [ 0.0858499]
105 garray(89.24193572998047) 90.4523468018 [ 0.08585004]
106 garray(89.2310791015625) 90.3969039917 [ 0.0859153]
107 garray(89.28498840332031) 90.5216751099 [ 0.08587522]
108 garray(89.15912628173828) 90.4971008301 [ 0.08587928]
109 garray(89.22323608398438) 90.4765548706 [ 0.08591238]
110 garray(89.25304412841797) 90.4661178589 [ 0.08593748]
111 garray(89.2086181640625) 90.4765014648 [ 0.08596658]
112 garray(89.33654022216797) 90.4930114746 [ 0.08593388]
113 garray(89.20272827148438) 90.4196548462 [ 0.08594304]
114 garray(89.28939056396484) 90.4942550659 [ 0.08601251]
115 garray(89.24361419677734) 90.5113143921 [ 0.08600354]
116 garray(89.23031616210938) 90.5172805786 [ 0.08602532]
117 garray(89.14897155761719) 90.4664993286 [ 0.08602208]
118 garray(89.25601959228516) 90.489616394 [ 0.08604554]
119 garray(89.17813110351562) 90.5576858521 [ 0.08599303]
120 garray(89.1902084350586) 90.4991073608 [ 0.08603536]
121 garray(89.21842956542969) 90.4827957153 [ 0.08604834]
122 garray(89.22693634033203) 90.5347595215 [ 0.08603808]
123 garray(89.17623901367188) 90.4788360596 [ 0.08607839]
124 garray(89.25587463378906) 90.4526596069 [ 0.08606504]
125 garray(89.17322540283203) 90.404045105 [ 0.0861232]
126 garray(89.2451400756836) 90.4830780029 [ 0.08614854]
127 garray(89.19136047363281) 90.4576187134 [ 0.08613036]
128 garray(89.1646957397461) 90.4827346802 [ 0.08614562]
129 garray(89.21862030029297) 90.4712600708 [ 0.08611815]
130 garray(89.1800765991211) 90.4722290039 [ 0.08614101]
131 garray(89.25777435302734) 90.4210357666 [ 0.08615388]
132 garray(89.23321533203125) 90.4934768677 [ 0.08619356]
133 garray(89.18635559082031) 90.4628448486 [ 0.08616999]
134 garray(89.20323944091797) 90.450958252 [ 0.08616907]
135 garray(89.17691802978516) 90.4762573242 [ 0.08621409]
136 garray(89.20880126953125) 90.4933013916 [ 0.08618687]
137 garray(89.15621948242188) 90.4800567627 [ 0.08617591]
138 garray(89.25349426269531) 90.4750595093 [ 0.086223]
139 garray(89.27310943603516) 90.4946212769 [ 0.08621198]
140 garray(89.26661682128906) 90.4927062988 [ 0.08621706]
141 garray(89.19404602050781) 90.4893112183 [ 0.08619482]
142 garray(89.20146942138672) 90.4625091553 [ 0.08618897]
143 garray(89.17081451416016) 90.4225997925 [ 0.08621517]
144 garray(89.26557922363281) 90.4375991821 [ 0.08623987]
145 garray(89.25218963623047) 90.4415588379 [ 0.08623007]
146 garray(89.17378997802734) 90.3863754272 [ 0.086259]
147 garray(89.2393569946289) 90.5475158691 [ 0.08626567]
148 garray(89.28135681152344) 90.5090942383 [ 0.08627675]
149 garray(89.19588470458984) 90.4876480103 [ 0.08624519]
150 garray(89.1532211303711) 90.4689254761 [ 0.08629607]
151 garray(89.16860961914062) 90.4696044922 [ 0.08629241]
152 garray(89.28115844726562) 90.5234298706 [ 0.08631001]
153 garray(89.20736694335938) 90.4662704468 [ 0.08629013]
154 garray(89.22481536865234) 90.4460372925 [ 0.08633717]
155 garray(89.2527084350586) 90.5283813477 [ 0.08630958]
156 garray(89.15725708007812) 90.4906539917 [ 0.08633139]
157 garray(89.16455841064453) 90.4582366943 [ 0.08633548]
158 garray(89.1898193359375) 90.4575805664 [ 0.08634658]
159 garray(89.17456817626953) 90.4637145996 [ 0.08632726]
160 garray(89.14647674560547) 90.4451751709 [ 0.08634963]
161 garray(89.22708129882812) 90.5273971558 [ 0.08637822]
162 garray(89.2344741821289) 90.3961639404 [ 0.08638543]
163 garray(89.23664855957031) 90.4494400024 [ 0.08637804]
164 garray(89.3036880493164) 90.4204788208 [ 0.08642228]
165 garray(89.16072082519531) 90.4834976196 [ 0.08643976]
166 garray(89.2416000366211) 90.4331207275 [ 0.08640929]
167 garray(89.16169738769531) 90.3962249756 [ 0.08641883]
168 garray(89.1993179321289) 90.4879760742 [ 0.08645994]
169 garray(89.20472717285156) 90.442817688 [ 0.08645631]
170 garray(89.20833587646484) 90.4521789551 [ 0.08648277]
171 garray(89.13887786865234) 90.5186386108 [ 0.08647339]
172 garray(89.18930053710938) 90.4640045166 [ 0.08647044]
173 garray(89.3438949584961) 90.4287643433 [ 0.08646496]
174 garray(89.2059555053711) 90.4286956787 [ 0.08645729]
175 garray(89.23632049560547) 90.3550262451 [ 0.08649724]
176 garray(89.13250732421875) 90.4204559326 [ 0.08650952]
177 garray(89.15678405761719) 90.4535980225 [ 0.08655676]
178 garray(89.12677001953125) 90.4563140869 [ 0.08655741]
179 garray(89.2322998046875) 90.4097213745 [ 0.08651272]
180 garray(89.15139770507812) 90.4973983765 [ 0.08656912]
181 garray(89.17981719970703) 90.4490585327 [ 0.08654484]
182 garray(89.21846008300781) 90.4719543457 [ 0.08658071]
183 garray(89.16893768310547) 90.4500198364 [ 0.08656762]
184 garray(89.2603759765625) 90.4293746948 [ 0.08656237]
185 garray(89.17900085449219) 90.4881591797 [ 0.08657148]
186 garray(89.28199768066406) 90.48021698 [ 0.08659573]
187 garray(89.18335723876953) 90.4603347778 [ 0.0866276]
188 garray(89.16487884521484) 90.433380127 [ 0.08659315]
189 garray(89.23078918457031) 90.4118347168 [ 0.08661598]
190 garray(89.17119598388672) 90.4671707153 [ 0.08661331]
191 garray(89.07537841796875) 90.4224777222 [ 0.0865782]
192 garray(89.16188049316406) 90.4038848877 [ 0.08660903]
193 garray(89.22716522216797) 90.4377670288 [ 0.0866078]
194 garray(89.13935852050781) 90.4922180176 [ 0.08659817]
195 garray(89.21905517578125) 90.3967056274 [ 0.08662251]
196 garray(89.26094818115234) 90.4326400757 [ 0.08663726]
197 garray(89.18315887451172) 90.4161605835 [ 0.08663534]
198 garray(89.18106079101562) 90.3904800415 [ 0.08665097]
199 garray(89.12818908691406) 90.4518356323 [ 0.08665152]
creating pickled numpy output
wrote pickled numpy output
Final validation loss
garray(90.41867065429688)
Final test loss
garray(89.71575927734375)
Final estimated test NLL
87.4394842273
Theano: Initializing cuBLAS
